#title: Spectral profile - G013.6562-00.5997_SPW_3.image.pbcor.fits-raster
#region (world): Ellipse[[18:17:24.276, -17d22m13.351], [18:17:24.207, -17d22m12.35]]
#region (pixel): Ellipse[[194, 193], [203, 202]]
#coordinate: world
#xLabel: frequency [GHz]
#yLabel: [Kelvin] Mean

# G013.6562-00.5997_SPW_3.image.pbcor.fits-raster
2.261098937988e+02 -1.516973674297e-01
2.261087646484e+02 -1.384530663490e-01
2.261076354980e+02 -2.515509128571e-01
2.261065063477e+02 -4.275797605515e-01
2.261053771973e+02 -3.872466981411e-01
2.261042480469e+02 -3.550619184971e-01
2.261031188965e+02 -3.901430368423e-01
2.261019897461e+02 -5.118001699448e-01
2.261008605957e+02 -4.811390340328e-01
2.260997314453e+02 -4.987939298153e-01
2.260986022949e+02 -6.359578371048e-01
2.260974731445e+02 -7.556523084641e-01
2.260963439941e+02 -6.892563700676e-01
2.260952148438e+02 -6.305191516876e-01
2.260940856934e+02 -2.134527564049e-01
2.260929565430e+02 2.943364977837e-01
2.260918273926e+02 5.822068452835e-01
2.260906982422e+02 5.695815086365e-01
2.260895690918e+02 4.541849195957e-01
2.260884399414e+02 5.231733918190e-01
2.260873107910e+02 7.294438481331e-01
2.260861816406e+02 1.058345317841e+00
2.260850524902e+02 1.778929352760e+00
2.260839233398e+02 1.965783119202e+00
2.260827941895e+02 1.847361207008e+00
2.260816650391e+02 1.833226561546e+00
2.260805358887e+02 1.655698895454e+00
2.260794067383e+02 9.269691109657e-01
2.260782775879e+02 3.420527279377e-01
2.260771484375e+02 3.168832063675e-01
2.260760192871e+02 2.089452445507e-01
2.260748901367e+02 1.295249909163e-01
2.260737609863e+02 -1.810164153576e-01
2.260726318359e+02 -2.375548481941e-01
2.260715026855e+02 -3.355896174908e-01
2.260703887939e+02 -3.353403806686e-01
2.260692596436e+02 -3.305451571941e-01
2.260681304932e+02 -3.444078564644e-01
2.260670013428e+02 -2.858593463898e-01
2.260658721924e+02 -2.259442359209e-01
2.260647430420e+02 -4.042492061853e-02
2.260636138916e+02 2.063092142344e-01
2.260624847412e+02 8.257487416267e-01
2.260613555908e+02 1.174823403358e+00
2.260602264404e+02 1.647885322571e+00
2.260590972900e+02 2.336380481720e+00
2.260579681396e+02 2.959784507751e+00
2.260568389893e+02 3.383089542389e+00
2.260557098389e+02 2.664208173752e+00
2.260545806885e+02 2.102457761765e+00
2.260534515381e+02 1.753177165985e+00
2.260523223877e+02 1.585648179054e+00
2.260511932373e+02 4.606969058514e-01
2.260500640869e+02 -8.105959743261e-02
2.260489349365e+02 -3.464919924736e-01
2.260478057861e+02 -5.263199210167e-01
2.260466766357e+02 -6.274791359901e-01
2.260455474854e+02 -3.723689019680e-01
2.260444183350e+02 3.582985699177e-01
2.260432891846e+02 6.056622266769e-01
2.260421600342e+02 6.302983760834e-01
2.260410308838e+02 8.121677041054e-01
2.260399017334e+02 1.189132094383e+00
2.260387725830e+02 1.202319383621e+00
2.260376434326e+02 9.639375805855e-01
2.260365142822e+02 8.484252095222e-01
2.260353851318e+02 8.604961633682e-01
2.260342559814e+02 7.726199030876e-01
2.260331268311e+02 7.616643309593e-01
2.260319976807e+02 6.155882477760e-01
2.260308685303e+02 3.448719084263e-01
2.260297393799e+02 3.078216910362e-01
2.260286102295e+02 3.944315016270e-01
2.260274810791e+02 5.504977703094e-01
2.260263519287e+02 1.740381270647e-01
2.260252227783e+02 1.044281348586e-01
2.260240936279e+02 1.941391527653e-01
2.260229644775e+02 2.632732093334e-01
2.260218353271e+02 4.640473723412e-01
2.260207061768e+02 7.227873802185e-01
2.260195770264e+02 1.008750438690e+00
2.260184478760e+02 6.518272161484e-01
2.260173187256e+02 2.212905138731e-01
2.260161895752e+02 8.140217512846e-02
2.260150604248e+02 6.261982768774e-02
2.260139312744e+02 -2.405686229467e-01
2.260128021240e+02 -4.292252957821e-01
2.260116729736e+02 -2.624988555908e-01
2.260105438232e+02 2.832217514515e-01
2.260094146729e+02 3.712702095509e-01
2.260082855225e+02 5.368778705597e-01
2.260071563721e+02 6.500369906425e-01
2.260060272217e+02 3.497301042080e-01
2.260048980713e+02 -1.764691807330e-02
2.260037689209e+02 -1.972035467625e-01
2.260026397705e+02 -1.056651696563e-01
2.260015106201e+02 2.249367237091e-01
2.260003967285e+02 5.476346015930e-01
2.259992675781e+02 3.882880806923e-01
2.259981384277e+02 5.287283062935e-01
2.259970092773e+02 6.851738691330e-01
2.259958801270e+02 3.851234912872e-01
2.259947509766e+02 9.902326390147e-03
2.259936218262e+02 -2.161867022514e-01
2.259924926758e+02 -8.838642388582e-02
2.259913635254e+02 -6.841251999140e-02
2.259902343750e+02 -1.701272875071e-01
2.259891052246e+02 -2.730328142643e-01
2.259879760742e+02 -3.895210623741e-01
2.259868469238e+02 -2.793626785278e-01
2.259857177734e+02 -2.811802029610e-01
2.259845886230e+02 -6.241759657860e-01
2.259834594727e+02 -7.429131865501e-01
2.259823303223e+02 -4.167217612267e-01
2.259812011719e+02 -4.653011262417e-01
2.259800720215e+02 -6.548780798912e-01
2.259789428711e+02 -4.564800858498e-01
2.259778137207e+02 -2.893666625023e-01
2.259766845703e+02 -3.157383799553e-01
2.259755554199e+02 -4.626911878586e-01
2.259744262695e+02 -3.979649841785e-01
2.259732971191e+02 -3.681404143572e-02
2.259721679688e+02 5.881041884422e-01
2.259710388184e+02 5.324820876122e-01
2.259699096680e+02 5.559619069099e-01
2.259687805176e+02 4.571849405766e-01
2.259676513672e+02 3.072184324265e-01
2.259665222168e+02 -3.857196122408e-02
2.259653930664e+02 -4.042589366436e-01
2.259642639160e+02 -6.744837164879e-01
2.259631347656e+02 -5.075492262840e-01
2.259620056152e+02 -4.641062319279e-01
2.259608764648e+02 -3.194416463375e-01
2.259597473145e+02 -1.244748756289e-01
2.259586181641e+02 4.384178295732e-02
2.259574890137e+02 2.656609937549e-02
2.259563598633e+02 -1.107041686773e-01
2.259552307129e+02 -2.503988444805e-01
2.259541015625e+02 -4.623315930367e-01
2.259529724121e+02 -6.055723428726e-01
2.259518432617e+02 -7.439941167831e-01
2.259507141113e+02 -8.036202192307e-01
2.259495849609e+02 -7.422689795494e-01
2.259484558105e+02 -6.632316112518e-01
2.259473266602e+02 -7.264427542686e-01
2.259461975098e+02 -7.645186781883e-01
2.259450683594e+02 -7.873530387878e-01
2.259439392090e+02 -8.809302449226e-01
2.259428100586e+02 -1.092900514603e+00
2.259416809082e+02 -9.319331645966e-01
2.259405517578e+02 -8.636333346367e-01
2.259394226074e+02 -7.414693832397e-01
2.259382934570e+02 -5.921184420586e-01
2.259371643066e+02 -4.638715684414e-01
2.259360351562e+02 -2.922231256962e-01
2.259349060059e+02 -3.559353351593e-01
2.259337768555e+02 -5.076391100883e-01
2.259326477051e+02 -4.505491852760e-01
2.259315185547e+02 -3.718292713165e-01
2.259304046631e+02 -5.713778138161e-01
2.259292755127e+02 -5.685450434685e-01
2.259281463623e+02 -6.044110655785e-01
2.259270172119e+02 -5.904061198235e-01
2.259258880615e+02 -4.999733269215e-01
2.259247589111e+02 -5.710983276367e-01
2.259236297607e+02 -6.353468298912e-01
2.259225006104e+02 -5.708647966385e-01
2.259213714600e+02 -6.827958822250e-01
2.259202423096e+02 -7.965788245201e-01
2.259191131592e+02 -9.853542447090e-01
2.259179840088e+02 -9.046955704689e-01
2.259168548584e+02 -7.764452099800e-01
2.259157257080e+02 -8.717929124832e-01
2.259145965576e+02 -8.167176842690e-01
2.259134674072e+02 -8.177259564400e-01
2.259123382568e+02 -7.855118513107e-01
2.259112091064e+02 -8.602118492126e-01
2.259100799561e+02 -8.672503829002e-01
2.259089508057e+02 -8.848705291748e-01
2.259078216553e+02 -7.405079007149e-01
2.259066925049e+02 -7.824447751045e-01
2.259055633545e+02 -8.713217377663e-01
2.259044342041e+02 -7.416381239891e-01
2.259033050537e+02 -6.622824668884e-01
2.259021759033e+02 -7.984448224306e-02
2.259010467529e+02 4.787636995316e-01
2.258999176025e+02 6.391893625259e-01
2.258987884521e+02 4.337367713451e-01
2.258976593018e+02 4.813679754734e-01
2.258965301514e+02 5.910085439682e-01
2.258954010010e+02 1.889252424240e+00
2.258942718506e+02 3.165677070618e+00
2.258931427002e+02 3.255654573441e+00
2.258920135498e+02 3.272650003433e+00
2.258908843994e+02 2.551483631134e+00
2.258897552490e+02 1.800368785858e+00
2.258886260986e+02 4.611448049545e-01
2.258874969482e+02 7.163123786449e-02
2.258863677979e+02 -2.756531536579e-01
2.258852386475e+02 -3.347998261452e-01
2.258841094971e+02 -1.383404731750e-01
2.258829803467e+02 -2.134566307068e-01
2.258818511963e+02 6.880393624306e-02
2.258807220459e+02 8.967303037643e-01
2.258795928955e+02 1.508651137352e+00
2.258784637451e+02 1.405493617058e+00
2.258773345947e+02 1.201785564423e+00
2.258762054443e+02 1.172990322113e+00
2.258750762939e+02 7.670778632164e-01
2.258739471436e+02 -1.096300631762e-01
2.258728179932e+02 -3.117162585258e-01
2.258716888428e+02 -4.554132223129e-01
2.258705596924e+02 -3.065727055073e-01
2.258694305420e+02 -6.853165477514e-02
2.258683013916e+02 3.888171315193e-01
2.258671722412e+02 1.586875796318e+00
2.258660430908e+02 2.715686559677e+00
2.258649139404e+02 5.204545497894e+00
2.258637847900e+02 1.150130748749e+01
2.258626556396e+02 1.664235877991e+01
2.258615264893e+02 1.798308944702e+01
2.258603973389e+02 1.828946876526e+01
2.258592834473e+02 1.698913764954e+01
2.258581542969e+02 1.074467754364e+01
2.258570251465e+02 4.591381549835e+00
2.258558959961e+02 9.681546092033e-01
2.258547668457e+02 6.554534286261e-02
2.258536376953e+02 -2.015637308359e-01
2.258525085449e+02 -3.761361539364e-01
2.258513793945e+02 -4.350881278515e-01
2.258502502441e+02 -5.888549685478e-01
2.258491210938e+02 -7.332699894905e-01
2.258479919434e+02 -6.918479204178e-01
2.258468627930e+02 -6.704080700874e-01
2.258457336426e+02 -4.927264451981e-01
2.258446044922e+02 -2.558874785900e-01
2.258434753418e+02 -7.131078839302e-02
2.258423461914e+02 -1.474580466747e-01
2.258412170410e+02 -1.877633184195e-01
2.258400878906e+02 -2.058769911528e-01
2.258389587402e+02 -3.914440274239e-01
2.258378295898e+02 -6.757072210312e-01
2.258367004395e+02 -7.999013662338e-01
2.258355712891e+02 -7.455057501793e-01
2.258344421387e+02 -5.526261925697e-01
2.258333129883e+02 -3.554105460644e-01
2.258321838379e+02 -4.459061324596e-01
2.258310546875e+02 -4.361029863358e-01
2.258299255371e+02 -3.848986625671e-01
2.258287963867e+02 -4.218676984310e-01
2.258276672363e+02 -5.840267539024e-01
2.258265380859e+02 -5.830832719803e-01
2.258254089355e+02 -5.182595252991e-01
2.258242797852e+02 -4.071746170521e-01
2.258231506348e+02 -1.305969506502e-01
2.258220214844e+02 1.168129146099e-01
2.258208923340e+02 4.681252241135e-01
2.258197631836e+02 1.151209950447e+00
2.258186340332e+02 1.839802861214e+00
2.258175048828e+02 3.566741943359e+00
2.258163757324e+02 4.955253124237e+00
2.258152465820e+02 5.481720924377e+00
2.258141174316e+02 5.870087623596e+00
2.258129882812e+02 5.163904666901e+00
2.258118591309e+02 3.554389953613e+00
2.258107299805e+02 1.415458083153e+00
2.258096008301e+02 6.378307342529e-01
2.258084716797e+02 1.619806289673e-01
2.258073425293e+02 4.321436956525e-02
2.258062133789e+02 1.777038276196e-01
2.258050842285e+02 7.502453923225e-01
2.258039550781e+02 9.718836545944e-01
2.258028259277e+02 9.670523405075e-01
2.258016967773e+02 9.526838064194e-01
2.258005676270e+02 7.152479887009e-01
2.257994384766e+02 3.453468680382e-01
2.257983093262e+02 6.578639894724e-02
2.257971801758e+02 3.883028775454e-02
2.257960510254e+02 -2.984107434750e-01
2.257949218750e+02 -4.144104719162e-01
2.257937927246e+02 -3.015798926353e-01
2.257926635742e+02 -6.609287112951e-02
2.257915344238e+02 4.017414748669e-01
2.257904052734e+02 1.012317299843e+00
2.257892913818e+02 1.391677975655e+00
2.257881622314e+02 1.239064097404e+00
2.257870330811e+02 1.038635611534e+00
2.257859039307e+02 6.831355690956e-01
2.257847747803e+02 1.783636361361e-01
2.257836456299e+02 -3.929724693298e-01
2.257825164795e+02 -7.005308866501e-01
2.257813873291e+02 -5.820701122284e-01
2.257802581787e+02 -5.253622531891e-01
2.257791290283e+02 -6.896723061800e-02
2.257779998779e+02 3.398821949959e-01
2.257768707275e+02 4.804360568523e-01
2.257757415771e+02 6.613638997078e-01
2.257746124268e+02 6.437878012657e-01
2.257734832764e+02 5.118631720543e-01
2.257723541260e+02 2.131381034851e-01
2.257712249756e+02 2.717773914337e-01
2.257700958252e+02 1.049116015434e+00
2.257689666748e+02 1.809894680977e+00
2.257678375244e+02 1.718510150909e+00
2.257667083740e+02 1.818056941032e+00
2.257655792236e+02 2.088724374771e+00
2.257644500732e+02 2.037772655487e+00
2.257633209229e+02 1.806929707527e+00
2.257621917725e+02 1.982938647270e+00
2.257610626221e+02 1.542431831360e+00
2.257599334717e+02 1.414346218109e+00
2.257588043213e+02 1.302003026009e+00
2.257576751709e+02 6.098889708519e-01
2.257565460205e+02 -3.635997772217e-01
2.257554168701e+02 -6.167136430740e-01
2.257542877197e+02 -6.780866980553e-01
2.257531585693e+02 -4.578392803669e-01
2.257520294189e+02 -5.783511400223e-01
2.257509002686e+02 -1.928099244833e-01
2.257497711182e+02 2.567316889763e-01
2.257486419678e+02 9.948475360870e-01
2.257475128174e+02 1.418179631233e+00
2.257463836670e+02 1.383543372154e+00
2.257452545166e+02 1.241123795509e+00
2.257441253662e+02 1.022303700447e+00
2.257429962158e+02 4.325586855412e-01
2.257418670654e+02 -6.422650814056e-02
2.257407379150e+02 3.549048677087e-02
2.257396087646e+02 -8.171898126602e-02
2.257384796143e+02 -3.508739918470e-02
2.257373504639e+02 -4.864713549614e-02
2.257362213135e+02 -5.499439314008e-02
2.257350921631e+02 8.932392299175e-02
2.257339630127e+02 4.458338916302e-01
2.257328338623e+02 4.985785484314e-01
2.257317047119e+02 3.424560129642e-01
2.257305755615e+02 2.930444777012e-01
2.257294464111e+02 9.922358393669e-02
2.257283172607e+02 -2.560175359249e-01
2.257271881104e+02 -4.524940848351e-01
2.257260589600e+02 -4.681177735329e-01
2.257249298096e+02 -4.301401376724e-01
2.257238006592e+02 3.158215582371e-01
2.257226715088e+02 1.267397999763e+00
2.257215423584e+02 1.752028822899e+00
2.257204132080e+02 1.747750997543e+00
2.257192840576e+02 1.505195140839e+00
2.257181701660e+02 1.336453199387e+00
2.257170410156e+02 7.586978673935e-01
2.257159118652e+02 1.729345321655e-01
2.257147827148e+02 -2.013771533966e-01
2.257136535645e+02 -6.043920293450e-02
2.257125244141e+02 2.407125234604e-01
2.257113952637e+02 2.133414030075e+00
2.257102661133e+02 3.501269578934e+00
2.257091369629e+02 3.454321861267e+00
2.257080078125e+02 3.473312854767e+00
2.257068786621e+02 3.402239322662e+00
2.257057495117e+02 2.026719093323e+00
2.257046203613e+02 6.844860315323e-01
2.257034912109e+02 1.255515813828e-01
2.257023620605e+02 -2.932622469962e-02
2.257012329102e+02 -2.109434455633e-01
2.257001037598e+02 -2.790921032429e-01
2.256989746094e+02 -3.714293241501e-01
2.256978454590e+02 -2.082960605621e-01
2.256967163086e+02 -1.053192391992e-01
2.256955871582e+02 -3.732257708907e-02
2.256944580078e+02 4.901050031185e-01
2.256933288574e+02 1.990524649620e+00
2.256921997070e+02 2.386871099472e+00
2.256910705566e+02 3.802336931229e+00
2.256899414062e+02 4.547376632690e+00
2.256888122559e+02 4.319241046906e+00
2.256876831055e+02 3.348094463348e+00
2.256865539551e+02 2.523014307022e+00
2.256854248047e+02 1.421167254448e+00
2.256842956543e+02 5.906522870064e-01
2.256831665039e+02 1.443193674088e+00
2.256820373535e+02 2.591151475906e+00
2.256809082031e+02 3.074413061142e+00
2.256797790527e+02 3.291318655014e+00
2.256786499023e+02 3.251361608505e+00
2.256775207520e+02 2.474489688873e+00
2.256763916016e+02 1.224878191948e+00
2.256752624512e+02 1.291332483292e+00
2.256741333008e+02 1.415766239166e+00
2.256730041504e+02 1.598284244537e+00
2.256718750000e+02 2.636447668076e+00
2.256707458496e+02 2.445596218109e+00
2.256696166992e+02 4.060199260712e+00
2.256684875488e+02 6.255764961243e+00
2.256673583984e+02 9.096159934998e+00
2.256662292480e+02 1.093661308289e+01
2.256651000977e+02 1.416759777069e+01
2.256639709473e+02 1.855914878845e+01
2.256628417969e+02 9.055883407593e+00
2.256617126465e+02 6.374701976776e+00
2.256605834961e+02 3.323190307617e+01
2.256594543457e+02 4.228605270386e+01
2.256583251953e+02 2.971734809875e+01
2.256571960449e+02 1.965552711487e+01
2.256560668945e+02 1.259981536865e+01
2.256549377441e+02 9.372103691101e+00
2.256538085938e+02 7.673006534576e+00
2.256526794434e+02 7.567914962769e+00
2.256515502930e+02 7.338984012604e+00
2.256504211426e+02 5.816227912903e+00
2.256492919922e+02 4.271314620972e+00
2.256481781006e+02 3.805730581284e+00
2.256470489502e+02 3.528309583664e+00
2.256459197998e+02 3.419361829758e+00
2.256447906494e+02 3.435973644257e+00
2.256436614990e+02 3.183385372162e+00
2.256425323486e+02 3.680043697357e+00
2.256414031982e+02 3.954041719437e+00
2.256402740479e+02 2.888236761093e+00
2.256391448975e+02 2.067632675171e+00
2.256380157471e+02 2.562994003296e+00
2.256368865967e+02 3.149245023727e+00
2.256357574463e+02 3.201377391815e+00
2.256346282959e+02 4.129071235657e+00
2.256334991455e+02 3.986485242844e+00
2.256323699951e+02 2.969702959061e+00
2.256312408447e+02 1.917739868164e+00
2.256301116943e+02 1.452434539795e+00
2.256289825439e+02 8.145489096642e-01
2.256278533936e+02 1.205688595772e+00
2.256267242432e+02 2.180161714554e+00
2.256255950928e+02 2.715576648712e+00
2.256244659424e+02 2.717621564865e+00
2.256233367920e+02 2.837060689926e+00
2.256222076416e+02 2.522722244263e+00
2.256210784912e+02 1.364392042160e+00
2.256199493408e+02 1.261229962111e-01
2.256188201904e+02 -4.137250483036e-01
2.256176910400e+02 -4.593703448772e-01
2.256165618896e+02 5.128234997392e-02
2.256154327393e+02 9.325604438782e-01
2.256143035889e+02 1.346797227859e+00
2.256131744385e+02 1.478514432907e+00
2.256120452881e+02 1.348392248154e+00
2.256109161377e+02 1.279362082481e+00
2.256097869873e+02 6.966000199318e-01
2.256086578369e+02 -1.641029566526e-01
2.256075286865e+02 -5.550875663757e-01
2.256063995361e+02 -5.652210712433e-01
2.256052703857e+02 -6.454148292542e-01
2.256041412354e+02 -5.298625826836e-01
2.256030120850e+02 -6.119319200516e-01
2.256018829346e+02 -9.134343266487e-01
2.256007537842e+02 -8.068917393684e-01
2.255996246338e+02 -7.184886932373e-01
2.255984954834e+02 -7.789409160614e-01
2.255973663330e+02 -7.846505641937e-01
2.255962371826e+02 -6.284743547440e-01
2.255951080322e+02 -6.191809177399e-01
2.255939788818e+02 -6.246839761734e-01
2.255928497314e+02 -8.666123449802e-02
2.255917205811e+02 1.071313381195e+00
2.255905914307e+02 1.592225313187e+00
2.255894622803e+02 1.454287528992e+00
2.255883331299e+02 1.457884430885e+00
2.255872039795e+02 2.109884738922e+00
2.255860748291e+02 3.575180768967e+00
2.255849456787e+02 6.070957183838e+00
2.255838165283e+02 7.197807312012e+00
2.255826873779e+02 7.527931690216e+00
2.255815582275e+02 6.163498401642e+00
2.255804290771e+02 4.686169147491e+00
2.255792999268e+02 1.524899005890e+00
2.255781707764e+02 -2.280471771955e-01
2.255770568848e+02 7.540250569582e-02
2.255759277344e+02 2.878195524216e+00
2.255747985840e+02 5.575819969177e+00
2.255736694336e+02 6.595163822174e+00
2.255725402832e+02 6.758233070374e+00
2.255714111328e+02 5.271217823029e+00
2.255702819824e+02 4.009616851807e+00
2.255691528320e+02 1.814975023270e+00
2.255680236816e+02 1.311388611794e+00
2.255668945312e+02 3.166444540024e+00
2.255657653809e+02 8.430922508240e+00
2.255646362305e+02 1.513710689545e+01
2.255635070801e+02 1.998407363892e+01
2.255623779297e+02 1.881212615967e+01
2.255612487793e+02 1.202374172211e+01
2.255601196289e+02 6.527519702911e+00
2.255589904785e+02 2.201027870178e+00
2.255578613281e+02 1.436195373535e-01
2.255567321777e+02 -4.877280816436e-02
2.255556030273e+02 -1.170977279544e-01
2.255544738770e+02 -9.782403707504e-03
2.255533447266e+02 3.993565440178e-01
2.255522155762e+02 1.079408884048e+00
2.255510864258e+02 1.511122465134e+00
2.255499572754e+02 2.337251663208e+00
2.255488281250e+02 2.848768711090e+00
2.255476989746e+02 2.791979551315e+00
2.255465698242e+02 2.150712728500e+00
2.255454406738e+02 1.672641277313e+00
2.255443115234e+02 7.552358508110e-01
2.255431823730e+02 -1.016037818044e-02
2.255420532227e+02 -3.341056108475e-01
2.255409240723e+02 -3.357628583908e-01
2.255397949219e+02 -1.210697274655e-02
2.255386657715e+02 1.270671486855e+00
2.255375366211e+02 2.965295791626e+00
2.255364074707e+02 3.624614953995e+00
2.255352783203e+02 3.473855972290e+00
2.255341491699e+02 4.814561367035e+00
2.255330200195e+02 5.173482894897e+00
2.255318908691e+02 3.446822643280e+00
2.255307617188e+02 2.406117439270e+00
2.255296325684e+02 1.972164869308e+00
2.255285034180e+02 1.029821991920e+00
2.255273742676e+02 1.154439568520e+00
2.255262451172e+02 1.615308761597e+00
2.255251159668e+02 1.713286638260e+00
2.255239868164e+02 2.361492156982e+00
2.255228576660e+02 3.099893808365e+00
2.255217285156e+02 4.355127811432e+00
2.255205993652e+02 4.301369667053e+00
2.255194702148e+02 4.163091659546e+00
2.255183410645e+02 4.997056961060e+00
2.255172119141e+02 5.347212791443e+00
2.255160827637e+02 4.007010459900e+00
2.255149536133e+02 2.268237829208e+00
2.255138244629e+02 7.928118705750e-01
2.255126953125e+02 1.129578113556e+00
2.255115661621e+02 1.656051397324e+00
2.255104370117e+02 1.809595584869e+00
2.255093078613e+02 1.767040371895e+00
2.255081787109e+02 1.904373288155e+00
2.255070648193e+02 1.578917860985e+00
2.255059356689e+02 7.235756516457e-01
2.255048065186e+02 3.480005264282e-01
2.255036773682e+02 5.154486298561e-01
2.255025482178e+02 4.966880083084e-01
2.255014190674e+02 4.818929433823e-01
2.255002899170e+02 7.729516625404e-01
2.254991607666e+02 6.845467686653e-01
2.254980316162e+02 2.654467225075e-01
2.254969024658e+02 1.060211956501e-01
2.254957733154e+02 1.816421560943e-02
2.254946441650e+02 1.039208397269e-01
2.254935150146e+02 -1.436238139868e-01
2.254923858643e+02 -1.991655677557e-01
2.254912567139e+02 -3.598854243755e-01
2.254901275635e+02 -4.507368505001e-01
2.254889984131e+02 -4.502042233944e-01
2.254878692627e+02 -3.998047113419e-01
2.254867401123e+02 -4.526723921299e-01
2.254856109619e+02 -6.615010499954e-01
2.254844818115e+02 -5.315504074097e-01
2.254833526611e+02 -3.251156806946e-01
2.254822235107e+02 4.780226573348e-02
2.254810943604e+02 9.104627370834e-01
2.254799652100e+02 1.668420314789e+00
2.254788360596e+02 2.224101305008e+00
2.254777069092e+02 2.390452861786e+00
2.254765777588e+02 2.663704872131e+00
2.254754486084e+02 2.481703996658e+00
2.254743194580e+02 1.653400659561e+00
2.254731903076e+02 6.332768797874e-01
2.254720611572e+02 3.300254344940e-01
2.254709320068e+02 8.749275207520e-01
2.254698028564e+02 9.410215020180e-01
2.254686737061e+02 9.075166583061e-01
2.254675445557e+02 1.302720904350e+00
2.254664154053e+02 1.777737379074e+00
2.254652862549e+02 9.620914459229e-01
2.254641571045e+02 3.067679107189e-01
2.254630279541e+02 1.715481728315e-01
2.254618988037e+02 -7.152785360813e-02
2.254607696533e+02 -4.119867384434e-01
2.254596405029e+02 -3.686777353287e-01
2.254585113525e+02 6.179154291749e-02
2.254573822021e+02 2.572259902954e-01
2.254562530518e+02 9.769865125418e-02
2.254551239014e+02 1.224400699139e-01
2.254539947510e+02 2.256567031145e-01
2.254528656006e+02 8.567127585411e-02
2.254517364502e+02 -1.886153519154e-01
2.254506072998e+02 -3.688573539257e-01
2.254494781494e+02 -6.809482723475e-02
2.254483489990e+02 1.773681640625e-01
2.254472198486e+02 9.307389706373e-02
2.254460906982e+02 -7.145392149687e-02
2.254449615479e+02 -4.586292430758e-02
2.254438323975e+02 -2.879357933998e-01
2.254427032471e+02 -1.076634749770e-01
2.254415740967e+02 1.291245687753e-02
2.254404449463e+02 -1.810550242662e-01
2.254393157959e+02 -3.847366273403e-01
2.254381866455e+02 -2.859174311161e-01
2.254370727539e+02 -1.777412146330e-01
2.254359436035e+02 4.085794091225e-02
2.254348144531e+02 5.891599878669e-02
2.254336853027e+02 1.413610279560e-01
2.254325561523e+02 1.499193720520e-02
2.254314270020e+02 -1.469649076462e-01
2.254302978516e+02 -2.041000872850e-01
2.254291687012e+02 -5.371285676956e-01
2.254280395508e+02 -6.457385420799e-01
2.254269104004e+02 -6.136536598206e-01
2.254257812500e+02 -5.736516118050e-01
2.254246520996e+02 -2.492797225714e-01
2.254235229492e+02 7.595591545105e-01
2.254223937988e+02 1.189087986946e+00
2.254212646484e+02 1.123478889465e+00
2.254201354980e+02 1.038366198540e+00
2.254190063477e+02 1.053148984909e+00
2.254178771973e+02 7.106095552444e-01
2.254167480469e+02 3.703021109104e-01
2.254156188965e+02 1.189305663109e+00
2.254144897461e+02 1.689980626106e+00
2.254133605957e+02 1.730273246765e+00
2.254122314453e+02 1.523894667625e+00
2.254111022949e+02 1.275681614876e+00
2.254099731445e+02 1.470904827118e+00
2.254088439941e+02 1.745244503021e+00
2.254077148438e+02 2.420302391052e+00
2.254065856934e+02 2.952248334885e+00
2.254054565430e+02 3.877432584763e+00
2.254043273926e+02 4.063879489899e+00
2.254031982422e+02 4.883886814117e+00
2.254020690918e+02 4.344267368317e+00
2.254009399414e+02 3.890218257904e+00
2.253998107910e+02 2.757515192032e+00
2.253986816406e+02 1.918913602829e+00
2.253975524902e+02 7.910006642342e-01
2.253964233398e+02 -2.892171144485e-01
2.253952941895e+02 -5.681409835815e-01
2.253941650391e+02 -6.621266603470e-01
2.253930358887e+02 -8.378941416740e-01
2.253919067383e+02 -8.624444603920e-01
2.253907775879e+02 -7.815461754799e-01
2.253896484375e+02 -8.319224119186e-01
2.253885192871e+02 -7.666958570480e-01
2.253873901367e+02 -9.220742583275e-01
2.253862609863e+02 -9.268972873688e-01
2.253851318359e+02 -7.175181508064e-01
2.253840026855e+02 -5.644075870514e-01
2.253828735352e+02 -2.492552846670e-01
2.253817443848e+02 3.732861280441e-01
2.253806152344e+02 4.128354072571e+00
2.253794860840e+02 6.884922027588e+00
2.253783569336e+02 8.229092597961e+00
2.253772277832e+02 9.249309539795e+00
2.253760986328e+02 7.214550495148e+00
2.253749694824e+02 2.998974561691e+00
2.253738403320e+02 4.135049879551e-01
2.253727111816e+02 3.747962117195e-01
2.253715820312e+02 1.114122748375e+00
2.253704528809e+02 2.834556102753e+00
2.253693237305e+02 2.822549343109e+00
2.253681945801e+02 3.301416873932e+00
2.253670654297e+02 4.270453929901e+00
2.253659515381e+02 4.772839546204e+00
2.253648223877e+02 3.552815914154e+00
2.253636932373e+02 2.217083454132e+00
2.253625640869e+02 1.798369050026e+00
2.253614349365e+02 1.378624320030e+00
2.253603057861e+02 4.333755075932e-01
2.253591766357e+02 -3.170211613178e-01
2.253580474854e+02 -4.056511819363e-01
2.253569183350e+02 -5.045167207718e-01
2.253557891846e+02 -5.152239799500e-01
2.253546600342e+02 -6.667881011963e-01
2.253535308838e+02 -6.128987073898e-01
2.253524017334e+02 -6.208473443985e-01
2.253512725830e+02 -5.849928259850e-01
2.253501434326e+02 -6.860144138336e-01
2.253490142822e+02 -7.405717372894e-01
2.253478851318e+02 -7.772839665413e-01
2.253467559814e+02 -6.058976054192e-01
2.253456268311e+02 -5.062880516052e-01
2.253444976807e+02 -4.842057228088e-01
2.253433685303e+02 -5.844541192055e-01
2.253422393799e+02 -5.394573211670e-01
2.253411102295e+02 -3.051764369011e-01
2.253399810791e+02 2.780867815018e-01
2.253388519287e+02 1.119112133980e+00
2.253377227783e+02 1.533447027206e+00
2.253365936279e+02 1.580899477005e+00
2.253354644775e+02 1.480800151825e+00
2.253343353271e+02 1.127416372299e+00
2.253332061768e+02 4.755413532257e-01
2.253320770264e+02 -2.187345325947e-01
2.253309478760e+02 -4.841863811016e-01
2.253298187256e+02 -5.799714326859e-01
2.253286895752e+02 -6.292362213135e-01
2.253275604248e+02 -5.947789549828e-01
2.253264312744e+02 -4.128437042236e-01
2.253253021240e+02 -2.682598233223e-01
2.253241729736e+02 -1.288861185312e-01
2.253230438232e+02 5.109775811434e-03
2.253219146729e+02 -1.003845334053e-01
2.253207855225e+02 -1.982959546149e-02
2.253196563721e+02 -4.684257805347e-01
2.253185272217e+02 -7.237113118172e-01
2.253173980713e+02 -5.966703891754e-01
2.253162689209e+02 -6.091532707214e-01
2.253151397705e+02 -6.243052482605e-01
2.253140106201e+02 -7.195985317230e-01
2.253128814697e+02 -7.040511965752e-01
2.253117523193e+02 -7.252668142319e-01
2.253106231689e+02 -5.465834736824e-01
2.253094940186e+02 -6.272907853127e-01
2.253083648682e+02 -7.161486148834e-01
2.253072357178e+02 -5.574628710747e-01
2.253061065674e+02 -3.462850153446e-01
2.253049774170e+02 -4.053508937359e-01
2.253038482666e+02 -2.994276285172e-01
2.253027191162e+02 -3.745574653149e-01
2.253015899658e+02 -5.141903758049e-01
2.253004608154e+02 -4.614674150944e-01
2.252993316650e+02 -5.432307124138e-01
2.252982025146e+02 -6.993806362152e-01
2.252970733643e+02 -9.451444149017e-01
2.252959594727e+02 -9.702745676041e-01
2.252948303223e+02 -8.498080968857e-01
2.252937011719e+02 -7.033206224442e-01
2.252925720215e+02 -6.842958927155e-01
2.252914428711e+02 -5.209233760834e-01
2.252903137207e+02 -4.123484492302e-01
2.252891845703e+02 -4.769451916218e-01
2.252880554199e+02 -4.601452350616e-01
2.252869262695e+02 -4.305600225925e-01
2.252857971191e+02 -1.932449042797e-01
2.252846679688e+02 5.362397432327e-01
2.252835388184e+02 1.161688685417e+00
2.252824096680e+02 1.813990116119e+00
2.252812805176e+02 2.722628355026e+00
2.252801513672e+02 3.272538423538e+00
2.252790222168e+02 2.736801385880e+00
2.252778930664e+02 1.996156811714e+00
2.252767639160e+02 1.724724292755e+00
2.252756347656e+02 1.320745587349e+00
2.252745056152e+02 8.373603224754e-01
2.252733764648e+02 7.116336226463e-01
2.252722473145e+02 7.449393272400e-01
2.252711181641e+02 7.657457590103e-01
2.252699890137e+02 8.555042743683e-01
2.252688598633e+02 6.831434965134e-01
2.252677307129e+02 6.122755408287e-01
2.252666015625e+02 1.328785181046e+00
2.252654724121e+02 1.966792583466e+00
2.252643432617e+02 2.489310264587e+00
2.252632141113e+02 3.065038204193e+00
2.252620849609e+02 2.865014314651e+00
2.252609558105e+02 2.005128383636e+00
2.252598266602e+02 1.711423993111e+00
2.252586975098e+02 5.491617918015e-01
2.252575683594e+02 2.351602613926e-01
2.252564392090e+02 -1.489440053701e-01
2.252553100586e+02 -2.427473962307e-01
2.252541809082e+02 -3.018374443054e-01
2.252530517578e+02 -3.030452728271e-01
2.252519226074e+02 -3.116310536861e-01
2.252507934570e+02 4.590617609210e-04
2.252496643066e+02 5.906565785408e-01
2.252485351562e+02 9.681507945061e-01
2.252474060059e+02 1.109672546387e+00
2.252462768555e+02 1.634519696236e+00
2.252451477051e+02 2.380716800690e+00
2.252440185547e+02 2.428252935410e+00
2.252428894043e+02 1.626182913780e+00
2.252417602539e+02 1.570983886719e+00
2.252406311035e+02 1.311236500740e+00
2.252395019531e+02 7.595911026001e-01
2.252383728027e+02 -4.336266964674e-02
2.252372436523e+02 -3.894112110138e-01
2.252361145020e+02 -2.835994064808e-01
2.252349853516e+02 1.836466789246e-01
2.252338562012e+02 9.834228157997e-01
2.252327270508e+02 1.678861618042e+00
2.252315979004e+02 1.797752976418e+00
2.252304687500e+02 1.715434908867e+00
2.252293395996e+02 1.486345171928e+00
2.252282104492e+02 1.093205690384e+00
2.252270812988e+02 4.491116106510e-01
2.252259521484e+02 -1.615850633243e-04
2.252248382568e+02 -1.934211850166e-01
2.252237091064e+02 -3.180715441704e-01
2.252225799561e+02 -2.159138023853e-01
2.252214508057e+02 -3.383211046457e-02
2.252203216553e+02 -2.095867320895e-02
2.252191925049e+02 -2.001580893993e-01
2.252180633545e+02 -3.018433786929e-02
2.252169342041e+02 1.478512287140e-01
2.252158050537e+02 1.115201830864e+00
2.252146759033e+02 2.035267353058e+00
2.252135467529e+02 2.249449729919e+00
2.252124176025e+02 2.677762269974e+00
2.252112884521e+02 3.159229993820e+00
2.252101593018e+02 2.657454490662e+00
2.252090301514e+02 1.478998422623e+00
2.252079010010e+02 7.453890442848e-01
2.252067718506e+02 9.225324988365e-01
2.252056427002e+02 1.264980673790e+00
2.252045135498e+02 3.074450016022e+00
2.252033843994e+02 6.722602367401e+00
2.252022552490e+02 1.115356922150e+01
2.252011260986e+02 1.439583492279e+01
2.251999969482e+02 1.473921298981e+01
2.251988677979e+02 1.319298362732e+01
2.251977386475e+02 8.560293197632e+00
2.251966094971e+02 4.056983947754e+00
2.251954803467e+02 2.377646207809e+00
2.251943511963e+02 1.951163172722e+00
2.251932220459e+02 2.348210334778e+00
2.251920928955e+02 2.599183559418e+00
2.251909637451e+02 2.086524486542e+00
2.251898345947e+02 1.385995626450e+00
2.251887054443e+02 5.476576685905e-01
2.251875762939e+02 1.264719218016e-01
2.251864471436e+02 -2.828719019890e-01
2.251853179932e+02 -2.226096540689e-01
2.251841888428e+02 3.358167782426e-02
2.251830596924e+02 5.105978846550e-01
2.251819305420e+02 7.377294301987e-01
2.251808013916e+02 6.823498010635e-01
2.251796722412e+02 5.838332176208e-01
2.251785430908e+02 7.018071413040e-01
2.251774139404e+02 1.007134199142e+00
2.251762847900e+02 1.411417245865e+00
2.251751556396e+02 1.459168434143e+00
2.251740264893e+02 1.299090147018e+00
2.251728973389e+02 2.115693092346e+00
2.251717681885e+02 3.235662937164e+00
2.251706390381e+02 4.135319232941e+00
2.251695098877e+02 5.087775707245e+00
2.251683807373e+02 5.449262619019e+00
2.251672515869e+02 4.906209945679e+00
2.251661224365e+02 3.594619750977e+00
2.251649932861e+02 2.267424583435e+00
2.251638641357e+02 5.348215699196e-01
2.251627349854e+02 -5.395871400833e-01
2.251616058350e+02 -8.279832601547e-01
2.251604766846e+02 -7.786902189255e-01
2.251593475342e+02 -7.739351987839e-01
2.251582183838e+02 -8.400464057922e-01
2.251570892334e+02 -8.310763239861e-01
2.251559600830e+02 -9.543212056160e-01
2.251548461914e+02 -8.116502165794e-01
2.251537170410e+02 -7.742526531219e-01
2.251525878906e+02 -6.376857161522e-01
2.251514587402e+02 -4.794609844685e-01
2.251503295898e+02 -3.237563967705e-01
2.251492004395e+02 -2.560363411903e-01
2.251480712891e+02 -3.912127017975e-01
2.251469421387e+02 -5.328235626221e-01
2.251458129883e+02 -4.356499612331e-01
2.251446838379e+02 -2.485855817795e-01
2.251435546875e+02 -8.162355422974e-02
2.251424255371e+02 -2.209436595440e-01
2.251412963867e+02 -3.405486047268e-01
2.251401672363e+02 -8.837634325027e-02
2.251390380859e+02 -3.409963101149e-02
2.251379089355e+02 5.135446190834e-01
2.251367797852e+02 1.471194148064e+00
2.251356506348e+02 1.790443301201e+00
2.251345214844e+02 1.790376067162e+00
2.251333923340e+02 1.957506537437e+00
2.251322631836e+02 1.750419259071e+00
2.251311340332e+02 7.248218059540e-01
2.251300048828e+02 1.747310757637e-01
2.251288757324e+02 1.902383416891e-01
2.251277465820e+02 3.968629539013e-01
2.251266174316e+02 1.462743520737e+00
2.251254882812e+02 2.000387191772e+00
2.251243591309e+02 2.345213890076e+00
2.251232299805e+02 2.983951330185e+00
2.251221008301e+02 4.483903408051e+00
2.251209716797e+02 5.806276321411e+00
2.251198425293e+02 6.595215797424e+00
2.251187133789e+02 6.841570854187e+00
2.251175842285e+02 6.570653915405e+00
2.251164550781e+02 6.203559875488e+00
2.251153259277e+02 4.344732761383e+00
2.251141967773e+02 2.621443510056e+00
2.251130676270e+02 1.757844567299e+00
2.251119384766e+02 1.115186333656e+00
2.251108093262e+02 7.216988801956e-01
2.251096801758e+02 4.735413491726e-01
2.251085510254e+02 3.815182149410e-01
2.251074218750e+02 1.639484316111e-01
2.251062927246e+02 4.643664881587e-02
2.251051635742e+02 1.238749697804e-01
2.251040344238e+02 8.641649484634e-01
2.251029052734e+02 1.948648095131e+00
2.251017761230e+02 2.450965166092e+00
2.251006469727e+02 2.471845388412e+00
2.250995178223e+02 2.439436197281e+00
2.250983886719e+02 2.304768800735e+00
2.250972595215e+02 2.196197509766e+00
2.250961303711e+02 1.667898774147e+00
2.250950012207e+02 1.317012906075e+00
2.250938720703e+02 1.110197067261e+00
2.250927429199e+02 9.572500586510e-01
2.250916137695e+02 4.561378359795e-01
2.250904846191e+02 -5.246888995171e-01
2.250893554688e+02 -8.154321908951e-01
2.250882263184e+02 -6.922580003738e-01
2.250870971680e+02 -1.214050129056e-01
2.250859680176e+02 3.996952176094e-01
2.250848388672e+02 4.304200410843e-01
2.250837249756e+02 3.168431818485e-01
2.250825958252e+02 5.527301430702e-01
2.250814666748e+02 8.105680346489e-01
2.250803375244e+02 3.302381038666e-01
2.250792083740e+02 2.168166190386e-01
2.250780792236e+02 9.401391744614e-01
2.250769500732e+02 2.148121118546e+00
2.250758209229e+02 3.022728681564e+00
2.250746917725e+02 3.252151489258e+00
2.250735626221e+02 3.268311977386e+00
2.250724334717e+02 3.300331354141e+00
2.250713043213e+02 2.848574876785e+00
2.250701751709e+02 1.900651693344e+00
2.250690460205e+02 1.808260321617e+00
2.250679168701e+02 2.603981494904e+00
2.250667877197e+02 2.803082466125e+00
2.250656585693e+02 1.947549104691e+00
2.250645294189e+02 1.586755275726e+00
2.250634002686e+02 1.151768565178e+00
2.250622711182e+02 6.086819246411e-02
2.250611419678e+02 -3.167792260647e-01
2.250600128174e+02 -2.994229197502e-01
2.250588836670e+02 1.769683510065e-01
2.250577545166e+02 7.371592521667e-01
2.250566253662e+02 9.604764580727e-01
2.250554962158e+02 1.259392619133e+00
2.250543670654e+02 1.923433661461e+00
2.250532379150e+02 2.408353328705e+00
2.250521087646e+02 1.846893072128e+00
2.250509796143e+02 1.645753741264e+00
2.250498504639e+02 1.740308403969e+00
2.250487213135e+02 2.073390483856e+00
2.250475921631e+02 1.924497246742e+00
2.250464630127e+02 9.737105965614e-01
2.250453338623e+02 2.720315456390e-01
2.250442047119e+02 -3.972180187702e-02
2.250430755615e+02 -8.313339203596e-02
2.250419464111e+02 -1.323768943548e-01
2.250408172607e+02 -7.928683608770e-02
2.250396881104e+02 -1.131895855069e-01
2.250385589600e+02 5.365757271647e-02
2.250374298096e+02 3.767286986113e-02
2.250363006592e+02 -1.349857896566e-01
2.250351715088e+02 -1.205787286162e-01
2.250340423584e+02 -2.311760932207e-01
2.250329132080e+02 -2.747537791729e-01
2.250317840576e+02 5.686381086707e-02
2.250306549072e+02 3.398837745190e-01
2.250295257568e+02 4.173564314842e-01
2.250283966064e+02 4.433952867985e-01
2.250272674561e+02 6.141368746758e-01
2.250261383057e+02 5.755342841148e-01
2.250250091553e+02 1.709853112698e-01
2.250238800049e+02 -5.070523619652e-01
2.250227508545e+02 -4.880283772945e-01
2.250216217041e+02 -5.277642011642e-01
2.250204925537e+02 -4.673278927803e-01
2.250193634033e+02 -3.401835858822e-01
2.250182342529e+02 -2.207408249378e-01
2.250171051025e+02 -2.854294776917e-01
2.250159759521e+02 -3.194498121738e-01
2.250148468018e+02 -2.800446450710e-01
2.250137329102e+02 -1.903444528580e-01
2.250126037598e+02 -1.079816445708e-01
2.250114746094e+02 1.041863113642e-01
2.250103454590e+02 4.000397622585e-01
2.250092163086e+02 7.457840442657e-01
2.250080871582e+02 8.780391812325e-01
2.250069580078e+02 7.047825455666e-01
2.250058288574e+02 4.503935873508e-01
2.250046997070e+02 1.026050969958e-01
2.250035705566e+02 -2.438334822655e-01
2.250024414062e+02 -3.630511462688e-01
2.250013122559e+02 -3.305825293064e-01
2.250001831055e+02 -2.159660011530e-01
2.249990539551e+02 2.594369277358e-02
2.249979248047e+02 2.120219543576e-02
2.249967956543e+02 -1.858360134065e-02
2.249956665039e+02 1.522331535816e-01
2.249945373535e+02 8.555005490780e-02
2.249934082031e+02 -2.502526938915e-01
2.249922790527e+02 -2.945080697536e-01
2.249911499023e+02 -1.682089418173e-01
2.249900207520e+02 -1.982690095901e-01
2.249888916016e+02 -9.550514072180e-02
2.249877624512e+02 -1.799109578133e-01
2.249866333008e+02 -2.594445645809e-01
2.249855041504e+02 -1.505762636662e-01
2.249843750000e+02 -9.832315891981e-02
2.249832458496e+02 -3.419358134270e-01
2.249821166992e+02 -3.463095724583e-01
2.249809875488e+02 -1.349206119776e-01
2.249798583984e+02 2.125856839120e-02
2.249787292480e+02 -1.055493727326e-01
2.249776000977e+02 -4.686969146132e-02
2.249764709473e+02 6.002624630928e-01
2.249753417969e+02 1.474539041519e+00
2.249742126465e+02 1.815374016762e+00
2.249730834961e+02 1.544084072113e+00
2.249719543457e+02 1.623000860214e+00
2.249708251953e+02 1.445701718330e+00
2.249696960449e+02 5.337474346161e-01
2.249685668945e+02 -2.024275064468e-02
2.249674377441e+02 3.356326520443e-01
2.249663085938e+02 3.585234880447e-01
2.249651794434e+02 4.538150131702e-01
2.249640502930e+02 6.004129648209e-01
2.249629211426e+02 6.827566027641e-01
2.249617919922e+02 3.319623768330e-01
2.249606628418e+02 -2.124005183578e-02
2.249595336914e+02 -2.272076308727e-01
2.249584045410e+02 -1.530266106129e-01
2.249572753906e+02 -1.813570111990e-01
2.249561462402e+02 -1.849388182163e-01
2.249550170898e+02 -4.098937511444e-01
2.249538879395e+02 -5.596869587898e-01
2.249527587891e+02 -4.690261185169e-01
2.249516296387e+02 -3.305412530899e-01
2.249505004883e+02 -3.241765499115e-01
2.249493713379e+02 -2.591820061207e-01
2.249482421875e+02 -1.443972885609e-01
2.249471130371e+02 -1.303641796112e-01
2.249459838867e+02 8.024057745934e-02
2.249448547363e+02 7.844349145889e-01
2.249437255859e+02 1.065232157707e+00
2.249426116943e+02 1.133273243904e+00
2.249414825439e+02 1.677679419518e+00
2.249403533936e+02 2.241832256317e+00
2.249392242432e+02 2.518116712570e+00
2.249380950928e+02 1.765913486481e+00
2.249369659424e+02 8.689159154892e-01
2.249358367920e+02 5.296952128410e-01
2.249347076416e+02 4.491094052792e-01
2.249335784912e+02 3.056224286556e-01
2.249324493408e+02 1.644267439842e-01
2.249313201904e+02 1.990092545748e-02
2.249301910400e+02 -4.263509809971e-01
2.249290618896e+02 -3.951620161533e-01
2.249279327393e+02 -4.952957928181e-01
2.249268035889e+02 -6.969859004021e-01
2.249256744385e+02 -5.986884236336e-01
2.249245452881e+02 -3.033017516136e-01
2.249234161377e+02 -1.478106379509e-01
2.249222869873e+02 2.779123187065e-01
2.249211578369e+02 5.980066061020e-01
2.249200286865e+02 7.393734455109e-01
2.249188995361e+02 7.271177172661e-01
2.249177703857e+02 4.273934066296e-01
2.249166412354e+02 2.476554736495e-02
2.249155120850e+02 1.069923862815e-01
2.249143829346e+02 2.920747697353e-01
2.249132537842e+02 8.440158963203e-01
2.249121246338e+02 1.460447907448e+00
2.249109954834e+02 1.728696107864e+00
2.249098663330e+02 1.657164692879e+00
2.249087371826e+02 1.604807019234e+00
2.249076080322e+02 1.273845791817e+00
2.249064788818e+02 6.466012597084e-01
2.249053497314e+02 9.356013685465e-02
2.249042205811e+02 -1.244948729873e-01
2.249030914307e+02 -2.422102540731e-01
2.249019622803e+02 -4.328804314137e-01
2.249008331299e+02 -5.498604774475e-01
2.248997039795e+02 -3.147189319134e-01
2.248985748291e+02 -1.138252019882e-01
2.248974456787e+02 3.099038898945e-01
2.248963165283e+02 1.049235224724e+00
2.248951873779e+02 1.750349640846e+00
2.248940582275e+02 2.564233541489e+00
2.248929290771e+02 2.768865585327e+00
2.248917999268e+02 2.760478973389e+00
2.248906707764e+02 2.252624988556e+00
2.248895416260e+02 1.237964868546e+00
2.248884124756e+02 3.222532868385e-01
2.248872833252e+02 1.964232325554e-01
2.248861541748e+02 9.134134650230e-02
2.248850250244e+02 2.082974184304e-03
2.248838958740e+02 -2.325737476349e-01
2.248827667236e+02 -4.649787843227e-01
2.248816375732e+02 -2.664410471916e-01
2.248805084229e+02 -3.878686949611e-02
2.248793792725e+02 6.193017363548e-01
2.248782501221e+02 8.452535271645e-01
2.248771209717e+02 1.035470247269e+00
2.248759918213e+02 1.278202772141e+00
2.248748626709e+02 1.541503667831e+00
2.248737335205e+02 1.547109365463e+00
2.248726196289e+02 1.174062252045e+00
2.248714904785e+02 1.338536620140e+00
2.248703613281e+02 1.369194269180e+00
2.248692321777e+02 1.442873477936e+00
2.248681030273e+02 1.231589436531e+00
2.248669738770e+02 5.649522542953e-01
2.248658447266e+02 3.253757208586e-02
2.248647155762e+02 -2.043030411005e-01
2.248635864258e+02 6.290113925934e-02
2.248624572754e+02 5.521172285080e-01
2.248613281250e+02 2.525391340256e+00
2.248601989746e+02 3.681465864182e+00
2.248590698242e+02 3.973162174225e+00
2.248579406738e+02 4.085292816162e+00
2.248568115234e+02 4.271288394928e+00
2.248556823730e+02 3.848721265793e+00
2.248545532227e+02 2.835595369339e+00
2.248534240723e+02 2.084122896194e+00
2.248522949219e+02 2.007563591003e+00
2.248511657715e+02 1.966731548309e+00
2.248500366211e+02 1.867733836174e+00
2.248489074707e+02 1.179706692696e+00
2.248477783203e+02 1.179749250412e+00
2.248466491699e+02 2.193958759308e+00
2.248455200195e+02 4.376026153564e+00
2.248443908691e+02 5.193277835846e+00
2.248432617188e+02 4.845396518707e+00
2.248421325684e+02 4.939883708954e+00
2.248410034180e+02 4.653279781342e+00
2.248398742676e+02 3.059715986252e+00
2.248387451172e+02 7.199281454086e-01
2.248376159668e+02 1.178786754608e-01
2.248364868164e+02 7.525823079050e-03
2.248353576660e+02 1.405380070210e-01
2.248342285156e+02 1.045961380005e-01
2.248330993652e+02 -1.842045634985e-01
2.248319702148e+02 -3.996907174587e-01
2.248308410645e+02 -2.831287384033e-01
2.248297119141e+02 -1.784878820181e-01
2.248285827637e+02 -2.586326003075e-01
2.248274536133e+02 -1.115242466331e-01
2.248263244629e+02 1.484738141298e-01
2.248251953125e+02 2.020164579153e-01
2.248240661621e+02 1.929765343666e-01
2.248229370117e+02 1.424382776022e-01
2.248218078613e+02 -9.458626061678e-02
2.248206787109e+02 -3.025502562523e-01
2.248195495605e+02 -4.996407330036e-01
2.248184204102e+02 -7.162796258926e-01
2.248172912598e+02 -6.069394946098e-01
2.248161621094e+02 -4.380237162113e-01
2.248150329590e+02 -5.423935651779e-01
2.248139038086e+02 -4.739505648613e-01
2.248127746582e+02 -2.086479067802e-01
2.248116455078e+02 5.414059162140e-01
2.248105163574e+02 1.262060642242e+00
2.248093872070e+02 1.638474345207e+00
2.248082580566e+02 1.436055302620e+00
2.248071289062e+02 1.415940999985e+00
2.248059997559e+02 1.834319472313e+00
2.248048706055e+02 1.344312787056e+00
2.248037414551e+02 5.356520414352e-01
2.248026275635e+02 4.999466985464e-02
2.248014984131e+02 4.317086562514e-02
2.248003692627e+02 -7.236470282078e-02
2.247992401123e+02 -1.154997944832e-01
2.247981109619e+02 -2.021511644125e-01
2.247969818115e+02 -2.922958731651e-01
2.247958526611e+02 -2.373716831207e-01
2.247947235107e+02 -3.669894933701e-01
2.247935943604e+02 -4.173824489117e-01
2.247924652100e+02 -3.655571043491e-01
2.247913360596e+02 2.980366721749e-02
2.247902069092e+02 1.019023656845e+00
2.247890777588e+02 1.712168574333e+00
2.247879486084e+02 1.858475923538e+00
2.247868194580e+02 1.815946340561e+00
2.247856903076e+02 1.820088267326e+00
2.247845611572e+02 1.420867443085e+00
2.247834320068e+02 3.616696894169e-01
2.247823028564e+02 -5.548888444901e-01
2.247811737061e+02 -8.506540060043e-01
2.247800445557e+02 -5.777547955513e-01
2.247789154053e+02 -3.139535188675e-01
2.247777862549e+02 -2.969809770584e-01
2.247766571045e+02 -2.443939298391e-01
2.247755279541e+02 1.966476291418e-01
2.247743988037e+02 7.807988524437e-01
2.247732696533e+02 1.000522851944e+00
2.247721405029e+02 1.150452613831e+00
2.247710113525e+02 1.030565500259e+00
2.247698822021e+02 7.764946222305e-01
2.247687530518e+02 2.696792483330e-01
2.247676239014e+02 -7.666125893593e-02
2.247664947510e+02 -3.804649412632e-01
2.247653656006e+02 -4.444104731083e-01
2.247642364502e+02 -3.542131781578e-01
2.247631072998e+02 -2.235046029091e-01
2.247619781494e+02 -1.808918267488e-01
2.247608489990e+02 -1.493924558163e-01
2.247597198486e+02 -1.947154551744e-01
2.247585906982e+02 -3.228966593742e-01
2.247574615479e+02 -2.284688949585e-01
2.247563323975e+02 8.161202073097e-02
2.247552032471e+02 4.544215798378e-01
2.247540740967e+02 6.114101409912e-01
2.247529449463e+02 7.181579470634e-01
2.247518157959e+02 8.061478734016e-01
2.247506866455e+02 8.424147367477e-01
2.247495574951e+02 3.380973935127e-01
2.247484283447e+02 8.863365650177e-02
2.247472991943e+02 3.759938776493e-01
2.247461700439e+02 4.212440848351e-01
2.247450408936e+02 2.083090692759e-01
2.247439117432e+02 1.710289716721e-01
2.247427825928e+02 3.321625888348e-01
2.247416534424e+02 3.736472725868e-01
2.247405242920e+02 1.266089975834e-01
2.247393951416e+02 3.653708100319e-01
2.247382659912e+02 9.909186959267e-01
2.247371368408e+02 1.523387432098e+00
2.247360076904e+02 1.466101050377e+00
2.247348785400e+02 1.785321831703e+00
2.247337493896e+02 1.550252318382e+00
2.247326202393e+02 1.025169134140e+00
2.247315063477e+02 2.982833087444e-01
2.247303771973e+02 3.006925433874e-02
2.247292480469e+02 -2.974021136761e-01
2.247281188965e+02 -4.030210077763e-01
2.247269897461e+02 -4.519759714603e-01
2.247258605957e+02 -3.597173690796e-01
2.247247314453e+02 -4.315470755100e-01
2.247236022949e+02 -3.212955296040e-01
2.247224731445e+02 4.521269202232e-01
2.247213439941e+02 1.321350216866e+00
2.247202148438e+02 1.394006371498e+00
2.247190856934e+02 1.708059430122e+00
2.247179565430e+02 1.896489381790e+00
2.247168273926e+02 1.614194512367e+00
2.247156982422e+02 7.795965671539e-01
2.247145690918e+02 1.341000944376e-01
2.247134399414e+02 -2.494891434908e-01
2.247123107910e+02 -4.542697072029e-01
2.247111816406e+02 -6.230660080910e-01
2.247100524902e+02 -6.727654933929e-01
2.247089233398e+02 -6.296134591103e-01
2.247077941895e+02 -3.751589655876e-01
2.247066650391e+02 2.423094511032e-01
2.247055358887e+02 4.628503620625e-01
2.247044067383e+02 5.135729908943e-01
2.247032775879e+02 5.329669713974e-01
2.247021484375e+02 5.252992510796e-01
2.247010192871e+02 2.892946004868e-01
2.246998901367e+02 -6.001016870141e-02
2.246987609863e+02 -5.711640119553e-01
2.246976318359e+02 -2.520740032196e-01
2.246965026855e+02 -1.249212771654e-01
2.246953735352e+02 -6.570902466774e-02
2.246942443848e+02 2.896323800087e-01
2.246931152344e+02 1.069190621376e+00
2.246919860840e+02 2.279417276382e+00
2.246908569336e+02 2.649584054947e+00
2.246897277832e+02 2.588403940201e+00
2.246885986328e+02 2.510099172592e+00
2.246874694824e+02 1.917524337769e+00
2.246863403320e+02 1.034040927887e+00
2.246852111816e+02 3.436228334904e-01
2.246840820312e+02 2.891239896417e-02
2.246829528809e+02 3.985495865345e-01
2.246818237305e+02 9.283115267754e-01
2.246806945801e+02 1.340732336044e+00
2.246795654297e+02 1.960744857788e+00
2.246784362793e+02 3.171677589417e+00
2.246773071289e+02 3.019425868988e+00
2.246761779785e+02 1.551887273788e+00
2.246750488281e+02 5.348382592201e-01
2.246739196777e+02 7.959425449371e-02
2.246727905273e+02 -6.840614229441e-02
2.246716613770e+02 1.094160303473e-01
2.246705322266e+02 2.245611697435e-01
2.246694030762e+02 6.231150031090e-01
2.246682739258e+02 2.723045825958e+00
2.246671447754e+02 6.305448055267e+00
2.246660156250e+02 1.188092803955e+01
2.246648864746e+02 1.424869823456e+01
2.246637573242e+02 1.431493759155e+01
2.246626281738e+02 1.283809471130e+01
2.246615142822e+02 1.085834884644e+01
2.246603851318e+02 5.793669700623e+00
2.246592559814e+02 9.131168723106e-01
2.246581268311e+02 2.534641698003e-02
2.246569976807e+02 -4.367128759623e-02
2.246558685303e+02 -1.149984151125e-01
2.246547393799e+02 -7.693361956626e-03
2.246536102295e+02 -2.002433836460e-01
2.246524810791e+02 -4.776801764965e-01
2.246513519287e+02 -4.217168390751e-01
2.246502227783e+02 -3.175003230572e-01
2.246490936279e+02 7.557479292154e-02
2.246479644775e+02 3.657244443893e-01
2.246468353271e+02 6.160149574280e-01
2.246457061768e+02 7.561339735985e-01
2.246445770264e+02 7.424395084381e-01
2.246434478760e+02 4.987753927708e-01
2.246423187256e+02 -1.045209467411e-01
2.246411895752e+02 -3.901561498642e-01
2.246400604248e+02 -3.401519656181e-01
2.246389312744e+02 -2.620317935944e-01
2.246378021240e+02 -4.065295308828e-02
2.246366729736e+02 2.328053563833e-01
2.246355438232e+02 1.596448272467e-01
2.246344146729e+02 2.499238848686e-01
2.246332855225e+02 4.093493521214e-01
2.246321563721e+02 3.564570844173e-01
2.246310272217e+02 1.326347440481e-01
2.246298980713e+02 -2.046995460987e-01
2.246287689209e+02 -1.780456602573e-01
2.246276397705e+02 -1.076125949621e-01
2.246265106201e+02 -4.539056972135e-04
2.246253814697e+02 -1.615636982024e-02
2.246242523193e+02 1.238324642181e-01
2.246231231689e+02 2.725678086281e-01
2.246219940186e+02 3.590936660767e-01
2.246208648682e+02 5.612969398499e-01
2.246197357178e+02 7.550682425499e-01
2.246186065674e+02 7.126027941704e-01
2.246174774170e+02 6.425813436508e-01
2.246163482666e+02 6.995053291321e-01
2.246152191162e+02 5.733829736710e-01
2.246140899658e+02 1.305343508720e+00
2.246129608154e+02 2.344735622406e+00
2.246118316650e+02 3.157051563263e+00
2.246107025146e+02 3.769841670990e+00
2.246095733643e+02 4.407157421112e+00
2.246084442139e+02 4.114396095276e+00
2.246073150635e+02 4.259886741638e+00
2.246061859131e+02 6.544411659241e+00
2.246050567627e+02 9.607255935669e+00
2.246039276123e+02 1.213969516754e+01
2.246027984619e+02 1.338441467285e+01
2.246016693115e+02 1.304140090942e+01
2.246005401611e+02 9.135396957397e+00
2.245994110107e+02 5.221261978149e+00
2.245982818604e+02 3.528838634491e+00
2.245971527100e+02 3.676913261414e+00
2.245960235596e+02 3.485622167587e+00
2.245948944092e+02 3.254520654678e+00
2.245937652588e+02 3.501308679581e+00
2.245926361084e+02 3.018140554428e+00
2.245915069580e+02 1.622174501419e+00
2.245903930664e+02 7.331671118736e-01
2.245892639160e+02 5.761596560478e-01
2.245881347656e+02 9.727162867785e-02
2.245870056152e+02 -2.004101127386e-01
2.245858764648e+02 -8.588283509016e-02
2.245847473145e+02 3.530115634203e-02
2.245836181641e+02 4.034485667944e-02
2.245824890137e+02 4.133835900575e-03
2.245813598633e+02 -2.527546882629e-01
2.245802307129e+02 -2.072794437408e-01
2.245791015625e+02 -9.819401800632e-02
2.245779724121e+02 1.333217769861e-01
2.245768432617e+02 2.187257289886e+00
2.245757141113e+02 5.020689487457e+00
2.245745849609e+02 6.218999862671e+00
2.245734558105e+02 6.509662151337e+00
2.245723266602e+02 5.574355602264e+00
2.245711975098e+02 4.049377441406e+00
2.245700683594e+02 1.660660862923e+00
2.245689392090e+02 2.995629310608e-01
2.245678100586e+02 2.031508088112e-01
2.245666809082e+02 1.937146037817e-01
2.245655517578e+02 4.981644749641e-01
2.245644226074e+02 9.922959208488e-01
2.245632934570e+02 1.084970831871e+00
2.245621643066e+02 9.661843180656e-01
2.245610351562e+02 1.258502840996e+00
2.245599060059e+02 1.112302184105e+00
2.245587768555e+02 1.452127695084e+00
2.245576477051e+02 1.250714421272e+00
2.245565185547e+02 1.616693377495e+00
2.245553894043e+02 2.665260076523e+00
2.245542602539e+02 3.448497295380e+00
2.245531311035e+02 4.463529586792e+00
2.245520019531e+02 4.136832237244e+00
2.245508728027e+02 4.976288795471e+00
2.245497436523e+02 6.510732650757e+00
2.245486145020e+02 7.789029121399e+00
2.245474853516e+02 7.954663753510e+00
2.245463562012e+02 7.404057025909e+00
2.245452270508e+02 5.312391281128e+00
2.245440979004e+02 3.518124818802e+00
2.245429687500e+02 1.361120700836e+00
2.245418395996e+02 4.744156599045e-01
2.245407104492e+02 8.110564947128e-01
2.245395812988e+02 1.015154123306e+00
2.245384521484e+02 9.367005228996e-01
2.245373229980e+02 1.177543044090e+00
2.245361938477e+02 1.440761446953e+00
2.245350646973e+02 1.453773140907e+00
2.245339355469e+02 1.581762313843e+00
2.245328063965e+02 2.422420024872e+00
2.245316772461e+02 2.745869159698e+00
2.245305480957e+02 2.058157444000e+00
2.245294189453e+02 1.691928505898e+00
2.245282897949e+02 1.481404423714e+00
2.245271606445e+02 1.828740239143e+00
2.245260314941e+02 2.994985103607e+00
2.245249023438e+02 4.034026145935e+00
2.245237731934e+02 4.156169414520e+00
2.245226440430e+02 4.544561862946e+00
2.245215148926e+02 5.523860931396e+00
2.245204010010e+02 4.614178657532e+00
2.245192718506e+02 4.050974369049e+00
2.245181427002e+02 3.783305406570e+00
2.245170135498e+02 3.734738826752e+00
2.245158843994e+02 3.659540891647e+00
2.245147552490e+02 3.253204822540e+00
2.245136260986e+02 3.022991895676e+00
2.245124969482e+02 2.154163122177e+00
2.245113677979e+02 1.682199954987e+00
2.245102386475e+02 1.506273388863e+00
2.245091094971e+02 1.423894047737e+00
2.245079803467e+02 1.187519788742e+00
2.245068511963e+02 5.819712281227e-01
2.245057220459e+02 4.960066378117e-01
2.245045928955e+02 4.688806831837e-01
2.245034637451e+02 5.705166459084e-01
2.245023345947e+02 4.663673043251e-01
2.245012054443e+02 2.804936766624e-01
2.245000762939e+02 2.049543857574e-01
2.244989471436e+02 9.614675492048e-02
2.244978179932e+02 -2.266581356525e-01
2.244966888428e+02 -2.977835834026e-01
2.244955596924e+02 -1.351377665997e-01
2.244944305420e+02 -1.612997949123e-01
2.244933013916e+02 3.256068006158e-02
2.244921722412e+02 3.036791086197e-01
2.244910430908e+02 3.735754787922e-01
2.244899139404e+02 2.947253286839e-01
2.244887847900e+02 6.265956759453e-01
2.244876556396e+02 5.609546899796e-01
2.244865264893e+02 3.137834370136e-01
2.244853973389e+02 7.300613820553e-02
2.244842681885e+02 4.373104274273e-01
2.244831390381e+02 2.422733783722e+00
2.244820098877e+02 2.822810173035e+00
2.244808807373e+02 2.583916902542e+00
2.244797515869e+02 2.881483793259e+00
2.244786224365e+02 3.261654138565e+00
2.244774932861e+02 2.946327924728e+00
2.244763641357e+02 3.154717206955e+00
2.244752349854e+02 2.566609621048e+00
2.244741058350e+02 2.354503154755e+00
2.244729766846e+02 2.189410686493e+00
2.244718475342e+02 1.828861951828e+00
2.244707183838e+02 1.814719080925e+00
2.244695892334e+02 1.130501031876e+00
2.244684600830e+02 2.053633213043e+00
2.244673309326e+02 3.104232788086e+00
2.244662017822e+02 4.899150371552e+00
2.244650726318e+02 5.979781150818e+00
2.244639434814e+02 5.428665637970e+00
2.244628143311e+02 6.306880950928e+00
2.244616851807e+02 7.135392189026e+00
2.244605560303e+02 5.949855804443e+00
2.244594268799e+02 4.611059665680e+00
2.244582977295e+02 5.606820106506e+00
2.244571685791e+02 7.589741706848e+00
2.244560394287e+02 7.020505428314e+00
2.244549102783e+02 6.653271675110e+00
2.244537811279e+02 6.956192970276e+00
2.244526519775e+02 6.200381278992e+00
2.244515228271e+02 3.255888700485e+00
2.244503936768e+02 1.917161226273e+00
2.244492797852e+02 1.833910822868e+00
2.244481506348e+02 2.354271888733e+00
2.244470214844e+02 3.556467056274e+00
2.244458923340e+02 3.943298339844e+00
2.244447631836e+02 3.844193935394e+00
2.244436340332e+02 3.548466682434e+00
2.244425048828e+02 3.455268383026e+00
2.244413757324e+02 1.891117811203e+00
2.244402465820e+02 1.634238481522e+00
2.244391174316e+02 1.422299265862e+00
2.244379882812e+02 1.371833562851e+00
2.244368591309e+02 2.203329563141e+00
2.244357299805e+02 3.206928491592e+00
2.244346008301e+02 3.033731937408e+00
2.244334716797e+02 2.807022571564e+00
2.244323425293e+02 3.247292995453e+00
2.244312133789e+02 3.065994977951e+00
2.244300842285e+02 2.593295812607e+00
2.244289550781e+02 2.552138805389e+00
2.244278259277e+02 2.906899452209e+00
2.244266967773e+02 5.008282184601e+00
2.244255676270e+02 8.261882781982e+00
2.244244384766e+02 1.119587898254e+01
2.244233093262e+02 1.299354267120e+01
2.244221801758e+02 1.242552089691e+01
2.244210510254e+02 9.901209831238e+00
2.244199218750e+02 5.064657211304e+00
2.244187927246e+02 2.511255741119e+00
2.244176635742e+02 1.069195628166e+00
2.244165344238e+02 4.585885703564e-01
2.244154052734e+02 5.594191551208e-01
2.244142761230e+02 5.962109565735e-01
2.244131469727e+02 5.783889889717e-01
2.244120178223e+02 6.623448133469e-01
2.244108886719e+02 1.012879610062e+00
2.244097595215e+02 1.330809712410e+00
2.244086303711e+02 9.848433732986e-01
2.244075012207e+02 8.450510501862e-01
2.244063720703e+02 8.974311351776e-01
2.244052429199e+02 6.651146411896e-01
2.244041137695e+02 2.868297100067e-01
2.244029846191e+02 -2.073694467545e-01
2.244018554688e+02 -3.321538567543e-01
2.244007263184e+02 -2.691066265106e-01
2.243995971680e+02 -8.225471526384e-02
2.243984680176e+02 -7.180301845074e-02
2.243973388672e+02 1.122042387724e-01
2.243962097168e+02 4.094129204750e-01
2.243950805664e+02 9.864712953568e-01
2.243939514160e+02 1.536417365074e+00
2.243928222656e+02 1.999434351921e+00
2.243916931152e+02 1.687796711922e+00
2.243905639648e+02 2.437973022461e+00
2.243894348145e+02 2.350969552994e+00
2.243883056641e+02 3.518257141113e+00
2.243871765137e+02 5.710497379303e+00
2.243860473633e+02 9.105105400085e+00
2.243849182129e+02 1.189749050140e+01
2.243837890625e+02 1.278894615173e+01
2.243826599121e+02 1.211865997314e+01
2.243815307617e+02 7.489137649536e+00
2.243804016113e+02 3.629516124725e+00
2.243792877197e+02 1.972894191742e+00
2.243781585693e+02 1.249038934708e+00
2.243770294189e+02 1.545547366142e+00
2.243759002686e+02 2.885436296463e+00
2.243747711182e+02 3.222774982452e+00
2.243736419678e+02 3.352480649948e+00
2.243725128174e+02 3.583730936050e+00
2.243713836670e+02 3.782797574997e+00
2.243702545166e+02 2.585576772690e+00
2.243691253662e+02 1.877154707909e+00
2.243679962158e+02 1.752114653587e+00
2.243668670654e+02 8.067619204521e-01
2.243657379150e+02 4.541785120964e-01
2.243646087646e+02 6.029989719391e-01
2.243634796143e+02 1.331269145012e+00
2.243623504639e+02 1.847689032555e+00
2.243612213135e+02 1.851881623268e+00
2.243600921631e+02 1.707228302956e+00
2.243589630127e+02 1.974382042885e+00
2.243578338623e+02 2.245011091232e+00
2.243567047119e+02 2.244165182114e+00
2.243555755615e+02 3.329814195633e+00
2.243544464111e+02 1.983629107475e+00
2.243533172607e+02 2.543152570724e+00
2.243521881104e+02 2.258629798889e+00
2.243510589600e+02 1.014038801193e+00
2.243499298096e+02 5.279487371445e-01
2.243488006592e+02 1.774589061737e+00
2.243476715088e+02 3.385031461716e+00
2.243465423584e+02 5.088519573212e+00
2.243454132080e+02 5.531506538391e+00
2.243442840576e+02 5.393256187439e+00
2.243431549072e+02 5.594357967377e+00
2.243420257568e+02 4.281462192535e+00
2.243408966064e+02 2.534775257111e+00
2.243397674561e+02 1.364805340767e+00
2.243386383057e+02 5.405926704407e-01
2.243375091553e+02 1.439524888992e-01
2.243363800049e+02 1.843778789043e-01
2.243352508545e+02 2.164980322123e-01
2.243341217041e+02 1.295915246010e-01
2.243329925537e+02 7.116276025772e-02
2.243318634033e+02 2.203714847565e-01
2.243307342529e+02 3.461129963398e-01
2.243296051025e+02 3.904780149460e-01
2.243284759521e+02 3.210429251194e-01
2.243273468018e+02 4.815143346786e-01
2.243262176514e+02 4.682725965977e-01
2.243250885010e+02 3.638854026794e-01
2.243239593506e+02 4.101791679859e-01
2.243228302002e+02 3.429924845695e-01
2.243217010498e+02 2.134804278612e-01
2.243205718994e+02 1.165359094739e-01
2.243194427490e+02 -8.477921783924e-02
2.243183135986e+02 -1.438488811255e-01
2.243171844482e+02 3.215642273426e-02
2.243160552979e+02 1.681835502386e-01
2.243149261475e+02 1.694985479116e-01
2.243137969971e+02 2.403477579355e-01
2.243126678467e+02 4.411756396294e-01
2.243115386963e+02 7.310296297073e-01
2.243104095459e+02 7.758811712265e-01
2.243092956543e+02 6.586872339249e-01
2.243081665039e+02 3.637190461159e-01
2.243070373535e+02 4.496549665928e-01
2.243059082031e+02 4.214565157890e-01
2.243047790527e+02 1.909759491682e-01
2.243036499023e+02 -7.829381525517e-02
2.243025207520e+02 -1.869762837887e-01
2.243013916016e+02 -1.533475071192e-01
2.243002624512e+02 -3.890495002270e-01
2.242991333008e+02 -3.818079531193e-01
2.242980041504e+02 -2.421686947346e-01
2.242968750000e+02 1.854528188705e-01
2.242957458496e+02 3.283573389053e+00
2.242946166992e+02 7.538856506348e+00
2.242934875488e+02 1.113940334320e+01
2.242923583984e+02 1.387736415863e+01
2.242912292480e+02 1.385315608978e+01
2.242901000977e+02 1.148409080505e+01
2.242889709473e+02 6.936182498932e+00
2.242878417969e+02 3.506460189819e+00
2.242867126465e+02 1.541130185127e+00
2.242855834961e+02 1.232803463936e+00
2.242844543457e+02 7.010537385941e-01
2.242833251953e+02 2.561362504959e+00
2.242821960449e+02 2.794145822525e+00
2.242810668945e+02 3.856318712234e+00
2.242799377441e+02 6.309112548828e+00
2.242788085938e+02 8.321786880493e+00
2.242776794434e+02 7.969752788544e+00
2.242765502930e+02 6.069528102875e+00
2.242754211426e+02 4.614549636841e+00
2.242742919922e+02 2.835431575775e+00
2.242731628418e+02 1.053245425224e+00
2.242720336914e+02 6.369559764862e-01
2.242709045410e+02 7.869796156883e-01
2.242697753906e+02 1.036752462387e+00
2.242686462402e+02 1.017770171165e+00
2.242675170898e+02 6.591753363609e-01
2.242663879395e+02 3.753930628300e-01
2.242652587891e+02 7.660502791405e-01
2.242641296387e+02 1.220629811287e+00
2.242630004883e+02 1.259588837624e+00
2.242618713379e+02 1.158236026764e+00
2.242607421875e+02 1.118491411209e+00
2.242596130371e+02 9.847408533096e-01
2.242584838867e+02 5.182507038116e-01
2.242573547363e+02 5.861653089523e-01
2.242562255859e+02 4.928961694241e-01
2.242550964355e+02 4.802391529083e-01
2.242539672852e+02 5.206087231636e-01
2.242528381348e+02 4.752150774002e-01
2.242517089844e+02 4.051517248154e-01
2.242505798340e+02 3.295155167580e-01
2.242494506836e+02 -4.619114100933e-02
2.242483215332e+02 -2.480343133211e-01
2.242471923828e+02 -3.908385336399e-01
2.242460632324e+02 -4.312448799610e-01
2.242449340820e+02 -4.761617481709e-01
2.242438049316e+02 -6.954300403595e-01
2.242426757812e+02 -5.199207067490e-01
2.242415466309e+02 -4.060516059399e-01
2.242404174805e+02 -1.700394153595e-01
2.242392883301e+02 1.308397203684e-01
2.242381744385e+02 3.939281105995e-01
2.242370452881e+02 7.349711656570e-01
