#title: Spectral profile - G013.6562-00.5997_SPW_0.image.pbcor.fits-raster
#region (world): Ellipse[[18:17:24.276, -17d22m13.351], [18:17:24.207, -17d22m12.35]]
#region (pixel): Ellipse[[194, 193], [203, 202]]
#coordinate: world
#xLabel: frequency [GHz]
#yLabel: [Kelvin] Mean

# G013.6562-00.5997_SPW_0.image.pbcor.fits-raster
2.388179626465e+02 3.915531873703e+00
2.388190917969e+02 4.398974895477e+00
2.388202209473e+02 3.171077489853e+00
2.388213500977e+02 1.201687693596e+00
2.388224792480e+02 6.246446967125e-01
2.388236083984e+02 5.836035609245e-01
2.388247222900e+02 3.700031042099e-01
2.388258514404e+02 2.122947573662e-01
2.388269805908e+02 6.925266385078e-01
2.388281097412e+02 2.712423324585e+00
2.388292388916e+02 4.504848957062e+00
2.388303680420e+02 4.560433864594e+00
2.388314971924e+02 4.331532955170e+00
2.388326263428e+02 4.407982349396e+00
2.388337554932e+02 3.873442411423e+00
2.388348846436e+02 1.758219361305e+00
2.388360137939e+02 2.563669383526e-01
2.388371429443e+02 -4.885726422071e-02
2.388382720947e+02 -2.591318786144e-01
2.388394012451e+02 -2.451170682907e-01
2.388405303955e+02 -2.303348481655e-01
2.388416595459e+02 -1.676822900772e-01
2.388427886963e+02 -1.502045989037e-01
2.388439178467e+02 -2.744146063924e-02
2.388450469971e+02 3.180008828640e-01
2.388461761475e+02 7.476978898048e-01
2.388473052979e+02 1.793691039085e+00
2.388484344482e+02 3.038899898529e+00
2.388495635986e+02 5.226085186005e+00
2.388506927490e+02 6.660777091980e+00
2.388518218994e+02 6.375430583954e+00
2.388529510498e+02 6.389614582062e+00
2.388540802002e+02 6.235579490662e+00
2.388552093506e+02 5.155601024628e+00
2.388563385010e+02 2.983872175217e+00
2.388574676514e+02 6.542926430702e-01
2.388585968018e+02 1.168673276901e+00
2.388597259521e+02 2.007801294327e+00
2.388608551025e+02 2.605931282043e+00
2.388619842529e+02 2.509319782257e+00
2.388631134033e+02 3.021064281464e+00
2.388642425537e+02 4.992801666260e+00
2.388653717041e+02 6.102674484253e+00
2.388665008545e+02 4.813145160675e+00
2.388676300049e+02 4.749222755432e+00
2.388687591553e+02 5.032690525055e+00
2.388698883057e+02 6.075849056244e+00
2.388710174561e+02 8.141502380371e+00
2.388721466064e+02 1.234247493744e+01
2.388732757568e+02 1.596468639374e+01
2.388744049072e+02 1.711414718628e+01
2.388755340576e+02 1.559492206573e+01
2.388766632080e+02 1.242132282257e+01
2.388777923584e+02 8.105920791626e+00
2.388789215088e+02 4.090037345886e+00
2.388800506592e+02 1.814972877502e+00
2.388811798096e+02 6.424351930618e-01
2.388823089600e+02 2.720084488392e-01
2.388834381104e+02 -2.097967863083e-01
2.388845672607e+02 -2.524454295635e-01
2.388856964111e+02 -5.807862430811e-02
2.388868255615e+02 1.514126062393e-01
2.388879547119e+02 3.299874961376e-01
2.388890838623e+02 5.760186910629e-01
2.388902130127e+02 7.093569040298e-01
2.388913421631e+02 9.180243015289e-01
2.388924713135e+02 1.045594692230e+00
2.388936004639e+02 8.957762122154e-01
2.388947296143e+02 8.041320443153e-01
2.388958435059e+02 7.718645930290e-01
2.388969726562e+02 8.030493855476e-01
2.388981018066e+02 5.327269434929e-01
2.388992309570e+02 3.276016414165e-01
2.389003601074e+02 5.119841694832e-01
2.389014892578e+02 8.371527791023e-01
2.389026184082e+02 1.049335122108e+00
2.389037475586e+02 2.219023227692e+00
2.389048767090e+02 3.892174959183e+00
2.389060058594e+02 6.449549674988e+00
2.389071350098e+02 8.490300178528e+00
2.389082641602e+02 8.578205108643e+00
2.389093933105e+02 7.640177726746e+00
2.389105224609e+02 6.710698604584e+00
2.389116516113e+02 4.681905269623e+00
2.389127807617e+02 1.845464348793e+00
2.389139099121e+02 1.773637831211e-01
2.389150390625e+02 2.528227269650e-01
2.389161682129e+02 5.880869626999e-01
2.389172973633e+02 9.711770415306e-01
2.389184265137e+02 1.059375524521e+00
2.389195556641e+02 1.100391983986e+00
2.389206848145e+02 1.336289167404e+00
2.389218139648e+02 1.670846223831e+00
2.389229431152e+02 1.790936112404e+00
2.389240722656e+02 1.803705930710e+00
2.389252014160e+02 2.075831174850e+00
2.389263305664e+02 2.513727426529e+00
2.389274597168e+02 2.819808006287e+00
2.389285888672e+02 3.339774370193e+00
2.389297180176e+02 6.278333187103e+00
2.389308471680e+02 1.382472515106e+01
2.389319763184e+02 2.010913467407e+01
2.389331054688e+02 2.430547142029e+01
2.389342346191e+02 2.689209747314e+01
2.389353637695e+02 2.402049064636e+01
2.389364929199e+02 1.909016418457e+01
2.389376220703e+02 1.586600017548e+01
2.389387512207e+02 1.511174106598e+01
2.389398803711e+02 1.425220680237e+01
2.389410095215e+02 1.238806343079e+01
2.389421386719e+02 1.009940147400e+01
2.389432678223e+02 7.176654815674e+00
2.389443969727e+02 3.825189828873e+00
2.389455261230e+02 2.109582901001e+00
2.389466552734e+02 1.338487029076e+00
2.389477844238e+02 1.493214488029e+00
2.389489135742e+02 1.697462320328e+00
2.389500427246e+02 1.792919874191e+00
2.389511718750e+02 1.899928331375e+00
2.389523010254e+02 2.594696283340e+00
2.389534301758e+02 3.493571758270e+00
2.389545593262e+02 3.654968976974e+00
2.389556884766e+02 3.332606077194e+00
2.389568176270e+02 2.440867900848e+00
2.389579467773e+02 3.364214420319e+00
2.389590759277e+02 3.271924257278e+00
2.389602050781e+02 5.332530498505e+00
2.389613342285e+02 8.733755111694e+00
2.389624633789e+02 9.831087112427e+00
2.389635925293e+02 1.026706886292e+01
2.389647216797e+02 8.780086517334e+00
2.389658355713e+02 6.660631179810e+00
2.389669647217e+02 3.778116226196e+00
2.389680938721e+02 2.039407253265e+00
2.389692230225e+02 1.793099403381e+00
2.389703521729e+02 1.848060369492e+00
2.389714813232e+02 2.529678344727e+00
2.389726104736e+02 3.749133348465e+00
2.389737396240e+02 5.968331813812e+00
2.389748687744e+02 1.052310752869e+01
2.389759979248e+02 1.240936756134e+01
2.389771270752e+02 1.385454082489e+01
2.389782562256e+02 1.486149120331e+01
2.389793853760e+02 1.725232887268e+01
2.389805145264e+02 1.989885711670e+01
2.389816436768e+02 2.378950691223e+01
2.389827728271e+02 2.736051177979e+01
2.389839019775e+02 2.943336105347e+01
2.389850311279e+02 2.846348762512e+01
2.389861602783e+02 2.262902069092e+01
2.389872894287e+02 1.622301101685e+01
2.389884185791e+02 1.119787883759e+01
2.389895477295e+02 7.851415157318e+00
2.389906768799e+02 6.000611782074e+00
2.389918060303e+02 4.870150089264e+00
2.389929351807e+02 4.853268146515e+00
2.389940643311e+02 4.364804267883e+00
2.389951934814e+02 3.366333723068e+00
2.389963226318e+02 1.883689641953e+00
2.389974517822e+02 4.758569896221e-01
2.389985809326e+02 -6.123059988022e-02
2.389997100830e+02 -4.241188764572e-01
2.390008392334e+02 -7.141942381859e-01
2.390019683838e+02 -8.567458391190e-01
2.390030975342e+02 -9.764937758446e-01
2.390042266846e+02 -9.364922046661e-01
2.390053558350e+02 -9.370377063751e-01
2.390064849854e+02 -8.677458763123e-01
2.390076141357e+02 -8.279568552971e-01
2.390087432861e+02 -7.208622097969e-01
2.390098724365e+02 -6.819643974304e-01
2.390110015869e+02 -6.095027923584e-01
2.390121307373e+02 -2.181892246008e-01
2.390132598877e+02 -4.817639291286e-02
2.390143890381e+02 1.623131185770e-01
2.390155181885e+02 6.206292510033e-01
2.390166473389e+02 8.114205002785e-01
2.390177764893e+02 1.696968078613e+00
2.390189056396e+02 2.453203201294e+00
2.390200347900e+02 3.060634613037e+00
2.390211639404e+02 5.523126125336e+00
2.390222930908e+02 1.218336677551e+01
2.390234222412e+02 2.090622138977e+01
2.390245513916e+02 2.678461647034e+01
2.390256805420e+02 3.233304977417e+01
2.390268096924e+02 3.060695648193e+01
2.390279388428e+02 2.406702041626e+01
2.390290679932e+02 1.592119598389e+01
2.390301971436e+02 9.648588180542e+00
2.390313262939e+02 5.453066349030e+00
2.390324554443e+02 3.358161687851e+00
2.390335845947e+02 2.294274091721e+00
2.390347137451e+02 1.909795641899e+00
2.390358276367e+02 9.174496531487e-01
2.390369567871e+02 7.208999395370e-01
2.390380859375e+02 5.923048853874e-01
2.390392150879e+02 7.529541850090e-01
2.390403442383e+02 8.634268641472e-01
2.390414733887e+02 1.154346942902e+00
2.390426025391e+02 1.664895057678e+00
2.390437316895e+02 2.035427808762e+00
2.390448608398e+02 2.440279006958e+00
2.390459899902e+02 2.509139776230e+00
2.390471191406e+02 2.186131715775e+00
2.390482482910e+02 2.480868339539e+00
2.390493774414e+02 2.489498376846e+00
2.390505065918e+02 3.467480182648e+00
2.390516357422e+02 4.044574737549e+00
2.390527648926e+02 5.988677501678e+00
2.390538940430e+02 1.244891452789e+01
2.390550231934e+02 2.260852241516e+01
2.390561523438e+02 3.105027389526e+01
2.390572814941e+02 3.865242385864e+01
2.390584106445e+02 4.203654479980e+01
2.390595397949e+02 3.610491943359e+01
2.390606689453e+02 2.683572196960e+01
2.390617980957e+02 1.785796165466e+01
2.390629272461e+02 1.158618450165e+01
2.390640563965e+02 7.335637569427e+00
2.390651855469e+02 4.679207324982e+00
2.390663146973e+02 2.914649963379e+00
2.390674438477e+02 2.209652662277e+00
2.390685729980e+02 2.730176687241e+00
2.390697021484e+02 2.354194164276e+00
2.390708312988e+02 2.105555772781e+00
2.390719604492e+02 2.637779712677e+00
2.390730895996e+02 2.728597402573e+00
2.390742187500e+02 3.366040468216e+00
2.390753479004e+02 4.736465454102e+00
2.390764770508e+02 8.516264915466e+00
2.390776062012e+02 1.781069374084e+01
2.390787353516e+02 2.667738533020e+01
2.390798645020e+02 3.318725967407e+01
2.390809936523e+02 3.904822921753e+01
2.390821228027e+02 3.607575225830e+01
2.390832519531e+02 2.835371017456e+01
2.390843811035e+02 1.926535987854e+01
2.390855102539e+02 1.307369136810e+01
2.390866394043e+02 9.074381828308e+00
2.390877685547e+02 6.886142730713e+00
2.390888977051e+02 6.959461688995e+00
2.390900268555e+02 8.845523834229e+00
2.390911560059e+02 1.734594345093e+01
2.390922851562e+02 2.654198837280e+01
2.390934143066e+02 3.379262924194e+01
2.390945434570e+02 3.912703323364e+01
2.390956726074e+02 4.024798583984e+01
2.390968017578e+02 3.918329620361e+01
2.390979309082e+02 3.835379028320e+01
2.390990600586e+02 3.814596176147e+01
2.391001892090e+02 3.523757934570e+01
2.391013183594e+02 2.997406196594e+01
2.391024475098e+02 2.310833740234e+01
2.391035766602e+02 1.439896774292e+01
2.391047058105e+02 9.988868713379e+00
2.391058349609e+02 7.039421558380e+00
2.391069488525e+02 4.757266521454e+00
2.391080780029e+02 3.005340814590e+00
2.391092071533e+02 2.123146772385e+00
2.391103363037e+02 2.060608625412e+00
2.391114654541e+02 1.258427858353e+00
2.391125946045e+02 1.320202827454e+00
2.391137237549e+02 9.282358288765e-01
2.391148529053e+02 4.315483272076e-01
2.391159820557e+02 -5.164846032858e-02
2.391171112061e+02 -4.128293991089e-01
2.391182403564e+02 -6.390413641930e-01
2.391193695068e+02 -6.895846128464e-01
2.391204986572e+02 -8.402227759361e-01
2.391216278076e+02 -1.003304123878e+00
2.391227569580e+02 -1.170432567596e+00
2.391238861084e+02 -9.425339102745e-01
2.391250152588e+02 -7.780185341835e-01
2.391261444092e+02 -6.154441237450e-01
2.391272735596e+02 -4.174289405346e-01
2.391284027100e+02 -1.749919056892e-01
2.391295318604e+02 5.612440705299e-01
2.391306610107e+02 7.696853876114e-01
2.391317901611e+02 6.585236787796e-01
2.391329193115e+02 2.555602192879e-01
2.391340484619e+02 -5.030485615134e-02
2.391351776123e+02 -9.277155995369e-02
2.391363067627e+02 -4.226854741573e-01
2.391374359131e+02 -3.464643955231e-01
2.391385650635e+02 4.390237852931e-02
2.391396942139e+02 7.215005755424e-01
2.391408233643e+02 8.726956248283e-01
2.391419525146e+02 7.106817364693e-01
2.391430816650e+02 7.180615663528e-01
2.391442108154e+02 5.020441412926e-01
2.391453399658e+02 2.734638452530e-01
2.391464691162e+02 1.045809090137e-01
2.391475982666e+02 2.439988106489e-01
2.391487274170e+02 4.254334568977e-01
2.391498565674e+02 8.144804835320e-01
2.391509857178e+02 1.230296254158e+00
2.391521148682e+02 1.524027347565e+00
2.391532440186e+02 1.594828724861e+00
2.391543731689e+02 1.718165159225e+00
2.391555023193e+02 2.011793136597e+00
2.391566314697e+02 1.856368541718e+00
2.391577606201e+02 1.980888724327e+00
2.391588897705e+02 2.543469905853e+00
2.391600189209e+02 3.028507232666e+00
2.391611480713e+02 3.046001911163e+00
2.391622772217e+02 2.826358318329e+00
2.391634063721e+02 2.410013675690e+00
2.391645355225e+02 2.066047906876e+00
2.391656646729e+02 8.556984066963e-01
2.391667938232e+02 2.519689202309e-01
2.391679229736e+02 9.584012627602e-01
2.391690521240e+02 2.184776782990e+00
2.391701812744e+02 3.113998413086e+00
2.391713104248e+02 4.389673709869e+00
2.391724395752e+02 5.148474216461e+00
2.391735687256e+02 4.831868171692e+00
2.391746978760e+02 3.963318109512e+00
2.391758270264e+02 2.325449228287e+00
2.391769409180e+02 9.618190526962e-01
2.391780700684e+02 2.706688344479e-01
2.391791992188e+02 -1.226649060845e-01
2.391803283691e+02 -5.815321207047e-01
2.391814575195e+02 -8.902680873871e-01
2.391825866699e+02 -7.852888703346e-01
2.391837158203e+02 -7.556495070457e-01
2.391848449707e+02 -7.247628569603e-01
2.391859741211e+02 -5.278954505920e-01
2.391871032715e+02 -5.746307373047e-01
2.391882324219e+02 -6.469918489456e-01
2.391893615723e+02 -3.504671454430e-01
2.391904907227e+02 4.112409651279e-01
2.391916198730e+02 1.052470684052e+00
2.391927490234e+02 1.725703716278e+00
2.391938781738e+02 2.501483678818e+00
2.391950073242e+02 3.595592260361e+00
2.391961364746e+02 3.293316841125e+00
2.391972656250e+02 2.363735198975e+00
2.391983947754e+02 1.189954280853e+00
2.391995239258e+02 1.895459443331e-01
2.392006530762e+02 -4.119561016560e-01
2.392017822266e+02 -6.203761696815e-01
2.392029113770e+02 -5.471643209457e-01
2.392040405273e+02 -2.845900952816e-01
2.392051696777e+02 3.780952095985e-02
2.392062988281e+02 8.400436639786e-01
2.392074279785e+02 2.330458879471e+00
2.392085571289e+02 4.083813190460e+00
2.392096862793e+02 4.479299545288e+00
2.392108154297e+02 4.145769596100e+00
2.392119445801e+02 4.483717918396e+00
2.392130737305e+02 5.329097747803e+00
2.392142028809e+02 4.643739223480e+00
2.392153320312e+02 3.711500883102e+00
2.392164611816e+02 2.944168567657e+00
2.392175903320e+02 1.813274502754e+00
2.392187194824e+02 9.380297660828e-01
2.392198486328e+02 5.282801389694e-01
2.392209777832e+02 5.225662589073e-01
2.392221069336e+02 3.922547399998e-01
2.392232360840e+02 -2.050924748182e-01
2.392243652344e+02 -4.595008194447e-01
2.392254943848e+02 -2.024796605110e-01
2.392266235352e+02 -2.308188080788e-01
2.392277526855e+02 -6.605296134949e-01
2.392288818359e+02 -5.264130234718e-01
2.392300109863e+02 -5.235787630081e-01
2.392311401367e+02 -6.998226046562e-01
2.392322692871e+02 -8.216721415520e-01
2.392333984375e+02 -6.794495582581e-01
2.392345275879e+02 -5.926397442818e-01
2.392356567383e+02 -3.954697549343e-01
2.392367858887e+02 -2.872466742992e-01
2.392379150391e+02 -1.383237093687e-01
2.392390441895e+02 -2.047984004021e-01
2.392401733398e+02 -1.902821362019e-01
2.392413024902e+02 -5.477270856500e-02
2.392424316406e+02 2.893082499504e-01
2.392435607910e+02 7.307339310646e-01
2.392446899414e+02 1.094405889511e+00
2.392458190918e+02 9.588731527328e-01
2.392469482422e+02 8.110607266426e-01
2.392480621338e+02 5.809820294380e-01
2.392491912842e+02 4.952132999897e-01
2.392503204346e+02 1.563758105040e-01
2.392514495850e+02 1.743955761194e-01
2.392525787354e+02 -7.539247721434e-02
2.392537078857e+02 -2.117405831814e-01
2.392548370361e+02 1.656424067914e-02
2.392559661865e+02 1.148086190224e-01
2.392570953369e+02 -5.507851019502e-02
2.392582244873e+02 -3.759265542030e-01
2.392593536377e+02 -5.218765735626e-01
2.392604827881e+02 -5.525170564651e-01
2.392616119385e+02 -5.850638747215e-01
2.392627410889e+02 -6.799180507660e-01
2.392638702393e+02 -6.145480275154e-01
2.392649993896e+02 -3.115979731083e-01
2.392661285400e+02 9.478142112494e-02
2.392672576904e+02 2.279230952263e-01
2.392683868408e+02 5.293665453792e-02
2.392695159912e+02 -1.329904794693e-01
2.392706451416e+02 -2.028176486492e-01
2.392717742920e+02 -4.972240924835e-01
2.392729034424e+02 -9.700875878334e-01
2.392740325928e+02 -9.857451915741e-01
2.392751617432e+02 -1.067465543747e+00
2.392762908936e+02 -1.181251287460e+00
2.392774200439e+02 -1.210268378258e+00
2.392785491943e+02 -1.091186523438e+00
2.392796783447e+02 -8.994047641754e-01
2.392808074951e+02 -5.702611804008e-01
2.392819366455e+02 -2.015293240547e-01
2.392830657959e+02 1.288486868143e-01
2.392841949463e+02 4.864043891430e-01
2.392853240967e+02 8.794515728951e-01
2.392864532471e+02 1.114757895470e+00
2.392875823975e+02 9.745343923569e-01
2.392887115479e+02 1.357962608337e+00
2.392898406982e+02 1.392038822174e+00
2.392909698486e+02 1.327179431915e+00
2.392920989990e+02 7.957279682159e-01
2.392932281494e+02 3.522939383984e-01
2.392943572998e+02 2.831350266933e-01
2.392954864502e+02 -4.552040994167e-02
2.392966156006e+02 -4.759489893913e-01
2.392977447510e+02 9.908648580313e-02
2.392988739014e+02 8.744741082191e-01
2.393000030518e+02 1.289322376251e+00
2.393011322021e+02 1.499652624130e+00
2.393022613525e+02 2.493824720383e+00
2.393033905029e+02 4.358319759369e+00
2.393045196533e+02 6.613292217255e+00
2.393056488037e+02 5.496489048004e+00
2.393067779541e+02 4.349123001099e+00
2.393079071045e+02 4.890597343445e+00
2.393090362549e+02 4.949144840240e+00
2.393101654053e+02 3.231542348862e+00
2.393112945557e+02 6.157774329185e-01
2.393124237061e+02 -4.448759853840e-01
2.393135528564e+02 -7.529632449150e-01
2.393146820068e+02 -8.383870720863e-01
2.393158111572e+02 -9.031699299812e-01
2.393169403076e+02 -9.798855781555e-01
2.393180541992e+02 -1.118214726448e+00
2.393191833496e+02 -1.125829577446e+00
2.393203125000e+02 -1.156719088554e+00
2.393214416504e+02 -1.259123802185e+00
2.393225708008e+02 -9.611079096794e-01
2.393236999512e+02 -7.066981196404e-01
2.393248291016e+02 -7.340964674950e-01
2.393259582520e+02 -4.465322196484e-01
2.393270874023e+02 -2.068263292313e-01
2.393282165527e+02 -4.899892210960e-02
2.393293457031e+02 2.200260311365e-01
2.393304748535e+02 3.024916350842e-01
2.393316040039e+02 3.619456887245e-01
2.393327331543e+02 3.642839789391e-01
2.393338623047e+02 1.538702398539e-01
2.393349914551e+02 -2.467402070761e-02
2.393361206055e+02 -2.966764867306e-01
2.393372497559e+02 -5.476137995720e-01
2.393383789062e+02 -5.277191400528e-01
2.393395080566e+02 -5.870852470398e-01
2.393406372070e+02 -6.302128434181e-01
2.393417663574e+02 -7.693560719490e-01
2.393428955078e+02 -6.263857483864e-01
2.393440246582e+02 -6.038359999657e-01
2.393451538086e+02 -5.658998489380e-01
2.393462829590e+02 -3.472491502762e-01
2.393474121094e+02 3.465386629105e-01
2.393485412598e+02 2.007673501968e+00
2.393496704102e+02 3.529277324677e+00
2.393507995605e+02 3.905276298523e+00
2.393519287109e+02 3.730384111404e+00
2.393530578613e+02 3.442519426346e+00
2.393541870117e+02 3.302555322647e+00
2.393553161621e+02 3.195659399033e+00
2.393564453125e+02 2.597320795059e+00
2.393575744629e+02 2.497117996216e+00
2.393587036133e+02 2.215861320496e+00
2.393598327637e+02 1.480373144150e+00
2.393609619141e+02 1.298858880997e+00
2.393620910645e+02 1.045873999596e+00
2.393632202148e+02 1.034393310547e-01
2.393643493652e+02 -3.205631077290e-01
2.393654785156e+02 -5.075781345367e-01
2.393666076660e+02 -1.363094449043e-01
2.393677368164e+02 2.056851834059e-01
2.393688659668e+02 1.875794082880e-01
2.393699951172e+02 3.298237919807e-01
2.393711242676e+02 4.078007042408e-01
2.393722534180e+02 2.089234441519e-01
2.393733825684e+02 -7.792274653912e-02
2.393745117188e+02 -3.944604694843e-01
2.393756408691e+02 -5.029382109642e-01
2.393767700195e+02 -3.036847412586e-01
2.393778991699e+02 -8.749157190323e-02
2.393790283203e+02 -2.796689234674e-02
2.393801574707e+02 -3.065864741802e-01
2.393812866211e+02 -2.831922098994e-02
2.393824157715e+02 -2.500513792038e-01
2.393835449219e+02 -4.317663311958e-01
2.393846740723e+02 -3.103363811970e-01
2.393858032227e+02 4.941273108125e-02
2.393869323730e+02 4.205453991890e-01
2.393880615234e+02 6.190659999847e-01
2.393891754150e+02 8.392764329910e-01
2.393903045654e+02 1.909473061562e+00
2.393914337158e+02 2.529720544815e+00
2.393925628662e+02 2.435058116913e+00
2.393936920166e+02 1.761948943138e+00
2.393948211670e+02 1.273295998573e+00
2.393959503174e+02 1.068029165268e+00
2.393970794678e+02 5.117745995522e-01
2.393982086182e+02 -3.017580509186e-01
2.393993377686e+02 -4.811080396175e-01
2.394004669189e+02 -3.020077347755e-01
2.394015960693e+02 -1.404207348824e-01
2.394027252197e+02 -1.068889573216e-01
2.394038543701e+02 -1.287681516260e-03
2.394049835205e+02 3.967105746269e-01
2.394061126709e+02 5.540347099304e-01
2.394072418213e+02 2.733664214611e-01
2.394083709717e+02 -2.820757776499e-02
2.394095001221e+02 -5.956244841218e-02
2.394106292725e+02 -4.508440941572e-02
2.394117584229e+02 -4.267668128014e-01
2.394128875732e+02 -6.615760326385e-01
2.394140167236e+02 -4.499483108521e-01
2.394151458740e+02 -3.798058032990e-01
2.394162750244e+02 -4.319624006748e-01
2.394174041748e+02 -3.492628037930e-01
2.394185333252e+02 -2.493024431169e-02
2.394196624756e+02 2.490936964750e-01
2.394207916260e+02 3.521350920200e-01
2.394219207764e+02 4.973292350769e-01
2.394230499268e+02 7.537391781807e-01
2.394241790771e+02 8.192223310471e-01
2.394253082275e+02 5.889129638672e-01
2.394264373779e+02 2.413130253553e-01
2.394275665283e+02 -7.783947885036e-02
2.394286956787e+02 -1.016575694084e-01
2.394298248291e+02 3.712047636509e-01
2.394309539795e+02 8.086848258972e-01
2.394320831299e+02 8.625373244286e-01
2.394332122803e+02 1.271352767944e+00
2.394343414307e+02 2.194540739059e+00
2.394354705811e+02 3.455814123154e+00
2.394365997314e+02 4.722527027130e+00
2.394377288818e+02 5.510430335999e+00
2.394388580322e+02 5.414341449738e+00
2.394399871826e+02 4.850471019745e+00
2.394411163330e+02 4.378345012665e+00
2.394422454834e+02 2.750747442245e+00
2.394433746338e+02 3.602797091007e-01
2.394445037842e+02 -5.399178862572e-01
2.394456329346e+02 -8.050159811974e-01
2.394467620850e+02 -3.526487946510e-01
2.394478912354e+02 2.650281786919e-01
2.394490203857e+02 4.275845289230e-01
2.394501495361e+02 5.261072516441e-01
2.394512786865e+02 1.107052683830e+00
2.394524078369e+02 1.905835390091e+00
2.394535369873e+02 2.146584510803e+00
2.394546661377e+02 1.627209305763e+00
2.394557952881e+02 1.776451587677e+00
2.394569244385e+02 1.790379524231e+00
2.394580535889e+02 1.407308340073e+00
2.394591674805e+02 7.576133012772e-01
2.394602966309e+02 2.457036972046e-01
2.394614257812e+02 1.343581974506e-01
2.394625549316e+02 -8.454500883818e-02
2.394636840820e+02 -8.435870707035e-02
2.394648132324e+02 -1.024350076914e-01
2.394659423828e+02 -2.816848754883e-01
2.394670715332e+02 -2.796314656734e-01
2.394682006836e+02 -1.223848462105e-01
2.394693298340e+02 -4.214582592249e-02
2.394704589844e+02 2.590595185757e-01
2.394715881348e+02 5.504069328308e-01
2.394727172852e+02 5.824682712555e-01
2.394738464355e+02 5.291569232941e-01
2.394749755859e+02 6.082320809364e-01
2.394761047363e+02 4.173500537872e-01
2.394772338867e+02 1.608364284039e-01
2.394783630371e+02 -1.652278453112e-01
2.394794921875e+02 -2.513009011745e-01
2.394806213379e+02 -4.091737568378e-01
2.394817504883e+02 -5.007954835892e-01
2.394828796387e+02 -5.300325751305e-01
2.394840087891e+02 -8.068626523018e-01
2.394851379395e+02 -8.820290565491e-01
2.394862670898e+02 -9.673532843590e-01
2.394873962402e+02 -9.016276597977e-01
2.394885253906e+02 -7.161235809326e-01
2.394896545410e+02 -5.509812235832e-01
2.394907836914e+02 -6.264491081238e-01
2.394919128418e+02 -6.172394156456e-01
2.394930419922e+02 -6.224112510681e-01
2.394941711426e+02 -6.064276695251e-01
2.394953002930e+02 -4.689590036869e-01
2.394964294434e+02 5.446383357048e-02
2.394975585938e+02 2.403784692287e-01
2.394986877441e+02 1.617513448000e-01
2.394998168945e+02 6.060528755188e-01
2.395009460449e+02 9.909006357193e-01
2.395020751953e+02 1.240654110909e+00
2.395032043457e+02 1.219827175140e+00
2.395043334961e+02 9.403356909752e-01
2.395054626465e+02 5.164020061493e-01
2.395065917969e+02 2.541773021221e-01
2.395077209473e+02 2.478602975607e-01
2.395088500977e+02 5.013517141342e-01
2.395099792480e+02 1.437581896782e+00
2.395111083984e+02 1.965917706490e+00
2.395122375488e+02 2.224277257919e+00
2.395133666992e+02 2.891477108002e+00
2.395144958496e+02 4.141982555389e+00
2.395156250000e+02 3.788277626038e+00
2.395167541504e+02 2.620985746384e+00
2.395178833008e+02 2.377431154251e+00
2.395190124512e+02 2.617754220963e+00
2.395201416016e+02 2.583476781845e+00
2.395212707520e+02 3.034943342209e+00
2.395223999023e+02 3.804415464401e+00
2.395235290527e+02 3.728766441345e+00
2.395246582031e+02 3.652285814285e+00
2.395257873535e+02 3.421248435974e+00
2.395269165039e+02 2.758017778397e+00
2.395280456543e+02 1.804965019226e+00
2.395291595459e+02 1.273720145226e+00
2.395302886963e+02 2.287023305893e+00
2.395314178467e+02 3.077605724335e+00
2.395325469971e+02 2.631561994553e+00
2.395336761475e+02 2.811069488525e+00
2.395348052979e+02 3.034723043442e+00
2.395359344482e+02 2.999115228653e+00
2.395370635986e+02 1.521486639977e+00
2.395381927490e+02 4.869114756584e-01
2.395393218994e+02 9.642348438501e-02
2.395404510498e+02 -2.090341150761e-01
2.395415802002e+02 -2.124652266502e-01
2.395427093506e+02 -4.305145889521e-02
2.395438385010e+02 1.116270571947e-01
2.395449676514e+02 -5.234007909894e-02
2.395460968018e+02 -5.543648824096e-02
2.395472259521e+02 1.061749011278e-01
2.395483551025e+02 -1.620643585920e-01
2.395494842529e+02 -1.987759917974e-01
2.395506134033e+02 -1.554759293795e-01
2.395517425537e+02 -3.273975104094e-02
2.395528717041e+02 2.185639888048e-01
2.395540008545e+02 9.381514042616e-02
2.395551300049e+02 -1.230586022139e-01
2.395562591553e+02 -2.894162833691e-01
2.395573883057e+02 -2.746795713902e-01
2.395585174561e+02 -2.809682190418e-01
2.395596466064e+02 -3.012711107731e-01
2.395607757568e+02 -3.096064925194e-01
2.395619049072e+02 -1.142793074250e-01
2.395630340576e+02 -9.675744175911e-02
2.395641632080e+02 6.260461211205e-01
2.395652923584e+02 9.869821667671e-01
2.395664215088e+02 7.255122065544e-01
2.395675506592e+02 8.372555971146e-01
2.395686798096e+02 1.377369642258e+00
2.395698089600e+02 1.739686369896e+00
2.395709381104e+02 1.763689279556e+00
2.395720672607e+02 2.047226905823e+00
2.395731964111e+02 2.660804033279e+00
2.395743255615e+02 2.818813800812e+00
2.395754547119e+02 2.075163125992e+00
2.395765838623e+02 1.095410346985e+00
2.395777130127e+02 5.214067101479e-01
2.395788421631e+02 2.760785520077e-01
2.395799713135e+02 4.021232202649e-02
2.395811004639e+02 1.217337772250e-01
2.395822296143e+02 1.149790525436e+00
2.395833587646e+02 3.216174840927e+00
2.395844879150e+02 6.086364746094e+00
2.395856170654e+02 8.650683403015e+00
2.395867462158e+02 1.253979110718e+01
2.395878753662e+02 1.576784706116e+01
2.395890045166e+02 1.505998897552e+01
2.395901336670e+02 1.301986122131e+01
2.395912628174e+02 1.069375991821e+01
2.395923919678e+02 7.036745071411e+00
2.395935211182e+02 3.761241197586e+00
2.395946502686e+02 1.515994668007e+00
2.395957794189e+02 2.577870190144e-01
2.395969085693e+02 3.718343973160e-01
2.395980377197e+02 9.576999545097e-01
2.395991668701e+02 2.432312011719e+00
2.396002807617e+02 2.985744237900e+00
2.396014099121e+02 2.737237930298e+00
2.396025390625e+02 2.967263698578e+00
2.396036682129e+02 3.143315315247e+00
2.396047973633e+02 2.698828935623e+00
2.396059265137e+02 1.725181698799e+00
2.396070556641e+02 6.396278142929e-01
2.396081848145e+02 5.487028360367e-01
2.396093139648e+02 6.695122718811e-01
2.396104431152e+02 1.442444086075e+00
2.396115722656e+02 2.610810041428e+00
2.396127014160e+02 5.062137126923e+00
2.396138305664e+02 6.260392189026e+00
2.396149597168e+02 5.724452972412e+00
2.396160888672e+02 5.964604854584e+00
2.396172180176e+02 5.784968376160e+00
2.396183471680e+02 4.742180824280e+00
2.396194763184e+02 3.142311811447e+00
2.396206054688e+02 2.543375730515e+00
2.396217346191e+02 2.173937320709e+00
2.396228637695e+02 2.258655071259e+00
2.396239929199e+02 2.119119405746e+00
2.396251220703e+02 1.977010369301e+00
2.396262512207e+02 1.137985110283e+00
2.396273803711e+02 2.007767856121e-01
2.396285095215e+02 -2.602632939816e-01
2.396296386719e+02 -6.017851233482e-01
2.396307678223e+02 -4.731476902962e-01
2.396318969727e+02 -1.182091608644e-01
2.396330261230e+02 1.747305542231e-01
2.396341552734e+02 6.405482888222e-01
2.396352844238e+02 7.277553081512e-01
2.396364135742e+02 8.423538208008e-01
2.396375427246e+02 1.978573083878e+00
2.396386718750e+02 2.811848163605e+00
2.396398010254e+02 3.981946229935e+00
2.396409301758e+02 7.018178939819e+00
2.396420593262e+02 1.217758178711e+01
2.396431884766e+02 1.717948913574e+01
2.396443176270e+02 1.959136199951e+01
2.396454467773e+02 1.954687118530e+01
2.396465759277e+02 1.562455463409e+01
2.396477050781e+02 1.178671932220e+01
2.396488342285e+02 8.405495643616e+00
2.396499633789e+02 5.912562847137e+00
2.396510925293e+02 3.007393360138e+00
2.396522216797e+02 9.612402915955e-01
2.396533508301e+02 3.803789615631e-01
2.396544799805e+02 3.317270576954e-01
2.396556091309e+02 5.159035325050e-01
2.396567382812e+02 1.401392221451e+00
2.396578674316e+02 3.109623908997e+00
2.396589965820e+02 6.038936614990e+00
2.396601257324e+02 6.875416755676e+00
2.396612548828e+02 7.475821495056e+00
2.396623840332e+02 8.443226814270e+00
2.396635131836e+02 8.649441719055e+00
2.396646423340e+02 7.450842380524e+00
2.396657714844e+02 5.996303558350e+00
2.396669006348e+02 5.998289585114e+00
2.396680297852e+02 8.856668472290e+00
2.396691589355e+02 9.176589965820e+00
2.396702728271e+02 8.052397727966e+00
2.396714019775e+02 6.743581771851e+00
2.396725311279e+02 5.220446109772e+00
2.396736602783e+02 3.928244352341e+00
2.396747894287e+02 1.524706125259e+00
2.396759185791e+02 1.249404177070e-01
2.396770477295e+02 -3.172484040260e-01
2.396781768799e+02 -5.042586922646e-01
2.396793060303e+02 -5.193257331848e-01
2.396804351807e+02 -5.444475412369e-01
2.396815643311e+02 -3.875180184841e-01
2.396826934814e+02 -8.487983793020e-02
2.396838226318e+02 -2.199498750269e-02
2.396849517822e+02 1.996639668941e-01
2.396860809326e+02 6.238936781883e-01
2.396872100830e+02 8.695489168167e-01
2.396883392334e+02 1.804356813431e+00
2.396894683838e+02 5.306448459625e+00
2.396905975342e+02 9.988855361938e+00
2.396917266846e+02 1.160201072693e+01
2.396928558350e+02 1.231581115723e+01
2.396939849854e+02 1.329856777191e+01
2.396951141357e+02 1.578166103363e+01
2.396962432861e+02 1.308879375458e+01
2.396973724365e+02 9.100438117981e+00
2.396985015869e+02 7.956513881683e+00
2.396996307373e+02 7.175384998322e+00
2.397007598877e+02 6.157173156738e+00
2.397018890381e+02 4.614907741547e+00
2.397030181885e+02 5.968467235565e+00
2.397041473389e+02 1.553590297699e+01
2.397052764893e+02 2.565986251831e+01
2.397064056396e+02 3.364748764038e+01
2.397075347900e+02 3.882645034790e+01
2.397086639404e+02 3.574579238892e+01
2.397097930908e+02 2.798883628845e+01
2.397109222412e+02 2.136422729492e+01
2.397120513916e+02 1.423586177826e+01
2.397131805420e+02 1.034611320496e+01
2.397143096924e+02 7.481002807617e+00
2.397154388428e+02 4.898997783661e+00
2.397165679932e+02 3.233001470566e+00
2.397176971436e+02 1.957506775856e+00
2.397188262939e+02 1.705889463425e+00
2.397199554443e+02 1.278203010559e+00
2.397210845947e+02 1.070868253708e+00
2.397222137451e+02 1.588630825281e-01
2.397233428955e+02 -2.741840481758e-01
2.397244720459e+02 -2.373530715704e-01
2.397256011963e+02 -1.477158516645e-01
2.397267303467e+02 6.106738373637e-02
2.397278594971e+02 -3.569385409355e-02
2.397289886475e+02 -4.271518811584e-02
2.397301177979e+02 -1.950125396252e-01
2.397312469482e+02 -3.398803174496e-01
2.397323760986e+02 -4.046048521996e-01
2.397335052490e+02 -5.631588026881e-02
2.397346343994e+02 1.413417696953e+00
2.397357635498e+02 4.130136013031e+00
2.397368927002e+02 7.579397678375e+00
2.397380218506e+02 8.928258895874e+00
2.397391510010e+02 8.776774406433e+00
2.397402801514e+02 9.353028297424e+00
2.397413940430e+02 8.220088005066e+00
2.397425231934e+02 5.507148742676e+00
2.397436523438e+02 3.221570730209e+00
2.397447814941e+02 1.463200926781e+00
2.397459106445e+02 5.998354554176e-01
2.397470397949e+02 4.806193411350e-01
2.397481689453e+02 3.881412446499e-01
2.397492980957e+02 1.302444934845e+00
2.397504272461e+02 4.049865722656e+00
2.397515563965e+02 7.458137989044e+00
2.397526855469e+02 8.292439460754e+00
2.397538146973e+02 7.994043350220e+00
2.397549438477e+02 7.947581768036e+00
2.397560729980e+02 7.124008655548e+00
2.397572021484e+02 4.698425769806e+00
2.397583312988e+02 2.195686817169e+00
2.397594604492e+02 4.294596016407e-01
2.397605895996e+02 1.431025415659e-01
2.397617187500e+02 2.451111525297e-01
2.397628479004e+02 3.073761165142e-01
2.397639770508e+02 1.223494529724e+00
2.397651062012e+02 2.842507600784e+00
2.397662353516e+02 4.525655746460e+00
2.397673645020e+02 8.220717430115e+00
2.397684936523e+02 1.253496932983e+01
2.397696228027e+02 1.458924102783e+01
2.397707519531e+02 1.448790454865e+01
2.397718811035e+02 1.336664104462e+01
2.397730102539e+02 1.122882652283e+01
2.397741394043e+02 8.849715232849e+00
2.397752685547e+02 8.661937713623e+00
2.397763977051e+02 9.348266601562e+00
2.397775268555e+02 8.508790016174e+00
2.397786560059e+02 7.673533439636e+00
2.397797851562e+02 6.616127490997e+00
2.397809143066e+02 6.033297538757e+00
2.397820434570e+02 5.624185085297e+00
2.397831726074e+02 7.560177326202e+00
2.397843017578e+02 1.090397167206e+01
2.397854309082e+02 1.316608142853e+01
2.397865600586e+02 1.380351257324e+01
2.397876892090e+02 1.458705425262e+01
2.397888183594e+02 1.586248111725e+01
2.397899475098e+02 1.677073669434e+01
2.397910766602e+02 1.463206386566e+01
2.397922058105e+02 1.318006610870e+01
2.397933349609e+02 1.235398769379e+01
2.397944641113e+02 1.235818290710e+01
2.397955932617e+02 1.327991199493e+01
2.397967224121e+02 1.323635101318e+01
2.397978515625e+02 1.232611656189e+01
2.397989807129e+02 1.141935920715e+01
2.398001098633e+02 9.166096687317e+00
2.398012390137e+02 6.136436462402e+00
2.398023681641e+02 3.166121244431e+00
2.398034973145e+02 1.205991029739e+00
2.398046264648e+02 4.567086994648e-01
2.398057556152e+02 2.673397064209e+00
2.398068847656e+02 6.816501617432e+00
2.398080139160e+02 1.099820041656e+01
2.398091430664e+02 1.414140605927e+01
2.398102722168e+02 1.748386573792e+01
2.398113861084e+02 1.680395698547e+01
2.398125152588e+02 1.428537940979e+01
2.398136444092e+02 1.040427398682e+01
2.398147735596e+02 6.932725906372e+00
2.398159027100e+02 3.868426799774e+00
2.398170318604e+02 1.808447837830e+00
2.398181610107e+02 1.975870370865e+00
2.398192901611e+02 1.326160073280e+00
2.398204193115e+02 1.433840274811e+00
2.398215484619e+02 1.162081241608e+00
2.398226776123e+02 9.715940356255e-01
2.398238067627e+02 1.213442325592e+00
2.398249359131e+02 1.294818520546e+00
2.398260650635e+02 8.846841454506e-01
2.398271942139e+02 1.175057411194e+00
2.398283233643e+02 2.081605195999e+00
2.398294525146e+02 4.612984657288e+00
2.398305816650e+02 7.924715995789e+00
2.398317108154e+02 1.163998889923e+01
2.398328399658e+02 1.233316802979e+01
2.398339691162e+02 1.205957889557e+01
2.398350982666e+02 1.096024799347e+01
2.398362274170e+02 7.903416633606e+00
2.398373565674e+02 4.975366115570e+00
2.398384857178e+02 2.569425106049e+00
2.398396148682e+02 7.137060165405e-01
2.398407440186e+02 5.593879818916e-01
2.398418731689e+02 7.772241234779e-01
2.398430023193e+02 1.467304110527e+00
2.398441314697e+02 1.894609212875e+00
2.398452606201e+02 2.349793195724e+00
2.398463897705e+02 3.007215738297e+00
2.398475189209e+02 3.564224958420e+00
2.398486480713e+02 3.346565961838e+00
2.398497772217e+02 2.969027996063e+00
2.398509063721e+02 2.674552202225e+00
2.398520355225e+02 1.892671704292e+00
2.398531646729e+02 7.180007100105e-01
2.398542938232e+02 3.476186692715e-01
2.398554229736e+02 3.131451904774e-01
2.398565521240e+02 1.154777184129e-01
2.398576812744e+02 -1.848571598530e-01
2.398588104248e+02 -7.954561710358e-02
2.398599395752e+02 -1.460797488689e-01
2.398610687256e+02 -2.988559305668e-01
2.398621978760e+02 -5.795138478279e-01
2.398633270264e+02 -6.157065629959e-01
2.398644561768e+02 -5.280457735062e-01
2.398655853271e+02 -3.960246741772e-01
2.398667144775e+02 -2.780733108521e-01
2.398678436279e+02 6.001441478729e-01
2.398689727783e+02 1.165687561035e+00
2.398701019287e+02 1.207960367203e+00
2.398712310791e+02 9.818485975266e-01
2.398723602295e+02 7.509118318558e-01
2.398734893799e+02 4.199405014515e-01
2.398746185303e+02 -2.478097528219e-01
2.398757476807e+02 -7.839779853821e-01
2.398768768311e+02 -1.026735901833e+00
2.398780059814e+02 -1.101493000984e+00
2.398791351318e+02 -1.018857002258e+00
2.398802642822e+02 -9.014019370079e-01
2.398813934326e+02 -8.580663800240e-01
2.398825073242e+02 -5.907537341118e-01
2.398836364746e+02 -5.858092755079e-02
2.398847656250e+02 9.442268610001e-01
2.398858947754e+02 1.906921982765e+00
2.398870239258e+02 2.362956285477e+00
2.398881530762e+02 2.391351222992e+00
2.398892822266e+02 2.712224245071e+00
2.398904113770e+02 2.198118448257e+00
2.398915405273e+02 1.159355878830e+00
2.398926696777e+02 1.197872534394e-01
2.398937988281e+02 -5.477996468544e-01
2.398949279785e+02 -6.371258497238e-01
2.398960571289e+02 -5.978386402130e-01
2.398971862793e+02 -6.196264624596e-01
2.398983154297e+02 -7.188855409622e-01
2.398994445801e+02 -6.425197124481e-01
2.399005737305e+02 -6.030917167664e-01
2.399017028809e+02 -5.228466987610e-01
2.399028320312e+02 -7.030541300774e-01
2.399039611816e+02 -6.473802924156e-01
2.399050903320e+02 -4.033321142197e-01
2.399062194824e+02 5.680123344064e-02
2.399073486328e+02 6.113637089729e-01
2.399084777832e+02 1.809556126595e+00
2.399096069336e+02 5.009582042694e+00
2.399107360840e+02 9.405181884766e+00
2.399118652344e+02 1.304640579224e+01
2.399129943848e+02 1.362868499756e+01
2.399141235352e+02 1.311012363434e+01
2.399152526855e+02 1.240370655060e+01
2.399163818359e+02 9.336997985840e+00
2.399175109863e+02 6.031851291656e+00
2.399186401367e+02 3.024191856384e+00
2.399197692871e+02 7.919846773148e-01
2.399208984375e+02 4.692521989346e-01
2.399220275879e+02 -1.604660600424e-01
2.399231567383e+02 -6.860540509224e-01
2.399242858887e+02 -1.090586543083e+00
2.399254150391e+02 -1.160026192665e+00
2.399265441895e+02 -1.171121239662e+00
2.399276733398e+02 -1.008651018143e+00
2.399288024902e+02 -3.996937870979e-01
2.399299316406e+02 3.801686465740e-01
2.399310607910e+02 4.674027860165e-01
2.399321899414e+02 4.899750351906e-01
2.399333190918e+02 1.371262073517e+00
2.399344482422e+02 3.998204946518e+00
2.399355773926e+02 7.095954418182e+00
2.399367065430e+02 8.324065208435e+00
2.399378356934e+02 8.162476539612e+00
2.399389648438e+02 8.576241493225e+00
2.399400939941e+02 9.499822616577e+00
2.399412231445e+02 7.824143409729e+00
2.399423522949e+02 4.473502159119e+00
2.399434814453e+02 2.909537792206e+00
2.399446105957e+02 3.307246446609e+00
2.399457397461e+02 2.610866546631e+00
2.399468688965e+02 2.499040126801e+00
2.399479980469e+02 2.137438058853e+00
2.399491271973e+02 3.098640918732e+00
2.399502563477e+02 4.062733650208e+00
2.399513854980e+02 4.330690860748e+00
2.399524993896e+02 4.049258708954e+00
2.399536285400e+02 4.109891891479e+00
2.399547576904e+02 4.606087207794e+00
2.399558868408e+02 4.640784263611e+00
2.399570159912e+02 4.049847126007e+00
2.399581451416e+02 3.140400886536e+00
2.399592742920e+02 2.563740968704e+00
2.399604034424e+02 2.321806430817e+00
2.399615325928e+02 2.609309196472e+00
2.399626617432e+02 1.025656580925e+00
2.399637908936e+02 -4.113378822803e-01
2.399649200439e+02 -8.910400867462e-01
2.399660491943e+02 -9.348979592323e-01
2.399671783447e+02 -1.008948683739e+00
2.399683074951e+02 -1.090075254440e+00
2.399694366455e+02 -9.569038152695e-01
2.399705657959e+02 -7.750005722046e-01
2.399716949463e+02 -6.969961524010e-01
2.399728240967e+02 -8.128194212914e-01
2.399739532471e+02 -6.789826750755e-01
2.399750823975e+02 -5.179846286774e-01
2.399762115479e+02 -3.607169091702e-01
2.399773406982e+02 -1.893317103386e-01
2.399784698486e+02 9.261728078127e-02
2.399795989990e+02 2.882323265076e+00
2.399807281494e+02 5.406999588013e+00
2.399818572998e+02 6.867997646332e+00
2.399829864502e+02 8.294534683228e+00
2.399841156006e+02 7.655375480652e+00
2.399852447510e+02 6.288093090057e+00
2.399863739014e+02 3.281200647354e+00
2.399875030518e+02 9.751585721970e-01
2.399886322021e+02 2.266427315772e-02
2.399897613525e+02 -3.931362628937e-01
2.399908905029e+02 -3.482581377029e-01
2.399920196533e+02 -1.723288558424e-02
2.399931488037e+02 2.635432004929e+00
2.399942779541e+02 4.937939167023e+00
2.399954071045e+02 6.244550228119e+00
2.399965362549e+02 7.419260978699e+00
2.399976654053e+02 7.064353466034e+00
2.399987945557e+02 5.709613800049e+00
2.399999237061e+02 2.918726444244e+00
2.400010528564e+02 7.343610525131e-01
2.400021820068e+02 6.420022249222e-01
2.400033111572e+02 9.271435737610e-01
2.400044403076e+02 1.245460391045e+00
2.400055694580e+02 1.149963378906e+00
2.400066986084e+02 1.035341024399e+00
2.400078277588e+02 1.116251826286e+00
2.400089569092e+02 1.014594316483e+00
2.400100860596e+02 9.393889307976e-01
2.400112152100e+02 4.697009623051e-01
2.400123443604e+02 2.206471711397e-01
2.400134735107e+02 2.925048172474e-01
2.400146026611e+02 4.390497803688e-01
2.400157318115e+02 2.208336889744e-01
2.400168609619e+02 -3.975573182106e-01
2.400179901123e+02 -5.430235862732e-01
2.400191192627e+02 -7.675405144691e-01
2.400202484131e+02 -7.199620604515e-01
2.400213775635e+02 -8.094275593758e-01
2.400225067139e+02 -9.700821042061e-01
2.400236206055e+02 -9.243908524513e-01
2.400247497559e+02 -9.489914774895e-01
2.400258789062e+02 -1.034940600395e+00
2.400270080566e+02 -1.138459682465e+00
2.400281372070e+02 -1.071409344673e+00
2.400292663574e+02 -1.143623709679e+00
2.400303955078e+02 -1.281771302223e+00
2.400315246582e+02 -9.809517264366e-01
2.400326538086e+02 -9.925041198730e-01
2.400337829590e+02 -7.147011160851e-01
2.400349121094e+02 -5.068357586861e-01
2.400360412598e+02 -3.835254609585e-01
2.400371704102e+02 -3.454545140266e-01
2.400382995605e+02 -2.519173324108e-01
2.400394287109e+02 -2.468937188387e-01
2.400405578613e+02 -2.980175018311e-01
2.400416870117e+02 -1.753877550364e-01
2.400428161621e+02 -1.369283646345e-01
2.400439453125e+02 -2.660626173019e-01
2.400450744629e+02 -1.550955176353e-01
2.400462036133e+02 9.033949375153e-01
2.400473327637e+02 3.345468282700e+00
2.400484619141e+02 7.873152256012e+00
2.400495910645e+02 1.182022285461e+01
2.400507202148e+02 1.296809577942e+01
2.400518493652e+02 1.258317184448e+01
2.400529785156e+02 1.113647365570e+01
2.400541076660e+02 7.935338020325e+00
2.400552368164e+02 4.384350299835e+00
2.400563659668e+02 1.940407156944e+00
2.400574951172e+02 3.879756629467e-01
2.400586242676e+02 1.973562389612e-01
2.400597534180e+02 5.026556178927e-02
2.400608825684e+02 5.100702866912e-02
2.400620117188e+02 1.323336176574e-02
2.400631408691e+02 2.139445841312e-01
2.400642700195e+02 2.574344165623e-02
2.400653991699e+02 -7.969982922077e-02
2.400665283203e+02 3.517320007086e-02
2.400676574707e+02 2.464783340693e-01
2.400687866211e+02 3.615007996559e-01
2.400699157715e+02 7.810112833977e-01
2.400710449219e+02 5.679640769958e-01
2.400721740723e+02 6.278309971094e-02
2.400733032227e+02 -5.796296149492e-02
2.400744323730e+02 -4.783721640706e-02
2.400755615234e+02 -2.173680067062e-01
2.400766906738e+02 -3.592271506786e-01
2.400778198242e+02 -7.192321121693e-02
2.400789489746e+02 8.344409614801e-02
2.400800781250e+02 8.924040198326e-02
2.400812072754e+02 -3.308828920126e-02
2.400823364258e+02 -3.398122191429e-01
2.400834655762e+02 -3.178572058678e-01
2.400845947266e+02 -3.136372864246e-01
2.400857238770e+02 -3.686679601669e-01
2.400868530273e+02 -7.896321266890e-02
2.400879821777e+02 3.708852231503e-01
2.400891113281e+02 2.149181365967e+00
2.400902404785e+02 4.227997779846e+00
2.400913696289e+02 5.466138362885e+00
2.400924987793e+02 6.064514160156e+00
2.400936126709e+02 5.938115596771e+00
2.400947418213e+02 5.355823040009e+00
2.400958709717e+02 4.310487747192e+00
2.400970001221e+02 2.680452823639e+00
2.400981292725e+02 1.069080591202e+00
2.400992584229e+02 3.003795146942e-01
2.401003875732e+02 -1.458373665810e-01
2.401015167236e+02 -4.286542236805e-01
2.401026458740e+02 -7.639447450638e-01
2.401037750244e+02 -6.894190907478e-01
2.401049041748e+02 -6.330318450928e-01
2.401060333252e+02 -2.360906749964e-01
2.401071624756e+02 6.310992240906e-01
2.401082916260e+02 9.071147441864e-01
2.401094207764e+02 9.370193481445e-01
2.401105499268e+02 8.476794362068e-01
2.401116790771e+02 7.397552132607e-01
2.401128082275e+02 5.552279353142e-01
2.401139373779e+02 5.252100229263e-01
2.401150665283e+02 8.086964488029e-01
2.401161956787e+02 1.332525014877e+00
2.401173248291e+02 1.594273090363e+00
2.401184539795e+02 1.397278785706e+00
2.401195831299e+02 1.165828466415e+00
2.401207122803e+02 7.997132539749e-01
2.401218414307e+02 -7.465603202581e-02
2.401229705811e+02 -5.092344284058e-01
2.401240997314e+02 -5.429733991623e-01
2.401252288818e+02 -3.922713398933e-01
2.401263580322e+02 -3.414485156536e-01
2.401274871826e+02 -2.181757390499e-01
2.401286163330e+02 1.317308098078e-01
2.401297454834e+02 2.844402194023e-01
2.401308746338e+02 3.398126363754e-01
2.401320037842e+02 6.478817462921e-01
2.401331329346e+02 1.249351978302e+00
2.401342620850e+02 1.993341922760e+00
2.401353912354e+02 1.802320957184e+00
2.401365203857e+02 1.827756285667e+00
2.401376495361e+02 2.234341621399e+00
2.401387786865e+02 2.427023887634e+00
2.401399078369e+02 1.780667781830e+00
2.401410369873e+02 1.039010524750e+00
2.401421661377e+02 8.519788980484e-01
2.401432952881e+02 1.869599938393e+00
2.401444244385e+02 5.057268142700e+00
2.401455535889e+02 8.579366683960e+00
2.401466827393e+02 1.002870559692e+01
2.401478118896e+02 1.024491691589e+01
2.401489410400e+02 8.779074668884e+00
2.401500701904e+02 6.862330436707e+00
2.401511993408e+02 4.115501880646e+00
2.401523284912e+02 1.606100678444e+00
2.401534576416e+02 7.237842082977e-01
2.401545867920e+02 3.955396115780e-01
2.401557159424e+02 7.485277652740e-01
2.401568450928e+02 1.252543210983e+00
2.401579742432e+02 1.916537761688e+00
2.401591033936e+02 2.424474716187e+00
2.401602325439e+02 2.906835556030e+00
2.401613616943e+02 3.536299943924e+00
2.401624908447e+02 3.680482149124e+00
2.401636047363e+02 3.253730297089e+00
2.401647338867e+02 2.657859325409e+00
2.401658630371e+02 2.052084207535e+00
2.401669921875e+02 1.658555150032e+00
2.401681213379e+02 5.564613342285e-01
2.401692504883e+02 -1.107778027654e-01
2.401703796387e+02 -2.009103298187e-01
2.401715087891e+02 -2.689038515091e-01
2.401726379395e+02 -2.577092349529e-01
2.401737670898e+02 -1.252352744341e-01
2.401748962402e+02 1.777620911598e-01
2.401760253906e+02 5.845680236816e-01
2.401771545410e+02 1.373752474785e+00
2.401782836914e+02 2.113344907761e+00
2.401794128418e+02 2.245745658875e+00
2.401805419922e+02 2.373253345490e+00
2.401816711426e+02 2.852395772934e+00
2.401828002930e+02 2.903669834137e+00
2.401839294434e+02 2.715874195099e+00
2.401850585938e+02 2.487867116928e+00
2.401861877441e+02 2.270262479782e+00
2.401873168945e+02 1.886787772179e+00
2.401884460449e+02 1.434667825699e+00
2.401895751953e+02 9.343355894089e-01
2.401907043457e+02 2.160332053900e-01
2.401918334961e+02 -1.773889064789e-01
2.401929626465e+02 -2.592052817345e-01
2.401940917969e+02 3.588400036097e-02
2.401952209473e+02 1.843212842941e-01
2.401963500977e+02 2.140170633793e-01
2.401974792480e+02 3.336485624313e-01
2.401986083984e+02 3.554818630219e+00
2.401997375488e+02 1.066263294220e+01
2.402008666992e+02 1.703996849060e+01
2.402019958496e+02 2.146241569519e+01
2.402031250000e+02 2.314174079895e+01
2.402042541504e+02 1.997669410706e+01
2.402053833008e+02 1.619862556458e+01
2.402065124512e+02 1.016922187805e+01
2.402076416016e+02 4.382893085480e+00
2.402087707520e+02 1.969998955727e+00
2.402098999023e+02 7.467936277390e-01
2.402110290527e+02 5.395514965057e-01
2.402121582031e+02 2.417808175087e-01
2.402132873535e+02 3.715387359262e-02
2.402144165039e+02 -9.097688645124e-02
2.402155456543e+02 -1.532227396965e-01
2.402166748047e+02 -8.719807863235e-02
2.402178039551e+02 2.170716971159e-01
2.402189331055e+02 5.959115624428e-01
2.402200622559e+02 2.040584564209e+00
2.402211914062e+02 4.220704078674e+00
2.402223205566e+02 5.510233879089e+00
2.402234497070e+02 5.385148525238e+00
2.402245788574e+02 7.652863025665e+00
2.402257080078e+02 1.196786880493e+01
2.402268371582e+02 1.529179382324e+01
2.402279663086e+02 1.654332923889e+01
2.402290954590e+02 1.435527515411e+01
2.402302246094e+02 1.220388698578e+01
2.402313537598e+02 8.350816726685e+00
2.402324829102e+02 4.268901348114e+00
2.402336120605e+02 2.386471986771e+00
2.402347259521e+02 1.257308483124e+00
2.402358551025e+02 9.030656814575e-01
2.402369842529e+02 7.238727807999e-01
2.402381134033e+02 4.197213053703e-01
2.402392425537e+02 8.835995942354e-02
2.402403717041e+02 5.227595195174e-02
2.402415008545e+02 3.002727031708e-01
2.402426300049e+02 5.226862430573e-01
2.402437591553e+02 5.534515976906e-01
2.402448883057e+02 6.047356128693e-01
2.402460174561e+02 7.110742330551e-01
2.402471466064e+02 5.526477098465e-01
2.402482757568e+02 3.256476223469e-01
2.402494049072e+02 2.768764793873e-01
2.402505340576e+02 1.470055282116e-01
2.402516632080e+02 4.114035144448e-02
2.402527923584e+02 1.020354330540e-01
2.402539215088e+02 1.540461033583e-01
2.402550506592e+02 -3.334419569001e-03
2.402561798096e+02 -5.256836414337e-01
2.402573089600e+02 -7.161464691162e-01
2.402584381104e+02 -7.928608059883e-01
2.402595672607e+02 -5.620391368866e-01
2.402606964111e+02 -1.385842263699e-02
2.402618255615e+02 1.095050811768e+00
2.402629547119e+02 2.098153591156e+00
2.402640838623e+02 2.296762943268e+00
2.402652130127e+02 2.463625192642e+00
2.402663421631e+02 2.243273496628e+00
2.402674713135e+02 1.838035345078e+00
2.402686004639e+02 7.604179382324e-01
2.402697296143e+02 -4.131081104279e-01
2.402708587646e+02 -5.026618242264e-01
2.402719879150e+02 -3.039475083351e-01
2.402731170654e+02 -1.267578750849e-01
2.402742462158e+02 1.917475759983e-01
2.402753753662e+02 5.034417510033e-01
2.402765045166e+02 2.031495571136e+00
2.402776336670e+02 5.238258361816e+00
2.402787628174e+02 1.026618576050e+01
2.402798919678e+02 1.426177406311e+01
2.402810211182e+02 1.541495037079e+01
2.402821502686e+02 1.405099773407e+01
2.402832794189e+02 1.063085556030e+01
2.402844085693e+02 7.496820449829e+00
2.402855377197e+02 4.813791751862e+00
2.402866668701e+02 3.173849344254e+00
2.402877960205e+02 2.307642698288e+00
2.402889251709e+02 1.749128222466e+00
2.402900543213e+02 2.423120260239e+00
2.402911834717e+02 4.280956745148e+00
2.402923126221e+02 5.131343841553e+00
2.402934417725e+02 4.434547901154e+00
2.402945709229e+02 3.800714969635e+00
2.402957000732e+02 3.653068780899e+00
2.402968292236e+02 2.779105901718e+00
2.402979583740e+02 7.895268797874e-01
2.402990875244e+02 -8.725088834763e-02
2.403002166748e+02 -3.067969679832e-01
2.403013458252e+02 -5.295918583870e-01
2.403024749756e+02 -5.882364511490e-01
2.403036041260e+02 -3.656689524651e-01
2.403047180176e+02 -4.099953472614e-01
2.403058471680e+02 -4.378780722618e-01
2.403069763184e+02 -1.420622169971e-01
2.403081054688e+02 7.828865200281e-02
2.403092346191e+02 -4.313810169697e-02
2.403103637695e+02 -1.786826103926e-01
2.403114929199e+02 -1.854642182589e-01
2.403126220703e+02 -3.642454147339e-01
2.403137512207e+02 -5.559258460999e-01
2.403148803711e+02 -5.886561274529e-01
2.403160095215e+02 -5.001512169838e-01
2.403171386719e+02 -2.790302038193e-01
2.403182678223e+02 -2.006595730782e-01
2.403193969727e+02 -7.646580785513e-02
2.403205261230e+02 9.851555526257e-02
2.403216552734e+02 4.465738534927e-01
2.403227844238e+02 7.170022726059e-01
2.403239135742e+02 6.865984201431e-01
2.403250427246e+02 9.653087854385e-01
2.403261718750e+02 1.336175918579e+00
2.403273010254e+02 1.306273818016e+00
2.403284301758e+02 7.763285636902e-01
2.403295593262e+02 5.237106680870e-01
2.403306884766e+02 5.329114198685e-01
2.403318176270e+02 3.076786100864e-01
2.403329467773e+02 -1.736016385257e-02
2.403340759277e+02 -1.384376641363e-02
2.403352050781e+02 -6.018901616335e-02
2.403363342285e+02 -2.393442839384e-01
2.403374633789e+02 -3.620373010635e-01
2.403385925293e+02 8.991836756468e-02
2.403397216797e+02 1.477115750313e+00
2.403408508301e+02 5.909104347229e+00
2.403419799805e+02 9.685103416443e+00
2.403431091309e+02 1.171110153198e+01
2.403442382812e+02 1.145445728302e+01
2.403453674316e+02 1.125968933105e+01
2.403464965820e+02 1.020834541321e+01
2.403476257324e+02 7.105591773987e+00
2.403487548828e+02 5.208343505859e+00
2.403498840332e+02 4.818913936615e+00
2.403510131836e+02 6.963623523712e+00
2.403521423340e+02 1.180591392517e+01
2.403532714844e+02 1.550666809082e+01
2.403544006348e+02 1.758123970032e+01
2.403555297852e+02 1.665260124207e+01
2.403566589355e+02 1.482510757446e+01
2.403577880859e+02 1.100757122040e+01
2.403589172363e+02 6.128004074097e+00
2.403600463867e+02 3.756399631500e+00
2.403611755371e+02 2.282320499420e+00
2.403623046875e+02 1.819369316101e+00
2.403634338379e+02 1.571326613426e+00
2.403645629883e+02 1.614632964134e+00
2.403656921387e+02 8.394982814789e-01
2.403668212891e+02 2.273413538933e-01
2.403679504395e+02 1.248254999518e-01
2.403690795898e+02 2.415109127760e-01
2.403702087402e+02 4.023218750954e-01
2.403713378906e+02 4.981525838375e-01
2.403724670410e+02 3.831377625465e-01
2.403735961914e+02 3.362651467323e-01
2.403747253418e+02 1.663244515657e-01
2.403758392334e+02 -7.465331815183e-03
2.403769683838e+02 2.382213622332e-01
2.403780975342e+02 1.791465163231e+00
2.403792266846e+02 3.186021089554e+00
2.403803558350e+02 4.201922893524e+00
2.403814849854e+02 5.284695148468e+00
2.403826141357e+02 5.341909408569e+00
2.403837432861e+02 5.147693634033e+00
2.403848724365e+02 4.264058113098e+00
2.403860015869e+02 4.902633190155e+00
2.403871307373e+02 6.278254508972e+00
2.403882598877e+02 9.453360557556e+00
2.403893890381e+02 1.349961948395e+01
2.403905181885e+02 1.473771953583e+01
2.403916473389e+02 1.399494457245e+01
2.403927764893e+02 1.155236339569e+01
2.403939056396e+02 8.891044616699e+00
2.403950347900e+02 6.748091697693e+00
2.403961639404e+02 5.040951728821e+00
2.403972930908e+02 4.705764293671e+00
2.403984222412e+02 4.347315788269e+00
2.403995513916e+02 3.640253305435e+00
2.404006805420e+02 3.325078964233e+00
2.404018096924e+02 3.639384031296e+00
2.404029388428e+02 4.173457145691e+00
2.404040679932e+02 3.724103689194e+00
2.404051971436e+02 3.713675498962e+00
2.404063262939e+02 4.095267295837e+00
2.404074554443e+02 3.784597635269e+00
2.404085845947e+02 2.616023540497e+00
2.404097137451e+02 2.046618461609e+00
2.404108428955e+02 2.104860782623e+00
2.404119720459e+02 2.336719274521e+00
2.404131011963e+02 3.735269308090e+00
2.404142303467e+02 5.855793952942e+00
2.404153594971e+02 5.953748703003e+00
2.404164886475e+02 5.715723991394e+00
2.404176177979e+02 6.075190067291e+00
2.404187469482e+02 6.925719261169e+00
2.404198760986e+02 6.527742385864e+00
2.404210052490e+02 4.485763549805e+00
2.404221343994e+02 3.674988985062e+00
2.404232635498e+02 3.247545242310e+00
2.404243927002e+02 3.030950069427e+00
2.404255218506e+02 2.265967845917e+00
2.404266510010e+02 3.157845139503e-01
2.404277801514e+02 -3.029317557812e-01
2.404289093018e+02 -5.956981778145e-01
2.404300384521e+02 -3.031613826752e-01
2.404311676025e+02 2.644472420216e-01
2.404322967529e+02 6.747388839722e-01
2.404334259033e+02 1.044337153435e+00
2.404345550537e+02 1.320737123489e+00
2.404356842041e+02 1.565578222275e+00
2.404368133545e+02 1.437225103378e+00
2.404379425049e+02 8.729347586632e-01
2.404390716553e+02 2.403583675623e-01
2.404402008057e+02 2.178975380957e-02
2.404413299561e+02 -1.064307093620e-01
2.404424591064e+02 -5.698840618134e-01
2.404435882568e+02 -8.405973315239e-01
2.404447174072e+02 -8.578042984009e-01
2.404458312988e+02 -7.356585860252e-01
2.404469604492e+02 -7.191640138626e-01
2.404480895996e+02 -8.759578466415e-01
2.404492187500e+02 -9.846689701080e-01
2.404503479004e+02 -9.286199212074e-01
2.404514770508e+02 -9.907851219177e-01
2.404526062012e+02 -1.142837047577e+00
2.404537353516e+02 -1.198952317238e+00
2.404548645020e+02 -1.094627141953e+00
2.404559936523e+02 -8.098043799400e-01
2.404571228027e+02 -4.680275917053e-01
2.404582519531e+02 3.749925494194e-01
2.404593811035e+02 1.148985862732e+00
2.404605102539e+02 2.025159120560e+00
2.404616394043e+02 2.038375139236e+00
2.404627685547e+02 2.148323059082e+00
2.404638977051e+02 2.244200229645e+00
2.404650268555e+02 2.073276996613e+00
2.404661560059e+02 1.388873577118e+00
2.404672851562e+02 4.114681482315e-01
2.404684143066e+02 -6.484641879797e-02
2.404695434570e+02 6.225781515241e-03
2.404706726074e+02 2.547620534897e-01
2.404718017578e+02 8.468028903008e-01
2.404729309082e+02 1.153550028801e+00
2.404740600586e+02 1.413042783737e+00
2.404751892090e+02 2.462943553925e+00
2.404763183594e+02 2.837672710419e+00
2.404774475098e+02 3.759763956070e+00
2.404785766602e+02 4.429744720459e+00
2.404797058105e+02 3.971623897552e+00
2.404808349609e+02 3.813395738602e+00
2.404819641113e+02 3.998807668686e+00
2.404830932617e+02 4.289493083954e+00
2.404842224121e+02 4.305030345917e+00
2.404853515625e+02 3.253150224686e+00
2.404864807129e+02 2.972319126129e+00
2.404876098633e+02 2.753518342972e+00
2.404887390137e+02 2.690682172775e+00
2.404898681641e+02 2.430600404739e+00
2.404909973145e+02 1.616828441620e+00
2.404921264648e+02 9.013636112213e-01
2.404932556152e+02 4.430783689022e-01
2.404943847656e+02 1.285990327597e-01
2.404955139160e+02 1.060332879424e-01
2.404966430664e+02 1.190662533045e-01
2.404977722168e+02 -1.497081369162e-01
2.404989013672e+02 -8.942556381226e-02
2.405000305176e+02 -5.772449448705e-02
2.405011596680e+02 2.006153017282e-01
2.405022888184e+02 1.566076397896e+00
2.405034179688e+02 3.215960502625e+00
2.405045471191e+02 3.153395891190e+00
2.405056762695e+02 3.456227540970e+00
2.405068054199e+02 5.648893833160e+00
2.405079345703e+02 8.950719833374e+00
2.405090637207e+02 1.049889659882e+01
2.405101928711e+02 1.028020477295e+01
2.405113220215e+02 8.327639579773e+00
2.405124511719e+02 7.261074066162e+00
2.405135803223e+02 4.540228843689e+00
2.405147094727e+02 1.613745093346e+00
2.405158386230e+02 7.892111688852e-02
2.405169525146e+02 -3.296900391579e-01
2.405180816650e+02 -4.421292543411e-01
2.405192108154e+02 -2.293068021536e-01
2.405203399658e+02 2.763530611992e-01
2.405214691162e+02 5.584259629250e-01
2.405225982666e+02 2.029115915298e+00
2.405237274170e+02 3.498631954193e+00
2.405248565674e+02 3.997198343277e+00
2.405259857178e+02 4.806129932404e+00
2.405271148682e+02 4.913729667664e+00
2.405282440186e+02 5.098878383636e+00
2.405293731689e+02 4.967632293701e+00
2.405305023193e+02 4.854053497314e+00
2.405316314697e+02 3.997035503387e+00
2.405327606201e+02 3.285545825958e+00
2.405338897705e+02 3.486965894699e+00
2.405350189209e+02 4.823393344879e+00
2.405361480713e+02 4.797012329102e+00
2.405372772217e+02 3.947663307190e+00
2.405384063721e+02 4.344533920288e+00
2.405395355225e+02 5.657586097717e+00
2.405406646729e+02 6.386503219604e+00
2.405417938232e+02 5.205024719238e+00
2.405429229736e+02 4.710094451904e+00
2.405440521240e+02 4.607388496399e+00
2.405451812744e+02 3.620496988297e+00
2.405463104248e+02 2.520909786224e+00
2.405474395752e+02 1.765532255173e+00
2.405485687256e+02 7.817475199699e-01
2.405496978760e+02 6.962482333183e-01
2.405508270264e+02 1.147426605225e+00
2.405519561768e+02 2.190980911255e+00
2.405530853271e+02 2.825263261795e+00
2.405542144775e+02 2.295390844345e+00
2.405553436279e+02 2.343701839447e+00
2.405564727783e+02 2.447473526001e+00
2.405576019287e+02 2.374983549118e+00
2.405587310791e+02 1.649875998497e+00
2.405598602295e+02 8.376277089119e-01
2.405609893799e+02 4.690522849560e-01
2.405621185303e+02 3.611604273319e-01
2.405632476807e+02 3.559149503708e-01
2.405643768311e+02 2.054512798786e-01
2.405655059814e+02 2.418028861284e-01
2.405666351318e+02 9.316040873528e-01
2.405677642822e+02 1.519673109055e+00
2.405688934326e+02 1.389605879784e+00
2.405700225830e+02 1.471757769585e+00
2.405711517334e+02 1.749613404274e+00
2.405722808838e+02 1.625520944595e+00
2.405734100342e+02 1.065044879913e+00
2.405745391846e+02 6.591999530792e-01
2.405756683350e+02 1.952080987394e-02
2.405767974854e+02 -2.869152724743e-01
2.405779266357e+02 -6.276242136955e-01
2.405790557861e+02 -9.180073738098e-01
2.405801849365e+02 -1.028044223785e+00
2.405813140869e+02 -1.220194458961e+00
2.405824432373e+02 -1.432621359825e+00
2.405835723877e+02 -1.436614990234e+00
2.405847015381e+02 -1.359823226929e+00
2.405858306885e+02 -1.385920524597e+00
2.405869445801e+02 -1.378837704659e+00
2.405880737305e+02 -1.017180323601e+00
2.405892028809e+02 -9.496073126793e-01
2.405903320312e+02 -7.800587415695e-01
2.405914611816e+02 -6.998658776283e-01
2.405925903320e+02 -2.888537347317e-01
2.405937194824e+02 5.393655896187e-01
2.405948486328e+02 1.913354992867e+00
2.405959777832e+02 2.476794004440e+00
2.405971069336e+02 2.482810258865e+00
2.405982360840e+02 2.769640207291e+00
2.405993652344e+02 2.935603141785e+00
2.406004943848e+02 2.226347684860e+00
2.406016235352e+02 1.160039305687e+00
2.406027526855e+02 6.377263069153e-01
2.406038818359e+02 7.620315551758e-01
2.406050109863e+02 3.712953627110e-01
2.406061401367e+02 7.796954363585e-02
2.406072692871e+02 3.741724416614e-02
2.406083984375e+02 1.601785570383e-01
2.406095275879e+02 2.561203539371e-01
2.406106567383e+02 5.055630803108e-01
2.406117858887e+02 1.068931698799e+00
2.406129150391e+02 1.736668348312e+00
2.406140441895e+02 1.929673552513e+00
2.406151733398e+02 1.517890930176e+00
2.406163024902e+02 9.986234307289e-01
2.406174316406e+02 6.815389990807e-01
2.406185607910e+02 1.659698039293e-01
2.406196899414e+02 -3.356685042381e-01
2.406208190918e+02 -6.495952010155e-01
2.406219482422e+02 -6.822285056114e-01
2.406230773926e+02 -6.791628599167e-01
2.406242065430e+02 -9.681354761124e-01
2.406253356934e+02 -1.013707280159e+00
2.406264648438e+02 -8.040668368340e-01
2.406275939941e+02 -9.194655418396e-01
2.406287231445e+02 -8.119475245476e-01
2.406298522949e+02 -8.274150490761e-01
2.406309814453e+02 -9.333492517471e-01
2.406321105957e+02 -6.572921276093e-01
2.406332397461e+02 -2.359948456287e-01
2.406343688965e+02 -5.294436812401e-01
2.406354980469e+02 -4.353087842464e-01
2.406366271973e+02 -1.161473914981e-01
2.406377563477e+02 4.050181508064e-01
2.406388854980e+02 2.543126046658e-01
2.406400146484e+02 -1.542980670929e-01
2.406411437988e+02 -2.719963192940e-01
2.406422729492e+02 -1.306759268045e-01
2.406434020996e+02 -3.372345566750e-01
2.406445312500e+02 -7.803257703781e-01
2.406456604004e+02 -1.090846776962e+00
2.406467895508e+02 -1.423168778419e+00
2.406479187012e+02 -1.404936432838e+00
2.406490478516e+02 -1.212888360023e+00
2.406501770020e+02 -1.034559369087e+00
2.406513061523e+02 -7.512850165367e-01
2.406524353027e+02 -5.197117924690e-01
2.406535644531e+02 -4.698652327061e-01
2.406546936035e+02 -3.720882534981e-01
2.406558227539e+02 -2.734175920486e-01
2.406569366455e+02 -9.542865306139e-02
2.406580657959e+02 9.781883656979e-02
2.406591949463e+02 6.102679967880e-01
2.406603240967e+02 1.621492385864e+00
2.406614532471e+02 2.074965953827e+00
2.406625823975e+02 2.054592370987e+00
2.406637115479e+02 2.087491035461e+00
2.406648406982e+02 2.044902324677e+00
2.406659698486e+02 1.662546873093e+00
2.406670989990e+02 7.285695672035e-01
2.406682281494e+02 -1.089019402862e-01
2.406693572998e+02 -4.067618846893e-01
2.406704864502e+02 -2.493416219950e-01
2.406716156006e+02 1.949856728315e-01
2.406727447510e+02 4.649138152599e-01
2.406738739014e+02 7.031818628311e-01
2.406750030518e+02 2.001657962799e+00
2.406761322021e+02 3.182693004608e+00
2.406772613525e+02 3.982729911804e+00
2.406783905029e+02 5.605597496033e+00
2.406795196533e+02 5.461102485657e+00
2.406806488037e+02 5.225167274475e+00
2.406817779541e+02 4.749962329865e+00
2.406829071045e+02 3.399037122726e+00
2.406840362549e+02 1.515217185020e+00
2.406851654053e+02 6.168100237846e-01
2.406862945557e+02 7.693122029305e-01
2.406874237061e+02 5.085288286209e-01
2.406885528564e+02 2.666912078857e-01
2.406896820068e+02 5.394642949104e-01
2.406908111572e+02 5.506393909454e-01
