#title: Spectral profile - G013.6562-00.5997_SPW_1.image.pbcor.fits-raster
#region (world): Ellipse[[18:17:24.276, -17d22m13.351], [18:17:24.207, -17d22m12.35]]
#region (pixel): Ellipse[[194, 193], [203, 202]]
#coordinate: world
#xLabel: frequency [GHz]
#yLabel: [Kelvin] Mean

# G013.6562-00.5997_SPW_1.image.pbcor.fits-raster
2.408728942871e+02 -6.039406061172e-01
2.408740234375e+02 8.673033714294e-01
2.408751525879e+02 4.167746543884e+00
2.408762817383e+02 5.397347450256e+00
2.408774108887e+02 4.528412818909e+00
2.408785400391e+02 5.386965274811e+00
2.408796539307e+02 5.514278411865e+00
2.408807830811e+02 4.018649101257e+00
2.408819122314e+02 8.609997630119e-01
2.408830413818e+02 -5.373420715332e-01
2.408841705322e+02 -8.843223452568e-01
2.408852996826e+02 -9.209547638893e-01
2.408864288330e+02 -9.429890513420e-01
2.408875579834e+02 -1.130058407784e+00
2.408886871338e+02 -7.408358454704e-01
2.408898162842e+02 6.884010881186e-02
2.408909454346e+02 3.488914251328e+00
2.408920745850e+02 4.703773021698e+00
2.408932037354e+02 4.522751331329e+00
2.408943328857e+02 6.202019691467e+00
2.408954620361e+02 9.200968742371e+00
2.408965911865e+02 1.201357364655e+01
2.408977203369e+02 1.253694915771e+01
2.408988494873e+02 1.361998748779e+01
2.408999786377e+02 1.400560379028e+01
2.409011077881e+02 1.382901000977e+01
2.409022369385e+02 1.313489723206e+01
2.409033660889e+02 1.149829483032e+01
2.409044952393e+02 6.953707695007e+00
2.409056243896e+02 5.494788646698e+00
2.409067535400e+02 6.531780719757e+00
2.409078826904e+02 7.133133411407e+00
2.409090118408e+02 6.469922542572e+00
2.409101409912e+02 7.062253952026e+00
2.409112701416e+02 1.051603603363e+01
2.409123992920e+02 1.110027599335e+01
2.409135284424e+02 8.237811088562e+00
2.409146575928e+02 6.790714740753e+00
2.409157867432e+02 7.132295131683e+00
2.409169158936e+02 8.015768051147e+00
2.409180450439e+02 1.126777458191e+01
2.409191741943e+02 1.496544456482e+01
2.409203033447e+02 1.824447631836e+01
2.409214324951e+02 2.136127281189e+01
2.409225616455e+02 2.092746162415e+01
2.409236907959e+02 1.817018127441e+01
2.409248199463e+02 1.440709590912e+01
2.409259490967e+02 7.673932552338e+00
2.409270782471e+02 3.600024461746e+00
2.409282073975e+02 2.322871208191e+00
2.409293365479e+02 7.671270370483e-01
2.409304656982e+02 -5.092815756798e-01
2.409315948486e+02 -1.047975540161e+00
2.409327239990e+02 -1.310146570206e+00
2.409338531494e+02 -1.344621896744e+00
2.409349822998e+02 -1.131015181541e+00
2.409361114502e+02 -9.353162050247e-01
2.409372406006e+02 -5.951981544495e-01
2.409383697510e+02 -2.505747601390e-02
2.409394989014e+02 2.912447750568e-01
2.409406280518e+02 5.033828020096e-01
2.409417572021e+02 5.073221921921e-01
2.409428863525e+02 1.566805362701e+00
2.409440155029e+02 2.828057765961e+00
2.409451446533e+02 4.970649242401e+00
2.409462738037e+02 6.699145317078e+00
2.409474029541e+02 6.345611572266e+00
2.409485321045e+02 5.540394306183e+00
2.409496459961e+02 3.703027963638e+00
2.409507751465e+02 2.780223369598e+00
2.409519042969e+02 2.922185182571e+00
2.409530334473e+02 2.376927137375e+00
2.409541625977e+02 1.596330165863e+00
2.409552917480e+02 5.973336696625e-01
2.409564208984e+02 9.396544694901e-01
2.409575500488e+02 1.773698329926e+00
2.409586791992e+02 2.653781890869e+00
2.409598083496e+02 2.627289056778e+00
2.409609375000e+02 2.663314580917e+00
2.409620666504e+02 2.645877838135e+00
2.409631958008e+02 2.486445188522e+00
2.409643249512e+02 1.887641787529e+00
2.409654541016e+02 1.439258217812e+00
2.409665832520e+02 2.188254117966e+00
2.409677124023e+02 2.345904827118e+00
2.409688415527e+02 2.787543296814e+00
2.409699707031e+02 3.149764060974e+00
2.409710998535e+02 2.916791439056e+00
2.409722290039e+02 3.319612264633e+00
2.409733581543e+02 7.646528244019e+00
2.409744873047e+02 1.579273891449e+01
2.409756164551e+02 2.463973617554e+01
2.409767456055e+02 2.820207405090e+01
2.409778747559e+02 2.290669250488e+01
2.409790039062e+02 1.904106521606e+01
2.409801330566e+02 1.351406669617e+01
2.409812622070e+02 8.220816612244e+00
2.409823913574e+02 4.476010799408e+00
2.409835205078e+02 1.802653670311e+00
2.409846496582e+02 5.181576013565e-01
2.409857788086e+02 -1.411855369806e-01
2.409869079590e+02 -4.004868566990e-01
2.409880371094e+02 -2.839374244213e-01
2.409891662598e+02 -1.887476146221e-01
2.409902954102e+02 -3.539657294750e-01
2.409914245605e+02 -3.349975645542e-01
2.409925537109e+02 -3.511675894260e-01
2.409936828613e+02 -3.230959773064e-01
2.409948120117e+02 8.742989897728e-01
2.409959411621e+02 2.418381452560e+00
2.409970703125e+02 2.675369739532e+00
2.409981994629e+02 2.977226018906e+00
2.409993286133e+02 2.929589033127e+00
2.410004577637e+02 4.325766563416e+00
2.410015869141e+02 4.925046443939e+00
2.410027160645e+02 4.775000572205e+00
2.410038452148e+02 3.633390188217e+00
2.410049743652e+02 3.732203245163e+00
2.410061035156e+02 4.415343761444e+00
2.410072326660e+02 3.314839601517e+00
2.410083618164e+02 3.662831485271e-01
2.410094909668e+02 -4.989393353462e-01
2.410106201172e+02 -1.060214519501e+00
2.410117492676e+02 -1.030250668526e+00
2.410128784180e+02 -1.148550629616e+00
2.410140075684e+02 -1.019047737122e+00
2.410151367188e+02 -8.095949888229e-01
2.410162658691e+02 -4.520802199841e-01
2.410173950195e+02 -1.990464031696e-01
2.410185241699e+02 -1.674533635378e-01
2.410196380615e+02 -4.386261999607e-01
2.410207672119e+02 -8.209573477507e-02
2.410218963623e+02 6.470791697502e-01
2.410230255127e+02 1.209001898766e+00
2.410241546631e+02 1.365015149117e+00
2.410252838135e+02 1.261511921883e+00
2.410264129639e+02 1.341168522835e+00
2.410275421143e+02 8.631699681282e-01
2.410286712646e+02 -2.005371600389e-01
2.410298004150e+02 -6.972804069519e-01
2.410309295654e+02 -9.853774309158e-01
2.410320587158e+02 -8.633378744125e-01
2.410331878662e+02 -6.416898965836e-01
2.410343170166e+02 -6.846700310707e-01
2.410354461670e+02 -7.515420317650e-01
2.410365753174e+02 -9.866595268250e-01
2.410377044678e+02 -1.122611761093e+00
2.410388336182e+02 -1.187807083130e+00
2.410399627686e+02 -1.324347376823e+00
2.410410919189e+02 -1.525851368904e+00
2.410422210693e+02 -1.688694953918e+00
2.410433502197e+02 -1.671271204948e+00
2.410444793701e+02 -1.657081484795e+00
2.410456085205e+02 -1.651397347450e+00
2.410467376709e+02 -1.762214422226e+00
2.410478668213e+02 -1.843643188477e+00
2.410489959717e+02 -1.657432556152e+00
2.410501251221e+02 -1.501655578613e+00
2.410512542725e+02 -1.475409984589e+00
2.410523834229e+02 -1.574109196663e+00
2.410535125732e+02 -1.513518214226e+00
2.410546417236e+02 -1.331103086472e+00
2.410557708740e+02 -1.374485254288e+00
2.410569000244e+02 -1.446880936623e+00
2.410580291748e+02 -1.348555564880e+00
2.410591583252e+02 -1.121338129044e+00
2.410602874756e+02 -7.061806321144e-01
2.410614166260e+02 -4.608705341816e-01
2.410625457764e+02 -2.831370830536e-01
2.410636749268e+02 -3.290494084358e-01
2.410648040771e+02 -4.202898144722e-01
2.410659332275e+02 -4.923087954521e-01
2.410670623779e+02 -7.775585055351e-01
2.410681915283e+02 -9.420889616013e-01
2.410693206787e+02 -1.194249272346e+00
2.410704498291e+02 -1.372159242630e+00
2.410715789795e+02 -1.558099985123e+00
2.410727081299e+02 -1.490255117416e+00
2.410738372803e+02 -1.345147848129e+00
2.410749664307e+02 -1.263224840164e+00
2.410760955811e+02 -1.326903343201e+00
2.410772247314e+02 -1.140704035759e+00
2.410783538818e+02 -9.400291442871e-01
2.410794830322e+02 -9.641441106796e-01
2.410806121826e+02 -1.144334793091e+00
2.410817413330e+02 -1.185590505600e+00
2.410828704834e+02 -7.740350961685e-01
2.410839996338e+02 -6.327744722366e-01
2.410851287842e+02 -8.340681791306e-01
2.410862579346e+02 -6.808756589890e-01
2.410873870850e+02 -6.044572591782e-01
2.410885162354e+02 -2.429149150848e-01
2.410896453857e+02 -2.474340498447e-01
2.410907592773e+02 -2.803088724613e-01
2.410918884277e+02 -1.604003645480e-02
2.410930175781e+02 2.228368371725e-01
2.410941467285e+02 5.206195116043e-01
2.410952758789e+02 7.807254195213e-01
2.410964050293e+02 5.086057782173e-01
2.410975341797e+02 2.437134385109e-01
2.410986633301e+02 2.849971950054e-01
2.410997924805e+02 5.241938829422e-01
2.411009216309e+02 5.510855317116e-01
2.411020507812e+02 2.169412225485e-01
2.411031799316e+02 2.856143712997e-01
2.411043090820e+02 7.474932074547e-01
2.411054382324e+02 1.961129307747e+00
2.411065673828e+02 2.365151643753e+00
2.411076965332e+02 2.000806570053e+00
2.411088256836e+02 1.779883503914e+00
2.411099548340e+02 1.288157939911e+00
2.411110839844e+02 9.374601244926e-01
2.411122131348e+02 3.089280128479e-01
2.411133422852e+02 -3.381820023060e-01
2.411144714355e+02 -6.708018183708e-01
2.411156005859e+02 -7.621622681618e-01
2.411167297363e+02 1.514089822769e+00
2.411178588867e+02 5.530515670776e+00
2.411189880371e+02 8.405661582947e+00
2.411201171875e+02 8.791792869568e+00
2.411212463379e+02 9.989158630371e+00
2.411223754883e+02 9.877207756042e+00
2.411235046387e+02 9.088196754456e+00
2.411246337891e+02 8.850392341614e+00
2.411257629395e+02 1.024991416931e+01
2.411268920898e+02 1.121342754364e+01
2.411280212402e+02 1.065319538116e+01
2.411291503906e+02 1.015778446198e+01
2.411302795410e+02 9.346678733826e+00
2.411314086914e+02 5.349657535553e+00
2.411325378418e+02 1.482372045517e+00
2.411336669922e+02 -1.021334752440e-01
2.411347961426e+02 -1.753202080727e-01
2.411359252930e+02 1.772733211517e+00
2.411370544434e+02 7.689798355103e+00
2.411381835938e+02 1.242612266541e+01
2.411393127441e+02 1.581451606750e+01
2.411404418945e+02 1.855907249451e+01
2.411415710449e+02 1.996053695679e+01
2.411427001953e+02 2.013926506042e+01
2.411438293457e+02 1.871990776062e+01
2.411449584961e+02 1.668979644775e+01
2.411460876465e+02 1.785429763794e+01
2.411472167969e+02 1.941946792603e+01
2.411483459473e+02 1.990767288208e+01
2.411494750977e+02 1.803698348999e+01
2.411506042480e+02 2.005525588989e+01
2.411517333984e+02 2.221995162964e+01
2.411528625488e+02 2.026732826233e+01
2.411539916992e+02 2.314526939392e+01
2.411551208496e+02 2.669169235229e+01
2.411562500000e+02 2.904426383972e+01
2.411573791504e+02 2.880156326294e+01
2.411585083008e+02 2.746175384521e+01
2.411596374512e+02 2.481424140930e+01
2.411607513428e+02 2.220633316040e+01
2.411618804932e+02 2.340487480164e+01
2.411630096436e+02 2.386897277832e+01
2.411641387939e+02 2.421362876892e+01
2.411652679443e+02 2.784928131104e+01
2.411663970947e+02 2.960184288025e+01
2.411675262451e+02 2.796471023560e+01
2.411686553955e+02 2.536673545837e+01
2.411697845459e+02 2.433675765991e+01
2.411709136963e+02 2.100497055054e+01
2.411720428467e+02 1.595919132233e+01
2.411731719971e+02 1.386061000824e+01
2.411743011475e+02 1.253636837006e+01
2.411754302979e+02 7.556369304657e+00
2.411765594482e+02 2.806488990784e+00
2.411776885986e+02 9.734563529491e-03
2.411788177490e+02 -5.277959704399e-01
2.411799468994e+02 -7.988089323044e-01
2.411810760498e+02 -8.716145753860e-01
2.411822052002e+02 -9.698159694672e-01
2.411833343506e+02 -1.106850981712e+00
2.411844635010e+02 -1.155225872993e+00
2.411855926514e+02 -9.785952568054e-01
2.411867218018e+02 -9.461094141006e-01
2.411878509521e+02 -6.315048336983e-01
2.411889801025e+02 -5.644738674164e-01
2.411901092529e+02 -5.537407994270e-01
2.411912384033e+02 -3.018701076508e-01
2.411923675537e+02 -1.359494775534e-01
2.411934967041e+02 -1.676663309336e-01
2.411946258545e+02 -2.029862552881e-01
2.411957550049e+02 3.824615955353e+00
2.411968841553e+02 8.986669540405e+00
2.411980133057e+02 1.214993858337e+01
2.411991424561e+02 1.358098888397e+01
2.412002716064e+02 1.413893985748e+01
2.412014007568e+02 1.293982505798e+01
2.412025299072e+02 9.312271118164e+00
2.412036590576e+02 4.315505027771e+00
2.412047882080e+02 2.711196660995e+00
2.412059173584e+02 1.897602200508e+00
2.412070465088e+02 1.405101299286e+00
2.412081756592e+02 1.651385545731e+00
2.412093048096e+02 2.145020246506e+00
2.412104339600e+02 1.908602237701e+00
2.412115631104e+02 7.263167500496e-01
2.412126922607e+02 4.498565196991e-01
2.412138214111e+02 4.589943289757e-01
2.412149505615e+02 5.561830997467e-01
2.412160797119e+02 4.706357717514e-01
2.412172088623e+02 5.343180894852e-01
2.412183380127e+02 7.040057778358e-01
2.412194671631e+02 5.552299618721e-01
2.412205963135e+02 6.924646496773e-01
2.412217254639e+02 6.169041991234e-01
2.412228546143e+02 3.584339022636e-01
2.412239837646e+02 1.352522671223e-01
2.412251129150e+02 2.967313528061e+00
2.412262420654e+02 8.268864631653e+00
2.412273712158e+02 1.171795082092e+01
2.412285003662e+02 1.336493778229e+01
2.412296295166e+02 1.399100780487e+01
2.412307586670e+02 1.342658042908e+01
2.412318725586e+02 1.101593780518e+01
2.412330017090e+02 6.427240848541e+00
2.412341308594e+02 2.714513540268e+00
2.412352600098e+02 8.813517689705e-01
2.412363891602e+02 6.814303994179e-01
2.412375183105e+02 6.204220056534e-01
2.412386474609e+02 6.744208335876e-01
2.412397766113e+02 8.774524927139e-01
2.412409057617e+02 1.526624321938e+00
2.412420349121e+02 1.714138507843e+00
2.412431640625e+02 1.353199362755e+00
2.412442932129e+02 1.516536474228e+00
2.412454223633e+02 2.364956855774e+00
2.412465515137e+02 2.685495138168e+00
2.412476806641e+02 2.319675445557e+00
2.412488098145e+02 2.050140619278e+00
2.412499389648e+02 2.619083642960e+00
2.412510681152e+02 2.769237279892e+00
2.412521972656e+02 1.892699599266e+00
2.412533264160e+02 1.315034270287e+00
2.412544555664e+02 1.294724106789e+00
2.412555847168e+02 1.719632506371e+00
2.412567138672e+02 1.573088049889e+00
2.412578430176e+02 1.585903286934e+00
2.412589721680e+02 1.310927629471e+00
2.412601013184e+02 8.418079018593e-01
2.412612304688e+02 3.791852593422e-01
2.412623596191e+02 5.159927532077e-03
2.412634887695e+02 -2.921670079231e-01
2.412646179199e+02 -1.097096562386e+00
2.412657470703e+02 -1.523543715477e+00
2.412668762207e+02 -1.512756586075e+00
2.412680053711e+02 -1.592353940010e+00
2.412691345215e+02 -1.636983394623e+00
2.412702636719e+02 -1.719484567642e+00
2.412713928223e+02 -1.744693875313e+00
2.412725219727e+02 -1.771270990372e+00
2.412736511230e+02 -1.800875425339e+00
2.412747802734e+02 -1.689485788345e+00
2.412759094238e+02 -1.546797752380e+00
2.412770385742e+02 -1.523220181465e+00
2.412781677246e+02 -1.499486565590e+00
2.412792968750e+02 -1.249145865440e+00
2.412804260254e+02 -9.717659950256e-01
2.412815551758e+02 -1.034086823463e+00
2.412826843262e+02 -8.814278841019e-01
2.412838134766e+02 -5.071335434914e-01
2.412849426270e+02 1.217484399676e-01
2.412860717773e+02 3.942101895809e-01
2.412872009277e+02 1.129853963852e+00
2.412883300781e+02 1.836279034615e+00
2.412894592285e+02 2.010921001434e+00
2.412905883789e+02 1.962456703186e+00
2.412917175293e+02 2.019276857376e+00
2.412928466797e+02 2.082766771317e+00
2.412939758301e+02 1.517316102982e+00
2.412951049805e+02 6.434043049812e-01
2.412962341309e+02 -5.000394303352e-03
2.412973632812e+02 -2.707364857197e-01
2.412984924316e+02 -5.079872608185e-01
2.412996215820e+02 -8.652669191360e-01
2.413007507324e+02 -1.463943719864e+00
2.413018646240e+02 -1.572322010994e+00
2.413029937744e+02 -1.093651652336e+00
2.413041229248e+02 -6.385778188705e-01
2.413052520752e+02 -4.955101609230e-01
2.413063812256e+02 -4.669803977013e-01
2.413075103760e+02 -3.053276538849e-01
2.413086395264e+02 -5.062895417213e-01
2.413097686768e+02 -7.277995944023e-01
2.413108978271e+02 -1.084188699722e+00
2.413120269775e+02 -1.190417051315e+00
2.413131561279e+02 -1.337732434273e+00
2.413142852783e+02 -9.137852191925e-01
2.413154144287e+02 -8.960059285164e-01
2.413165435791e+02 -8.374665975571e-01
2.413176727295e+02 -8.898395895958e-01
2.413188018799e+02 -9.120133519173e-01
2.413199310303e+02 -1.003342747688e+00
2.413210601807e+02 -4.001897871494e-01
2.413221893311e+02 1.088866829872e+00
2.413233184814e+02 3.429548025131e+00
2.413244476318e+02 3.824503898621e+00
2.413255767822e+02 3.539891242981e+00
2.413267059326e+02 4.031560897827e+00
2.413278350830e+02 3.495666503906e+00
2.413289642334e+02 1.886839509010e+00
2.413300933838e+02 -4.432711899281e-01
2.413312225342e+02 -1.307627201080e+00
2.413323516846e+02 -1.698428153992e+00
2.413334808350e+02 -1.466817140579e+00
2.413346099854e+02 -1.376881837845e+00
2.413357391357e+02 -1.334261655807e+00
2.413368682861e+02 -1.037860512733e+00
2.413379974365e+02 -8.917359113693e-01
2.413391265869e+02 -8.601024150848e-01
2.413402557373e+02 -8.300737738609e-01
2.413413848877e+02 -8.204249143600e-01
2.413425140381e+02 -1.056643605232e+00
2.413436431885e+02 -1.045622229576e+00
2.413447723389e+02 -9.203194975853e-01
2.413459014893e+02 -6.074571013451e-01
2.413470306396e+02 -3.827345073223e-01
2.413481597900e+02 -3.972766697407e-01
2.413492889404e+02 -5.198410153389e-01
2.413504180908e+02 -1.519179791212e-01
2.413515472412e+02 8.995269425213e-03
2.413526763916e+02 -8.606562018394e-02
2.413538055420e+02 -5.633224844933e-01
2.413549346924e+02 -9.457936286926e-01
2.413560638428e+02 -1.173344612122e+00
2.413571929932e+02 -1.416075468063e+00
2.413583221436e+02 -1.839271783829e+00
2.413594512939e+02 -1.997601628304e+00
2.413605804443e+02 -1.792235970497e+00
2.413617095947e+02 -1.737805366516e+00
2.413628387451e+02 -1.697511196136e+00
2.413639678955e+02 -1.536425948143e+00
2.413650970459e+02 -1.414443135262e+00
2.413662261963e+02 -1.387453556061e+00
2.413673553467e+02 -1.529560565948e+00
2.413684844971e+02 -1.582626581192e+00
2.413696136475e+02 -1.511957645416e+00
2.413707427979e+02 -1.463810682297e+00
2.413718719482e+02 -1.640648126602e+00
2.413729858398e+02 -1.671674370766e+00
2.413741149902e+02 -1.906565666199e+00
2.413752441406e+02 -1.914445877075e+00
2.413763732910e+02 -1.859644055367e+00
2.413775024414e+02 -1.813234448433e+00
2.413786315918e+02 -1.598767638206e+00
2.413797607422e+02 -9.817434549332e-01
2.413808898926e+02 -4.970297217369e-01
2.413820190430e+02 -2.002985924482e-01
2.413831481934e+02 5.260644108057e-02
2.413842773438e+02 1.209663897753e-01
2.413854064941e+02 -1.028472408652e-01
2.413865356445e+02 -5.303425192833e-01
2.413876647949e+02 -9.938634037971e-01
2.413887939453e+02 -1.330133914948e+00
2.413899230957e+02 -1.149520039558e+00
2.413910522461e+02 -1.001858711243e+00
2.413921813965e+02 -8.798004984856e-01
2.413933105469e+02 -8.834087252617e-01
2.413944396973e+02 -6.103635430336e-01
2.413955688477e+02 -6.349438428879e-01
2.413966979980e+02 -4.864625632763e-01
2.413978271484e+02 1.814659982920e-01
2.413989562988e+02 6.313735961914e+00
2.414000854492e+02 1.215519332886e+01
2.414012145996e+02 1.538085460663e+01
2.414023437500e+02 1.794407844543e+01
2.414034729004e+02 1.780291748047e+01
2.414046020508e+02 1.568233776093e+01
2.414057312012e+02 1.063027572632e+01
2.414068603516e+02 4.666236877441e+00
2.414079895020e+02 1.478353738785e+00
2.414091186523e+02 5.465563535690e-01
2.414102478027e+02 3.749177455902e-01
2.414113769531e+02 6.375722587109e-02
2.414125061035e+02 -2.959610819817e-01
2.414136352539e+02 -6.021036505699e-01
2.414147644043e+02 -9.408277869225e-01
2.414158935547e+02 -1.427294254303e+00
2.414170227051e+02 -1.757763504982e+00
2.414181518555e+02 -1.838732004166e+00
2.414192810059e+02 -1.782794117928e+00
2.414204101562e+02 -1.508415818214e+00
2.414215393066e+02 -7.729029059410e-01
2.414226684570e+02 2.308967150748e-02
2.414237976074e+02 2.330594211817e-01
2.414249267578e+02 1.536965221167e-01
2.414260559082e+02 5.031606554985e-01
2.414271850586e+02 9.767652153969e-01
2.414283142090e+02 9.361728429794e-01
2.414294433594e+02 3.548234403133e-01
2.414305725098e+02 6.562788039446e-02
2.414317016602e+02 1.266531795263e-01
2.414328308105e+02 2.622518502176e-02
2.414339599609e+02 -1.775701642036e-01
2.414350891113e+02 -9.317958354950e-02
2.414362182617e+02 7.861701846123e-01
2.414373474121e+02 2.739737987518e+00
2.414384765625e+02 3.921992778778e+00
2.414396057129e+02 4.126937389374e+00
2.414407348633e+02 3.660834312439e+00
2.414418640137e+02 2.734281301498e+00
2.414429779053e+02 2.048406124115e+00
2.414441070557e+02 9.869814515114e-01
2.414452362061e+02 -1.493413895369e-01
2.414463653564e+02 -5.819127559662e-01
2.414474945068e+02 -3.897866606712e-01
2.414486236572e+02 2.733930647373e-01
2.414497528076e+02 2.584937572479e+00
2.414508819580e+02 2.746685266495e+00
2.414520111084e+02 2.546741485596e+00
2.414531402588e+02 3.367370128632e+00
2.414542694092e+02 3.903250217438e+00
2.414553985596e+02 3.615496397018e+00
2.414565277100e+02 3.636106967926e+00
2.414576568604e+02 4.888945102692e+00
2.414587860107e+02 6.029294967651e+00
2.414599151611e+02 5.722062587738e+00
2.414610443115e+02 6.864927291870e+00
2.414621734619e+02 7.112004280090e+00
2.414633026123e+02 5.535730361938e+00
2.414644317627e+02 3.413688421249e+00
2.414655609131e+02 1.851940155029e+00
2.414666900635e+02 3.921494483948e-01
2.414678192139e+02 1.748967319727e-01
2.414689483643e+02 2.357692569494e-01
2.414700775146e+02 2.010814547539e-01
2.414712066650e+02 1.948847919703e-01
2.414723358154e+02 -4.005592688918e-02
2.414734649658e+02 -3.213247656822e-01
2.414745941162e+02 -2.764771282673e-01
2.414757232666e+02 3.599110990763e-02
2.414768524170e+02 4.188519418240e-01
2.414779815674e+02 3.720121383667e-01
2.414791107178e+02 -1.637763977051e-01
2.414802398682e+02 1.072729229927e-01
2.414813690186e+02 3.656769990921e-01
2.414824981689e+02 1.802791476250e+00
2.414836273193e+02 2.312749624252e+00
2.414847564697e+02 2.984760999680e+00
2.414858856201e+02 3.162785530090e+00
2.414870147705e+02 4.461879253387e+00
2.414881439209e+02 5.652590274811e+00
2.414892730713e+02 7.834490776062e+00
2.414904022217e+02 9.796409606934e+00
2.414915313721e+02 1.084804153442e+01
2.414926605225e+02 9.127015113831e+00
2.414937896729e+02 6.158329963684e+00
2.414949188232e+02 3.571817874908e+00
2.414960479736e+02 9.664149284363e-01
2.414971771240e+02 -9.931888431311e-02
2.414983062744e+02 -3.398047983646e-01
2.414994354248e+02 -6.352446079254e-01
2.415005645752e+02 -8.046539425850e-01
2.415016937256e+02 -9.093774557114e-01
2.415028228760e+02 -7.991441488266e-01
2.415039520264e+02 -5.166980028152e-01
2.415050811768e+02 -3.064094781876e-01
2.415062103271e+02 -4.659295380116e-01
2.415073394775e+02 -6.515665650368e-01
2.415084686279e+02 -8.694354295731e-01
2.415095977783e+02 -9.182066321373e-01
2.415107269287e+02 -1.293270230293e+00
2.415118560791e+02 -1.700149774551e+00
2.415129699707e+02 -1.644989132881e+00
2.415140991211e+02 -1.470717906952e+00
2.415152282715e+02 -1.284697175026e+00
2.415163574219e+02 -1.029146790504e+00
2.415174865723e+02 -3.864851891994e-01
2.415186157227e+02 1.373573899269e+00
2.415197448730e+02 6.317601680756e+00
2.415208740234e+02 1.121398258209e+01
2.415220031738e+02 1.336624622345e+01
2.415231323242e+02 1.401142406464e+01
2.415242614746e+02 1.353162002563e+01
2.415253906250e+02 1.152227783203e+01
2.415265197754e+02 6.871353149414e+00
2.415276489258e+02 2.417882204056e+00
2.415287780762e+02 1.593662947416e-01
2.415299072266e+02 -5.333493351936e-01
2.415310363770e+02 -6.277691721916e-01
2.415321655273e+02 -9.089853167534e-01
2.415332946777e+02 -8.595437407494e-01
2.415344238281e+02 -8.639905452728e-01
2.415355529785e+02 -9.880346655846e-01
2.415366821289e+02 -1.020377159119e+00
2.415378112793e+02 -9.237807393074e-01
2.415389404297e+02 -2.661028504372e-01
2.415400695801e+02 1.355822663754e-02
2.415411987305e+02 3.254949450493e-01
2.415423278809e+02 3.739099204540e-01
2.415434570312e+02 4.481020569801e-01
2.415445861816e+02 4.808276295662e-01
2.415457153320e+02 1.384806871414e+00
2.415468444824e+02 4.463521003723e+00
2.415479736328e+02 8.154438018799e+00
2.415491027832e+02 8.505599975586e+00
2.415502319336e+02 8.539754867554e+00
2.415513610840e+02 9.329875946045e+00
2.415524902344e+02 8.765340805054e+00
2.415536193848e+02 5.436494350433e+00
2.415547485352e+02 1.339677810669e+00
2.415558776855e+02 -8.256582170725e-02
2.415570068359e+02 -7.863064110279e-02
2.415581359863e+02 -8.460768312216e-02
2.415592651367e+02 -3.873612880707e-01
2.415603942871e+02 -5.861467123032e-01
2.415615234375e+02 -5.627082586288e-01
2.415626525879e+02 -1.870533674955e-01
2.415637817383e+02 -3.038082420826e-01
2.415649108887e+02 -3.986124992371e-01
2.415660400391e+02 -2.767893075943e-01
2.415671691895e+02 3.507041037083e-01
2.415682983398e+02 6.691022515297e-01
2.415694274902e+02 1.145465731621e+00
2.415705566406e+02 9.996819496155e-01
2.415716857910e+02 1.704736948013e+00
2.415728149414e+02 2.317165374756e+00
2.415739440918e+02 3.548507213593e+00
2.415750732422e+02 5.078556537628e+00
2.415762023926e+02 6.967598915100e+00
2.415773315430e+02 9.418169975281e+00
2.415784606934e+02 1.308468246460e+01
2.415795898438e+02 1.402358436584e+01
2.415807189941e+02 1.277767181396e+01
2.415818481445e+02 1.180939960480e+01
2.415829772949e+02 1.068962955475e+01
2.415840911865e+02 1.077251243591e+01
2.415852203369e+02 1.350927925110e+01
2.415863494873e+02 1.408471393585e+01
2.415874786377e+02 1.358437252045e+01
2.415886077881e+02 1.141422939301e+01
2.415897369385e+02 8.095655441284e+00
2.415908660889e+02 4.939426422119e+00
2.415919952393e+02 1.974855899811e+00
2.415931243896e+02 2.240783870220e-01
2.415942535400e+02 5.558682978153e-02
2.415953826904e+02 4.038215279579e-01
2.415965118408e+02 1.222481131554e+00
2.415976409912e+02 1.713582158089e+00
2.415987701416e+02 2.105743646622e+00
2.415998992920e+02 2.217708349228e+00
2.416010284424e+02 1.726284861565e+00
2.416021575928e+02 8.614963889122e-01
2.416032867432e+02 -1.358862966299e-01
2.416044158936e+02 -7.296836972237e-01
2.416055450439e+02 -9.434745311737e-01
2.416066741943e+02 -1.093353271484e+00
2.416078033447e+02 -1.277639865875e+00
2.416089324951e+02 -1.431614637375e+00
2.416100616455e+02 -1.426536083221e+00
2.416111907959e+02 -1.404898405075e+00
2.416123199463e+02 -1.473420262337e+00
2.416134490967e+02 -1.439779758453e+00
2.416145782471e+02 -1.458746910095e+00
2.416157073975e+02 -1.448296546936e+00
2.416168365479e+02 -1.677521348000e+00
2.416179656982e+02 -1.680845260620e+00
2.416190948486e+02 -1.651374340057e+00
2.416202239990e+02 -1.722180128098e+00
2.416213531494e+02 -1.751588582993e+00
2.416224822998e+02 -1.595348000526e+00
2.416236114502e+02 -1.383435249329e+00
2.416247406006e+02 -1.466902494431e+00
2.416258697510e+02 -1.211953639984e+00
2.416269989014e+02 -1.203638076782e+00
2.416281280518e+02 -1.306900978088e+00
2.416292572021e+02 -1.372596859932e+00
2.416303863525e+02 -1.232864499092e+00
2.416315155029e+02 -1.416800737381e+00
2.416326446533e+02 -1.137419939041e+00
2.416337738037e+02 -9.922278523445e-01
2.416349029541e+02 -6.398203372955e-01
2.416360321045e+02 -1.778166890144e-01
2.416371612549e+02 -1.135073080659e-01
2.416382904053e+02 9.720797836781e-02
2.416394195557e+02 3.147047460079e-01
2.416405487061e+02 4.312177300453e-01
2.416416778564e+02 5.275773629546e-02
2.416428070068e+02 -4.320762157440e-01
2.416439361572e+02 -8.397303819656e-01
2.416450653076e+02 -1.073220610619e+00
2.416461944580e+02 -1.024466395378e+00
2.416473236084e+02 -9.413641095161e-01
2.416484527588e+02 -6.132934093475e-01
2.416495819092e+02 -4.473698139191e-01
2.416507110596e+02 -2.973917126656e-01
2.416518402100e+02 8.143886923790e-03
2.416529693604e+02 6.633925437927e-01
2.416540832520e+02 1.035694122314e+00
2.416552124023e+02 1.337584137917e+00
2.416563415527e+02 4.454334735870e+00
2.416574707031e+02 1.354828262329e+01
2.416585998535e+02 2.434641265869e+01
2.416597290039e+02 3.376984024048e+01
2.416608581543e+02 4.046859741211e+01
2.416619873047e+02 4.155205535889e+01
2.416631164551e+02 3.288713836670e+01
2.416642456055e+02 2.774632644653e+01
2.416653747559e+02 2.074946212769e+01
2.416665039062e+02 1.808597755432e+01
2.416676330566e+02 1.751177406311e+01
2.416687622070e+02 1.575331211090e+01
2.416698913574e+02 1.244764232635e+01
2.416710205078e+02 1.253475189209e+01
2.416721496582e+02 1.052446937561e+01
2.416732788086e+02 7.815025329590e+00
2.416744079590e+02 6.665085792542e+00
2.416755371094e+02 6.556990146637e+00
2.416766662598e+02 4.867290019989e+00
2.416777954102e+02 3.627369880676e+00
2.416789245605e+02 3.448672533035e+00
2.416800537109e+02 3.193559646606e+00
2.416811828613e+02 1.364752888680e+00
2.416823120117e+02 4.512374103069e-01
2.416834411621e+02 7.344390749931e-01
2.416845703125e+02 1.097963213921e+00
2.416856994629e+02 9.866115450859e-01
2.416868286133e+02 8.524944782257e-01
2.416879577637e+02 8.213852643967e-01
2.416890869141e+02 4.864219725132e-01
2.416902160645e+02 -4.462150335312e-01
2.416913452148e+02 -7.410211563110e-01
2.416924743652e+02 -3.926234543324e-01
2.416936035156e+02 -5.907681584358e-02
2.416947326660e+02 1.444434285164e+00
2.416958618164e+02 3.550396442413e+00
2.416969909668e+02 6.725857257843e+00
2.416981201172e+02 7.660988807678e+00
2.416992492676e+02 7.041086673737e+00
2.417003784180e+02 6.252362251282e+00
2.417015075684e+02 5.232898235321e+00
2.417026367188e+02 3.874511241913e+00
2.417037658691e+02 2.752192020416e+00
2.417048950195e+02 2.249217748642e+00
2.417060241699e+02 1.928253173828e+00
2.417071533203e+02 1.713295340538e+00
2.417082824707e+02 2.071776866913e+00
2.417094116211e+02 1.451388716698e+00
2.417105407715e+02 1.196509599686e+00
2.417116699219e+02 4.175076782703e-01
2.417127990723e+02 -1.037337556481e-01
2.417139282227e+02 -2.463705539703e-01
2.417150573730e+02 9.001807123423e-02
2.417161865234e+02 5.930081605911e-01
2.417173156738e+02 1.103028655052e+00
2.417184448242e+02 1.641867399216e+00
2.417195739746e+02 2.404941558838e+00
2.417207031250e+02 2.866288661957e+00
2.417218322754e+02 4.197995185852e+00
2.417229614258e+02 4.970377922058e+00
2.417240905762e+02 1.205752944946e+01
2.417252044678e+02 2.275162887573e+01
2.417263336182e+02 3.274235534668e+01
2.417274627686e+02 3.959506607056e+01
2.417285919189e+02 3.943711853027e+01
2.417297210693e+02 3.295299911499e+01
2.417308502197e+02 2.840701103210e+01
2.417319793701e+02 2.621754837036e+01
2.417331085205e+02 2.590119552612e+01
2.417342376709e+02 2.494960594177e+01
2.417353668213e+02 2.304456520081e+01
2.417364959717e+02 2.134719848633e+01
2.417376251221e+02 1.763269996643e+01
2.417387542725e+02 1.375289249420e+01
2.417398834229e+02 1.272498416901e+01
2.417410125732e+02 1.172482967377e+01
2.417421417236e+02 9.812843322754e+00
2.417432708740e+02 9.586867332458e+00
2.417444000244e+02 9.741878509521e+00
2.417455291748e+02 8.703719139099e+00
2.417466583252e+02 7.540845394135e+00
2.417477874756e+02 9.447367668152e+00
2.417489166260e+02 1.810048866272e+01
2.417500457764e+02 2.871069526672e+01
2.417511749268e+02 3.653948974609e+01
2.417523040771e+02 4.108906173706e+01
2.417534332275e+02 3.494088745117e+01
2.417545623779e+02 2.754362487793e+01
2.417556915283e+02 2.018637466431e+01
2.417568206787e+02 1.309928512573e+01
2.417579498291e+02 8.079385757446e+00
2.417590789795e+02 4.514238357544e+00
2.417602081299e+02 2.237105369568e+00
2.417613372803e+02 1.708331346512e+00
2.417624664307e+02 2.165114879608e+00
2.417635955811e+02 6.535430431366e+00
2.417647247314e+02 1.627685737610e+01
2.417658538818e+02 2.201735305786e+01
2.417669830322e+02 3.020125579834e+01
2.417681121826e+02 3.412715148926e+01
2.417692413330e+02 2.953405761719e+01
2.417703704834e+02 2.498280906677e+01
2.417714996338e+02 2.405671691895e+01
2.417726287842e+02 2.298509025574e+01
2.417737579346e+02 2.616220474243e+01
2.417748870850e+02 2.851862716675e+01
2.417760162354e+02 2.406265640259e+01
2.417771453857e+02 1.799500274658e+01
2.417782745361e+02 1.048457622528e+01
2.417794036865e+02 4.232679367065e+00
2.417805328369e+02 2.167433500290e+00
2.417816619873e+02 5.785022974014e-01
2.417827911377e+02 2.288718223572e-01
2.417839202881e+02 8.100688457489e-02
2.417850494385e+02 4.323277175426e-01
2.417861785889e+02 2.046730041504e+00
2.417873077393e+02 9.912595748901e+00
2.417884368896e+02 1.747418022156e+01
2.417895660400e+02 2.368682098389e+01
2.417906951904e+02 3.235827255249e+01
2.417918243408e+02 3.921151351929e+01
2.417929534912e+02 4.268033218384e+01
2.417940826416e+02 4.330942153931e+01
2.417951965332e+02 3.645833587646e+01
2.417963256836e+02 2.733759880066e+01
2.417974548340e+02 1.887622070312e+01
2.417985839844e+02 1.355952739716e+01
2.417997131348e+02 1.574092960358e+01
2.418008422852e+02 2.229594802856e+01
2.418019714355e+02 2.974564361572e+01
2.418031005859e+02 3.828262329102e+01
2.418042297363e+02 4.147449493408e+01
2.418053588867e+02 3.780338287354e+01
2.418064880371e+02 2.914367485046e+01
2.418076171875e+02 2.062477874756e+01
2.418087463379e+02 1.399574375153e+01
2.418098754883e+02 1.601830482483e+01
2.418110046387e+02 1.972970390320e+01
2.418121337891e+02 2.501168632507e+01
2.418132629395e+02 3.148064231873e+01
2.418143920898e+02 3.174784278870e+01
2.418155212402e+02 2.370016670227e+01
2.418166503906e+02 1.540433120728e+01
2.418177795410e+02 8.297557830811e+00
2.418189086914e+02 4.363330841064e+00
2.418200378418e+02 2.410438299179e+00
2.418211669922e+02 1.368961095810e+00
2.418222961426e+02 5.448285341263e-01
2.418234252930e+02 3.527649343014e-01
2.418245544434e+02 1.708611994982e-01
2.418256835938e+02 -5.900051817298e-02
2.418268127441e+02 -5.121306777000e-01
2.418279418945e+02 -7.041708827019e-01
2.418290710449e+02 -4.525593519211e-01
2.418302001953e+02 1.860920190811e-01
2.418313293457e+02 6.462519764900e-01
2.418324584961e+02 9.207274913788e-01
2.418335876465e+02 1.933740735054e+00
2.418347167969e+02 3.188161849976e+00
2.418358459473e+02 7.928623199463e+00
2.418369750977e+02 1.851988220215e+01
2.418381042480e+02 2.779114532471e+01
2.418392333984e+02 3.587907791138e+01
2.418403625488e+02 3.943486022949e+01
2.418414916992e+02 3.244024658203e+01
2.418426208496e+02 2.461970710754e+01
2.418437500000e+02 1.739341354370e+01
2.418448791504e+02 1.733037948608e+01
2.418460083008e+02 2.238259506226e+01
2.418471374512e+02 2.809139442444e+01
2.418482666016e+02 3.475582885742e+01
2.418493957520e+02 3.677951812744e+01
2.418505249023e+02 2.976303672791e+01
2.418516540527e+02 2.076424026489e+01
2.418527832031e+02 1.181819820404e+01
2.418539123535e+02 6.704773902893e+00
2.418550415039e+02 3.978955030441e+00
2.418561706543e+02 3.011630773544e+00
2.418572998047e+02 2.823579788208e+00
2.418584289551e+02 3.411504745483e+00
2.418595581055e+02 4.311151981354e+00
2.418606872559e+02 8.538526535034e+00
2.418618164062e+02 1.838649559021e+01
2.418629455566e+02 2.808133506775e+01
2.418640747070e+02 3.697042465210e+01
2.418652038574e+02 4.361336898804e+01
2.418663177490e+02 4.015108871460e+01
2.418674468994e+02 3.141987991333e+01
2.418685760498e+02 2.305736351013e+01
2.418697052002e+02 1.579043483734e+01
2.418708343506e+02 1.011974620819e+01
2.418719635010e+02 6.370313167572e+00
2.418730926514e+02 5.132482051849e+00
2.418742218018e+02 4.988706588745e+00
2.418753509521e+02 3.788765668869e+00
2.418764801025e+02 3.487772226334e+00
2.418776092529e+02 3.236918210983e+00
2.418787384033e+02 2.691309452057e+00
2.418798675537e+02 3.316399335861e+00
2.418809967041e+02 6.044271945953e+00
2.418821258545e+02 1.186921691895e+01
2.418832550049e+02 1.289484786987e+01
2.418843841553e+02 1.279472160339e+01
2.418855133057e+02 1.104934120178e+01
2.418866424561e+02 8.559427261353e+00
2.418877716064e+02 5.025872707367e+00
2.418889007568e+02 3.830861806870e+00
2.418900299072e+02 6.031762123108e+00
2.418911590576e+02 1.109998130798e+01
2.418922882080e+02 1.558315372467e+01
2.418934173584e+02 1.809074401855e+01
2.418945465088e+02 1.699601364136e+01
2.418956756592e+02 1.357796478271e+01
2.418968048096e+02 9.350458145142e+00
2.418979339600e+02 5.625133037567e+00
2.418990631104e+02 2.748270273209e+00
2.419001922607e+02 7.883182764053e-01
2.419013214111e+02 5.449466109276e-01
2.419024505615e+02 2.476104259491e+00
2.419035797119e+02 5.063866138458e+00
2.419047088623e+02 1.012139606476e+01
2.419058380127e+02 1.469874572754e+01
2.419069671631e+02 1.928169631958e+01
2.419080963135e+02 2.065319061279e+01
2.419092254639e+02 1.620938491821e+01
2.419103546143e+02 1.089590644836e+01
2.419114837646e+02 5.061853408813e+00
2.419126129150e+02 2.057698965073e+00
2.419137420654e+02 9.686627984047e-01
2.419148712158e+02 4.014268517494e-01
2.419160003662e+02 4.484942257404e-01
2.419171295166e+02 2.303805112839e+00
2.419182586670e+02 6.341211795807e+00
2.419193878174e+02 8.616219520569e+00
2.419205169678e+02 8.277707099915e+00
2.419216461182e+02 7.990751743317e+00
2.419227752686e+02 6.375343322754e+00
2.419239044189e+02 4.552171707153e+00
2.419250335693e+02 8.873803019524e-01
2.419261627197e+02 5.818216800690e-01
2.419272918701e+02 1.959677577019e+00
2.419284210205e+02 4.482713222504e+00
2.419295501709e+02 9.316079139709e+00
2.419306793213e+02 1.307924461365e+01
2.419318084717e+02 1.374842548370e+01
2.419329376221e+02 1.300978660583e+01
2.419340667725e+02 9.888801574707e+00
2.419351959229e+02 6.862067699432e+00
2.419363098145e+02 4.597045421600e+00
2.419374389648e+02 4.294890403748e+00
2.419385681152e+02 4.430406093597e+00
2.419396972656e+02 4.636673927307e+00
2.419408264160e+02 5.116981983185e+00
2.419419555664e+02 4.657044410706e+00
2.419430847168e+02 3.734260559082e+00
2.419442138672e+02 2.632216930389e+00
2.419453430176e+02 1.167332410812e+00
2.419464721680e+02 3.913786262274e-02
2.419476013184e+02 -2.157659083605e-01
2.419487304688e+02 -2.649068236351e-01
2.419498596191e+02 -4.240971505642e-01
2.419509887695e+02 -4.858379065990e-01
2.419521179199e+02 -5.498695969582e-01
2.419532470703e+02 -2.483655661345e-01
2.419543762207e+02 1.942655295134e-01
2.419555053711e+02 2.472971439362e+00
2.419566345215e+02 5.672708988190e+00
2.419577636719e+02 6.445963382721e+00
2.419588928223e+02 6.180295944214e+00
2.419600219727e+02 6.151441097260e+00
2.419611511230e+02 5.863039970398e+00
2.419622802734e+02 4.086946487427e+00
2.419634094238e+02 2.262507677078e+00
2.419645385742e+02 9.627053737640e-01
2.419656677246e+02 4.883234500885e-01
2.419667968750e+02 7.719747722149e-02
2.419679260254e+02 -2.584128975868e-01
2.419690551758e+02 -6.410815715790e-01
2.419701843262e+02 -1.084632396698e+00
2.419713134766e+02 -1.371101617813e+00
2.419724426270e+02 -1.447572588921e+00
2.419735717773e+02 -1.328647136688e+00
2.419747009277e+02 -9.772865772247e-01
2.419758300781e+02 -4.592711329460e-01
2.419769592285e+02 4.467546343803e-01
2.419780883789e+02 9.902683496475e-01
2.419792175293e+02 1.123331785202e+00
2.419803466797e+02 1.428347945213e+00
2.419814758301e+02 1.572492122650e+00
2.419826049805e+02 1.013382196426e+00
2.419837341309e+02 2.498314902186e-02
2.419848632812e+02 -5.806420445442e-01
2.419859924316e+02 -7.157424092293e-01
2.419871215820e+02 -1.175191998482e+00
2.419882507324e+02 -1.509140729904e+00
2.419893798828e+02 -1.660787940025e+00
2.419905090332e+02 -1.508223414421e+00
2.419916381836e+02 -1.264241933823e+00
2.419927673340e+02 -1.002069473267e+00
2.419938964844e+02 -4.523496925831e-01
2.419950256348e+02 4.603872597218e-01
2.419961547852e+02 1.239917874336e+00
2.419972839355e+02 1.685906052589e+00
2.419984130859e+02 1.518683075905e+00
2.419995422363e+02 1.087391614914e+00
2.420006713867e+02 5.632741451263e-01
2.420018005371e+02 5.038046464324e-02
2.420029296875e+02 6.277398020029e-02
2.420040588379e+02 2.904987573624e+00
2.420051879883e+02 5.727566242218e+00
2.420063018799e+02 5.280621051788e+00
2.420074310303e+02 5.300034999847e+00
2.420085601807e+02 5.459710597992e+00
2.420096893311e+02 6.604490756989e+00
2.420108184814e+02 8.109584808350e+00
2.420119476318e+02 1.244893360138e+01
2.420130767822e+02 1.443241310120e+01
2.420142059326e+02 1.457752132416e+01
2.420153350830e+02 1.252990818024e+01
2.420164642334e+02 9.166194915771e+00
2.420175933838e+02 5.179823875427e+00
2.420187225342e+02 1.871476888657e+00
2.420198516846e+02 2.611582875252e-01
2.420209808350e+02 -2.827400341630e-02
2.420221099854e+02 2.645105719566e-01
2.420232391357e+02 9.330824613571e-01
2.420243682861e+02 2.188602685928e+00
2.420254974365e+02 1.781872153282e+00
2.420266265869e+02 2.444823503494e+00
2.420277557373e+02 4.260614871979e+00
2.420288848877e+02 4.159677028656e+00
2.420300140381e+02 3.188834905624e+00
2.420311431885e+02 2.462133646011e+00
2.420322723389e+02 3.583313226700e+00
2.420334014893e+02 3.578337192535e+00
2.420345306396e+02 2.292312622070e+00
2.420356597900e+02 1.459449052811e+00
2.420367889404e+02 1.846121668816e+00
2.420379180908e+02 1.548377394676e+00
2.420390472412e+02 3.527425527573e-01
2.420401763916e+02 8.629699349403e-01
2.420413055420e+02 1.716831207275e+00
2.420424346924e+02 1.974178671837e+00
2.420435638428e+02 1.790402412415e+00
2.420446929932e+02 1.472593784332e+00
2.420458221436e+02 1.278386354446e+00
2.420469512939e+02 8.670109510422e-02
2.420480804443e+02 -1.100378274918e+00
2.420492095947e+02 -1.915347814560e+00
2.420503387451e+02 -2.148402452469e+00
2.420514678955e+02 -2.038243532181e+00
2.420525970459e+02 -2.063197612762e+00
2.420537261963e+02 -1.995603561401e+00
2.420548553467e+02 -1.657954573631e+00
2.420559844971e+02 -1.319488525391e+00
2.420571136475e+02 -1.135808944702e+00
2.420582427979e+02 -9.131473302841e-01
2.420593719482e+02 -2.634308040142e-01
2.420605010986e+02 5.458557605743e-01
2.420616302490e+02 4.574920177460e+00
2.420627593994e+02 4.692507743835e+00
2.420638885498e+02 5.255966186523e+00
2.420650177002e+02 6.503015518188e+00
2.420661468506e+02 7.267795085907e+00
2.420672760010e+02 5.705414295197e+00
2.420684051514e+02 3.623530864716e+00
2.420695343018e+02 2.622533559799e+00
2.420706634521e+02 1.793310046196e+00
2.420717926025e+02 6.964748501778e-01
2.420729217529e+02 5.543574094772e-01
2.420740509033e+02 4.456724822521e-01
2.420751800537e+02 5.157970190048e-01
2.420763092041e+02 2.578232526779e+00
2.420774230957e+02 4.516101837158e+00
2.420785522461e+02 6.235951423645e+00
2.420796813965e+02 6.442926406860e+00
2.420808105469e+02 5.881749153137e+00
2.420819396973e+02 4.927988529205e+00
2.420830688477e+02 3.765190839767e+00
2.420841979980e+02 2.218863010406e+00
2.420853271484e+02 8.524020314217e-01
2.420864562988e+02 -3.226585453376e-03
2.420875854492e+02 -6.138131394982e-02
2.420887145996e+02 3.075655177236e-02
2.420898437500e+02 3.220986127853e-01
2.420909729004e+02 2.613100707531e-01
2.420921020508e+02 -2.118968777359e-02
2.420932312012e+02 -1.771578639746e-01
2.420943603516e+02 -1.218225210905e-01
2.420954895020e+02 -5.374472141266e-01
2.420966186523e+02 -1.051340222359e+00
2.420977478027e+02 -1.361317515373e+00
2.420988769531e+02 -1.205273509026e+00
2.421000061035e+02 -9.951649308205e-01
2.421011352539e+02 -2.192732393742e-01
2.421022644043e+02 2.549253106117e-01
2.421033935547e+02 6.690885424614e-01
2.421045227051e+02 9.115917086601e-01
2.421056518555e+02 6.843945384026e-01
2.421067810059e+02 4.665123522282e-01
2.421079101562e+02 1.483125835657e-01
2.421090393066e+02 -1.108165532351e-01
2.421101684570e+02 -7.202910780907e-01
2.421112976074e+02 -1.049952864647e+00
2.421124267578e+02 -1.388977646828e+00
2.421135559082e+02 -1.488569617271e+00
2.421146850586e+02 -1.142276048660e+00
2.421158142090e+02 -6.612396836281e-01
2.421169433594e+02 1.250119507313e-01
2.421180725098e+02 3.445520997047e-01
2.421192016602e+02 1.111844062805e+00
2.421203308105e+02 2.630445003510e+00
2.421214599609e+02 4.756179809570e+00
2.421225891113e+02 4.543846607208e+00
2.421237182617e+02 4.151937961578e+00
2.421248474121e+02 5.167865276337e+00
2.421259765625e+02 6.791826248169e+00
2.421271057129e+02 7.351843357086e+00
2.421282348633e+02 4.936771869659e+00
2.421293640137e+02 4.090353488922e+00
2.421304931641e+02 3.805607557297e+00
2.421316223145e+02 3.157677888870e+00
2.421327514648e+02 1.352771520615e+00
2.421338806152e+02 1.100398302078e+00
2.421350097656e+02 1.147922635078e+00
2.421361389160e+02 1.966550350189e+00
2.421372680664e+02 3.205671548843e+00
2.421383972168e+02 3.631872177124e+00
2.421395263672e+02 3.861084699631e+00
2.421406555176e+02 4.266860961914e+00
2.421417846680e+02 5.027797222137e+00
2.421429138184e+02 5.271786689758e+00
2.421440429688e+02 3.931298732758e+00
2.421451721191e+02 3.069243669510e+00
2.421463012695e+02 2.245832443237e+00
2.421474151611e+02 1.819108009338e+00
2.421485443115e+02 1.304194688797e+00
2.421496734619e+02 1.069998741150e+00
2.421508026123e+02 5.360758304596e-01
2.421519317627e+02 3.319227695465e-01
2.421530609131e+02 4.692233800888e-01
2.421541900635e+02 1.670571446419e+00
2.421553192139e+02 2.958513021469e+00
2.421564483643e+02 2.972998142242e+00
2.421575775146e+02 3.131080627441e+00
2.421587066650e+02 3.423182725906e+00
2.421598358154e+02 4.333709716797e+00
2.421609649658e+02 4.530529499054e+00
2.421620941162e+02 5.738502025604e+00
2.421632232666e+02 6.997799873352e+00
2.421643524170e+02 7.503297805786e+00
2.421654815674e+02 1.025364017487e+01
2.421666107178e+02 1.470135402679e+01
2.421677398682e+02 1.705019950867e+01
2.421688690186e+02 1.805125617981e+01
2.421699981689e+02 1.951853370667e+01
2.421711273193e+02 1.805292892456e+01
2.421722564697e+02 1.477142810822e+01
2.421733856201e+02 1.148557281494e+01
2.421745147705e+02 8.068150520325e+00
2.421756439209e+02 4.500177860260e+00
2.421767730713e+02 2.535598993301e+00
2.421779022217e+02 2.049781560898e+00
2.421790313721e+02 2.394023656845e+00
2.421801605225e+02 2.883066892624e+00
2.421812896729e+02 3.768701314926e+00
2.421824188232e+02 4.407394409180e+00
2.421835479736e+02 4.003434658051e+00
2.421846771240e+02 3.551543712616e+00
2.421858062744e+02 2.675174474716e+00
2.421869354248e+02 1.803925275803e+00
2.421880645752e+02 7.186822891235e-01
2.421891937256e+02 -2.839471399784e-01
2.421903228760e+02 -5.951017141342e-01
2.421914520264e+02 -6.280330419540e-01
2.421925811768e+02 -6.142401099205e-01
2.421937103271e+02 -5.459064841270e-01
2.421948394775e+02 -7.330165505409e-01
2.421959686279e+02 -4.729118049145e-01
2.421970977783e+02 7.940014600754e-01
2.421982269287e+02 3.696212291718e+00
2.421993560791e+02 4.042543888092e+00
2.422004852295e+02 3.495754718781e+00
2.422016143799e+02 4.356248855591e+00
2.422027435303e+02 4.652829647064e+00
2.422038726807e+02 4.027807235718e+00
2.422050018311e+02 2.910452842712e+00
2.422061309814e+02 3.912864923477e+00
2.422072601318e+02 4.515666484833e+00
2.422083892822e+02 3.434815883636e+00
2.422095184326e+02 3.042852640152e+00
2.422106475830e+02 2.842439413071e+00
2.422117767334e+02 2.435587644577e+00
2.422129058838e+02 5.372097492218e-01
2.422140350342e+02 -3.771731555462e-01
2.422151641846e+02 -6.912093758583e-01
2.422162933350e+02 -7.618876695633e-01
2.422174224854e+02 -7.740438580513e-01
2.422185363770e+02 -9.151726961136e-01
2.422196655273e+02 -9.052703529596e-02
2.422207946777e+02 8.628736138344e-01
2.422219238281e+02 1.172765254974e+00
2.422230529785e+02 1.029277324677e+00
2.422241821289e+02 8.763171434402e-01
2.422253112793e+02 9.873288869858e-01
2.422264404297e+02 8.585232496262e-01
2.422275695801e+02 5.101951360703e-01
2.422286987305e+02 5.075412988663e-01
2.422298278809e+02 1.109876036644e+00
2.422309570312e+02 1.005949020386e+00
2.422320861816e+02 5.957272052765e-01
2.422332153320e+02 1.581305861473e-01
2.422343444824e+02 1.142473295331e-01
2.422354736328e+02 -1.553565859795e-01
2.422366027832e+02 -2.584446966648e-01
2.422377319336e+02 -4.448215663433e-01
2.422388610840e+02 -1.923051029444e-01
2.422399902344e+02 5.093829035759e-01
2.422411193848e+02 1.081175446510e+00
2.422422485352e+02 1.026756763458e+00
2.422433776855e+02 6.061446666718e-01
2.422445068359e+02 1.526176095009e+00
2.422456359863e+02 2.723447561264e+00
2.422467651367e+02 2.136221170425e+00
2.422478942871e+02 1.435433387756e+00
2.422490234375e+02 1.577382087708e+00
2.422501525879e+02 1.786868453026e+00
2.422512817383e+02 6.881276965141e-01
2.422524108887e+02 -1.653449982405e-01
2.422535400391e+02 -8.279964923859e-01
2.422546691895e+02 -7.721200585365e-01
2.422557983398e+02 -6.956940293312e-01
2.422569274902e+02 -2.498485296965e-01
2.422580566406e+02 4.659788310528e-02
2.422591857910e+02 -6.137620657682e-04
2.422603149414e+02 -3.269895911217e-01
2.422614440918e+02 -3.760390877724e-01
2.422625732422e+02 -5.016913414001e-01
2.422637023926e+02 -9.174520969391e-01
2.422648315430e+02 -1.121133923531e+00
2.422659606934e+02 -9.484053850174e-01
2.422670898438e+02 -2.873104214668e-01
2.422682189941e+02 6.553621292114e-01
2.422693481445e+02 1.313308835030e+00
2.422704772949e+02 1.174589872360e+00
2.422716064453e+02 1.246208667755e+00
2.422727355957e+02 1.400385260582e+00
2.422738647461e+02 1.079922914505e+00
2.422749938965e+02 6.908060312271e-01
2.422761230469e+02 1.766386866570e+00
2.422772521973e+02 2.606690168381e+00
2.422783813477e+02 2.585511684418e+00
2.422795104980e+02 3.732399225235e+00
2.422806396484e+02 4.511483192444e+00
2.422817687988e+02 4.237190246582e+00
2.422828979492e+02 3.499266624451e+00
2.422840270996e+02 4.273744583130e+00
2.422851562500e+02 4.017942905426e+00
2.422862854004e+02 2.508013725281e+00
2.422874145508e+02 2.522020101547e+00
2.422885284424e+02 2.044712781906e+00
2.422896575928e+02 1.396621227264e+00
2.422907867432e+02 3.648501932621e-01
2.422919158936e+02 1.435087919235e-01
2.422930450439e+02 2.765138447285e-01
2.422941741943e+02 8.328298926353e-01
2.422953033447e+02 8.138290047646e-01
2.422964324951e+02 6.700744628906e-01
2.422975616455e+02 7.970064282417e-01
2.422986907959e+02 6.253331899643e-01
2.422998199463e+02 -7.611107826233e-02
2.423009490967e+02 -5.603332519531e-01
2.423020782471e+02 -5.291558504105e-01
2.423032073975e+02 7.175716012716e-02
2.423043365479e+02 5.887544751167e-01
2.423054656982e+02 1.284420847893e+00
2.423065948486e+02 3.092116355896e+00
2.423077239990e+02 3.486987113953e+00
2.423088531494e+02 4.246243953705e+00
2.423099822998e+02 4.185908794403e+00
2.423111114502e+02 3.385629653931e+00
2.423122406006e+02 2.147418260574e+00
2.423133697510e+02 1.700419664383e+00
2.423144989014e+02 2.758406996727e-01
2.423156280518e+02 -2.311406433582e-01
2.423167572021e+02 -2.893819212914e-01
2.423178863525e+02 2.500713467598e-01
2.423190155029e+02 1.804645419121e+00
2.423201446533e+02 3.044540643692e+00
2.423212738037e+02 2.315567255020e+00
2.423224029541e+02 2.585358142853e+00
2.423235321045e+02 3.483855247498e+00
2.423246612549e+02 3.461083173752e+00
2.423257904053e+02 2.049408912659e+00
2.423269195557e+02 1.602312445641e+00
2.423280487061e+02 1.232391595840e+00
2.423291778564e+02 1.055840849876e+00
2.423303070068e+02 6.332576870918e-01
2.423314361572e+02 2.174859762192e+00
2.423325653076e+02 2.892803430557e+00
2.423336944580e+02 4.116732597351e+00
2.423348236084e+02 5.507616043091e+00
2.423359527588e+02 6.736747264862e+00
2.423370819092e+02 7.462224960327e+00
2.423382110596e+02 6.314917087555e+00
2.423393402100e+02 5.267020225525e+00
2.423404693604e+02 4.273016452789e+00
2.423415985107e+02 3.543794155121e+00
2.423427276611e+02 3.173445224762e+00
2.423438568115e+02 2.623412847519e+00
2.423449859619e+02 2.137084722519e+00
2.423461151123e+02 2.501348972321e+00
2.423472442627e+02 1.633320331573e+00
2.423483734131e+02 7.465378046036e-01
2.423495025635e+02 6.992896199226e-01
2.423506317139e+02 1.301500558853e+00
2.423517608643e+02 1.399191975594e+00
2.423528900146e+02 1.232516169548e+00
2.423540191650e+02 1.240350961685e+00
2.423551483154e+02 2.002712249756e+00
2.423562774658e+02 3.817607402802e+00
2.423574066162e+02 6.650390148163e+00
2.423585357666e+02 9.338022232056e+00
2.423596496582e+02 9.540585517883e+00
2.423607788086e+02 9.924321174622e+00
2.423619079590e+02 8.819905281067e+00
2.423630371094e+02 6.772825241089e+00
2.423641662598e+02 4.459308147430e+00
2.423652954102e+02 3.154362440109e+00
2.423664245605e+02 1.891201853752e+00
2.423675537109e+02 8.706232309341e-01
2.423686828613e+02 5.526792407036e-01
2.423698120117e+02 4.868521690369e-01
2.423709411621e+02 -2.070071548223e-01
2.423720703125e+02 -6.327990889549e-01
2.423731994629e+02 -9.227880835533e-01
2.423743286133e+02 -1.002229928970e+00
2.423754577637e+02 -9.371591210365e-01
2.423765869141e+02 -6.648811101913e-01
2.423777160645e+02 -1.132868304849e-01
2.423788452148e+02 5.501030683517e-01
2.423799743652e+02 6.235817670822e-01
2.423811035156e+02 1.015789866447e+00
2.423822326660e+02 1.959948301315e+00
2.423833618164e+02 2.681440830231e+00
2.423844909668e+02 3.125505208969e+00
2.423856201172e+02 2.499687910080e+00
2.423867492676e+02 2.695398569107e+00
2.423878784180e+02 3.713978290558e+00
2.423890075684e+02 3.664047241211e+00
2.423901367188e+02 2.713682174683e+00
2.423912658691e+02 2.076835393906e+00
2.423923950195e+02 2.310464143753e+00
2.423935241699e+02 2.664019584656e+00
2.423946533203e+02 3.475147008896e+00
2.423957824707e+02 4.864467144012e+00
2.423969116211e+02 5.506738662720e+00
2.423980407715e+02 6.895222187042e+00
2.423991699219e+02 7.778040409088e+00
2.424002990723e+02 6.381305217743e+00
2.424014282227e+02 5.500386238098e+00
2.424025573730e+02 7.330032825470e+00
2.424036865234e+02 1.350338363647e+01
2.424048156738e+02 1.786501121521e+01
2.424059448242e+02 2.185730361938e+01
2.424070739746e+02 2.726074218750e+01
2.424082031250e+02 2.716105651855e+01
2.424093322754e+02 2.073010063171e+01
2.424104614258e+02 1.408939266205e+01
2.424115905762e+02 6.566773891449e+00
2.424127197266e+02 2.598305225372e+00
2.424138488770e+02 1.071287035942e+00
2.424149780273e+02 6.715114116669e-01
2.424161071777e+02 1.087104558945e+00
2.424172363281e+02 1.028747558594e+00
2.424183654785e+02 5.288152098656e-01
2.424194946289e+02 3.882401883602e-01
2.424206237793e+02 2.468382269144e-01
2.424217529297e+02 -2.092563547194e-02
2.424228820801e+02 3.784210607409e-02
2.424240112305e+02 5.567123293877e-01
2.424251403809e+02 1.025111198425e+00
2.424262695312e+02 2.673293113708e+00
2.424273986816e+02 4.618699550629e+00
2.424285278320e+02 7.940906524658e+00
2.424296417236e+02 1.223676395416e+01
2.424307708740e+02 1.401414299011e+01
2.424319000244e+02 1.383904552460e+01
2.424330291748e+02 1.408026695251e+01
2.424341583252e+02 1.224703502655e+01
2.424352874756e+02 9.128823280334e+00
2.424364166260e+02 5.558314800262e+00
2.424375457764e+02 4.824718952179e+00
2.424386749268e+02 4.124244213104e+00
2.424398040771e+02 2.441589832306e+00
2.424409332275e+02 5.849961042404e-01
2.424420623779e+02 2.277751117945e-01
2.424431915283e+02 5.037444829941e-02
2.424443206787e+02 -6.920964270830e-02
2.424454498291e+02 1.280806958675e-01
2.424465789795e+02 5.516104698181e-01
2.424477081299e+02 4.328277587891e+00
2.424488372803e+02 8.557695388794e+00
2.424499664307e+02 1.098463726044e+01
2.424510955811e+02 1.132040214539e+01
2.424522247314e+02 1.117212104797e+01
2.424533538818e+02 1.143692779541e+01
2.424544830322e+02 8.443831443787e+00
2.424556121826e+02 4.718911647797e+00
2.424567413330e+02 2.020624399185e+00
2.424578704834e+02 6.649398058653e-02
2.424589996338e+02 2.675281278789e-02
2.424601287842e+02 -2.482195943594e-01
2.424612579346e+02 -4.027196466923e-01
2.424623870850e+02 -7.867271304131e-01
2.424635162354e+02 -1.042601704597e+00
2.424646453857e+02 -9.433898329735e-01
2.424657745361e+02 -8.210335969925e-01
2.424669036865e+02 -6.967416405678e-01
2.424680328369e+02 -2.186893522739e-01
2.424691619873e+02 6.895424723625e-01
2.424702911377e+02 2.270817279816e+00
2.424714202881e+02 3.544975996017e+00
2.424725494385e+02 3.824453115463e+00
2.424736785889e+02 3.537672758102e+00
2.424748077393e+02 3.530726909637e+00
2.424759368896e+02 3.282200098038e+00
2.424770660400e+02 1.403944373131e+00
2.424781951904e+02 5.492949485779e-02
2.424793243408e+02 -4.956080615520e-01
2.424804534912e+02 -3.181023895741e-01
2.424815826416e+02 3.792358040810e-01
2.424827117920e+02 1.190875768661e+00
2.424838409424e+02 1.596838712692e+00
2.424849700928e+02 1.314871311188e+00
2.424860992432e+02 1.872333765030e+00
2.424872283936e+02 2.772073030472e+00
2.424883575439e+02 3.789535999298e+00
2.424894866943e+02 4.466885566711e+00
2.424906158447e+02 5.367547035217e+00
2.424917449951e+02 7.449040412903e+00
2.424928741455e+02 8.097488403320e+00
2.424940032959e+02 7.814866065979e+00
2.424951324463e+02 7.581064701080e+00
2.424962615967e+02 6.675862312317e+00
2.424973907471e+02 5.059562683105e+00
2.424985198975e+02 3.318388462067e+00
2.424996490479e+02 2.426190853119e+00
2.425007629395e+02 1.930595040321e+00
2.425018920898e+02 6.023017168045e-01
2.425030212402e+02 2.592878341675e-01
2.425041503906e+02 1.773939371109e+00
2.425052795410e+02 4.384952545166e+00
2.425064086914e+02 8.724090576172e+00
2.425075378418e+02 1.195878982544e+01
2.425086669922e+02 1.206372165680e+01
2.425097961426e+02 1.119839000702e+01
2.425109252930e+02 8.419264793396e+00
2.425120544434e+02 5.094721794128e+00
2.425131835938e+02 1.756469488144e+00
2.425143127441e+02 2.122045457363e-01
2.425154418945e+02 -1.995409131050e-01
2.425165710449e+02 -3.358143270016e-01
2.425177001953e+02 -4.366231262684e-01
2.425188293457e+02 -4.313492476940e-01
2.425199584961e+02 -3.484736979008e-01
2.425210876465e+02 -8.252171874046e-01
2.425222167969e+02 -1.070552825928e+00
2.425233459473e+02 -7.957193255424e-01
2.425244750977e+02 -4.185549020767e-01
2.425256042480e+02 -9.863302111626e-02
2.425267333984e+02 -1.039884015918e-01
2.425278625488e+02 -3.371107876301e-01
2.425289916992e+02 -2.954349219799e-01
2.425301208496e+02 -6.861908435822e-01
2.425312500000e+02 -1.124929428101e+00
2.425323791504e+02 -1.324130654335e+00
2.425335083008e+02 -1.377713561058e+00
2.425346374512e+02 -1.435215830803e+00
2.425357666016e+02 -1.374166846275e+00
2.425368957520e+02 -1.144603013992e+00
2.425380249023e+02 -1.105224728584e+00
2.425391540527e+02 -1.188857197762e+00
2.425402832031e+02 -1.208712697029e+00
2.425414123535e+02 -1.092823386192e+00
2.425425415039e+02 -6.632558703423e-01
2.425436706543e+02 -3.252796232700e-01
2.425447998047e+02 9.783370187506e-04
2.425459289551e+02 1.800485253334e-01
2.425470581055e+02 5.793460607529e-01
2.425481872559e+02 6.887804269791e-01
2.425493164062e+02 7.107725143433e-01
2.425504455566e+02 6.337631344795e-01
2.425515747070e+02 4.977573454380e-01
2.425527038574e+02 2.150686234236e-01
2.425538330078e+02 -1.394125074148e-01
2.425549621582e+02 -8.584602177143e-02
2.425560913086e+02 -1.325309723616e-01
2.425572204590e+02 -1.533795446157e-01
2.425583496094e+02 -1.685822457075e-01
2.425594787598e+02 -2.451510131359e-01
2.425606079102e+02 -3.550399243832e-01
2.425617370605e+02 -3.814188539982e-01
2.425628662109e+02 -1.892474591732e-01
2.425639953613e+02 2.310438007116e-01
2.425651245117e+02 1.258063077927e+00
2.425662536621e+02 2.107993602753e+00
2.425673828125e+02 2.183249235153e+00
2.425685119629e+02 2.855795145035e+00
2.425696411133e+02 3.360792875290e+00
2.425707550049e+02 3.096387147903e+00
2.425718841553e+02 2.458292007446e+00
2.425730133057e+02 1.885143399239e+00
2.425741424561e+02 1.397364974022e+00
2.425752716064e+02 -1.527736186981e-01
2.425764007568e+02 -4.978042840958e-01
2.425775299072e+02 -1.242039725184e-01
2.425786590576e+02 7.308424711227e-01
2.425797882080e+02 1.051558017731e+00
2.425809173584e+02 2.046343088150e+00
2.425820465088e+02 1.847811341286e+00
2.425831756592e+02 2.968571662903e+00
2.425843048096e+02 3.931393384933e+00
2.425854339600e+02 3.849308013916e+00
2.425865631104e+02 3.184965848923e+00
2.425876922607e+02 2.140299081802e+00
2.425888214111e+02 2.059685945511e+00
2.425899505615e+02 1.272665619850e+00
2.425910797119e+02 3.549490496516e-02
2.425922088623e+02 -1.268989145756e-01
2.425933380127e+02 -8.482480794191e-02
2.425944671631e+02 4.979122281075e-01
2.425955963135e+02 2.175776243210e+00
2.425967254639e+02 5.175984859467e+00
2.425978546143e+02 1.105741882324e+01
2.425989837646e+02 1.535311412811e+01
2.426001129150e+02 1.682462882996e+01
2.426012420654e+02 1.690559005737e+01
2.426023712158e+02 1.661915779114e+01
2.426035003662e+02 1.263640880585e+01
2.426046295166e+02 7.322610378265e+00
2.426057586670e+02 4.668819427490e+00
2.426068878174e+02 3.793398618698e+00
2.426080169678e+02 4.143155097961e+00
2.426091461182e+02 3.293155193329e+00
2.426102752686e+02 3.021110534668e+00
2.426114044189e+02 3.742682456970e+00
2.426125335693e+02 4.283095836639e+00
2.426136627197e+02 3.612567186356e+00
2.426147918701e+02 2.930493354797e+00
2.426159210205e+02 2.798948287964e+00
2.426170501709e+02 2.651007890701e+00
2.426181793213e+02 2.085244894028e+00
2.426193084717e+02 1.981268167496e+00
2.426204376221e+02 1.852823257446e+00
2.426215667725e+02 2.950699329376e+00
2.426226959229e+02 6.134847640991e+00
2.426238250732e+02 1.119943809509e+01
2.426249542236e+02 1.448886108398e+01
2.426260833740e+02 1.482102394104e+01
2.426272125244e+02 1.291337013245e+01
2.426283416748e+02 9.610799789429e+00
2.426294708252e+02 5.887676715851e+00
2.426305999756e+02 2.521462440491e+00
2.426317291260e+02 3.584535121918e-01
2.426328582764e+02 -2.035703212023e-01
2.426339874268e+02 -5.069340467453e-01
2.426351165771e+02 -5.762421488762e-01
2.426362457275e+02 -5.970597863197e-01
2.426373748779e+02 -6.499508023262e-01
2.426385040283e+02 -6.106362938881e-01
2.426396331787e+02 -4.749025106430e-01
2.426407470703e+02 -2.085317522287e-01
2.426418762207e+02 7.664328068495e-02
2.426430053711e+02 6.040981411934e-01
2.426441345215e+02 1.165174722672e+00
2.426452636719e+02 1.244756102562e+00
2.426463928223e+02 1.463070631027e+00
2.426475219727e+02 1.615005612373e+00
2.426486511230e+02 1.590641379356e+00
2.426497802734e+02 1.276219606400e+00
2.426509094238e+02 2.140157938004e+00
2.426520385742e+02 2.370895862579e+00
2.426531677246e+02 2.145865917206e+00
2.426542968750e+02 1.964034676552e+00
2.426554260254e+02 1.798092961311e+00
2.426565551758e+02 1.113285183907e+00
2.426576843262e+02 -1.627111434937e-02
2.426588134766e+02 -8.048320412636e-01
2.426599426270e+02 -1.157075405121e+00
2.426610717773e+02 -1.095021486282e+00
2.426622009277e+02 -1.191417813301e+00
2.426633300781e+02 -1.484306693077e+00
2.426644592285e+02 -1.394935131073e+00
2.426655883789e+02 -1.249324798584e+00
2.426667175293e+02 -1.110696792603e+00
2.426678466797e+02 -9.119064807892e-01
2.426689758301e+02 -7.584826350212e-01
2.426701049805e+02 -7.297487854958e-01
2.426712341309e+02 -6.599786877632e-01
2.426723632812e+02 -7.470347881317e-01
2.426734924316e+02 -1.038683295250e+00
2.426746215820e+02 -1.315972805023e+00
2.426757507324e+02 -1.477444648743e+00
2.426768798828e+02 -1.544432282448e+00
2.426780090332e+02 -1.546765685081e+00
2.426791381836e+02 -1.569792747498e+00
2.426802673340e+02 -1.398731708527e+00
2.426813964844e+02 -1.235569238663e+00
2.426825256348e+02 -1.174579620361e+00
2.426836547852e+02 -1.294275045395e+00
2.426847839355e+02 -1.374818444252e+00
2.426859130859e+02 -1.293332099915e+00
2.426870422363e+02 -1.081398844719e+00
2.426881713867e+02 -8.728259205818e-01
2.426893005371e+02 -6.362042427063e-01
2.426904296875e+02 -2.692208886147e-01
2.426915588379e+02 9.815796464682e-02
2.426926879883e+02 4.811268746853e-01
2.426938171387e+02 6.299991011620e-01
2.426949462891e+02 5.658541321754e-01
2.426960754395e+02 5.990989804268e-01
2.426972045898e+02 1.375485539436e+00
2.426983337402e+02 2.305394887924e+00
2.426994628906e+02 1.662198781967e+00
2.427005920410e+02 1.739289879799e+00
2.427017211914e+02 1.959291100502e+00
2.427028503418e+02 1.447572588921e+00
2.427039794922e+02 -2.976295351982e-01
2.427051086426e+02 -7.625833153725e-01
2.427062377930e+02 -7.932502031326e-01
2.427073669434e+02 -4.190820753574e-01
2.427084960938e+02 -9.704972803593e-02
2.427096252441e+02 3.168224915862e-02
2.427107543945e+02 6.660533547401e-01
2.427118682861e+02 1.249138474464e+00
2.427129974365e+02 1.809388875961e+00
2.427141265869e+02 1.772222518921e+00
2.427152557373e+02 1.504651069641e+00
2.427163848877e+02 9.402489066124e-01
2.427175140381e+02 2.488243430853e-01
2.427186431885e+02 -3.641751110554e-01
2.427197723389e+02 -9.753711819649e-01
2.427209014893e+02 -1.253706336021e+00
2.427220306396e+02 -1.446500778198e+00
2.427231597900e+02 -1.181639075279e+00
2.427242889404e+02 -9.532935619354e-01
2.427254180908e+02 -1.032949805260e+00
2.427265472412e+02 -7.725697755814e-01
2.427276763916e+02 3.014511428773e-02
2.427288055420e+02 1.047262907028e+00
2.427299346924e+02 1.174006819725e+00
2.427310638428e+02 1.112552642822e+00
2.427321929932e+02 1.362456560135e+00
2.427333221436e+02 1.736724615097e+00
2.427344512939e+02 1.832237482071e+00
2.427355804443e+02 1.666602730751e+00
2.427367095947e+02 1.413134336472e+00
2.427378387451e+02 1.368049860001e+00
2.427389678955e+02 1.483756422997e+00
2.427400970459e+02 7.429159879684e-01
2.427412261963e+02 -2.938481271267e-01
2.427423553467e+02 -1.041169881821e+00
2.427434844971e+02 -1.156185746193e+00
2.427446136475e+02 -1.023631811142e+00
2.427457427979e+02 -6.330941319466e-01
