#title: Spectral profile - G013.6562-00.5997_SPW_2.image.pbcor.fits-raster
#region (world): Ellipse[[18:17:24.276, -17d22m13.351], [18:17:24.207, -17d22m12.35]]
#region (pixel): Ellipse[[194, 193], [203, 202]]
#coordinate: world
#xLabel: frequency [GHz]
#yLabel: [Kelvin] Mean

# G013.6562-00.5997_SPW_2.image.pbcor.fits-raster
2.279981994629e+02 1.450920224190e+00
2.279970703125e+02 1.303492188454e+00
2.279959411621e+02 2.468880653381e+00
2.279948120117e+02 3.996623277664e+00
2.279936828613e+02 3.963877677917e+00
2.279925537109e+02 3.160110235214e+00
2.279914245605e+02 3.418055295944e+00
2.279902954102e+02 2.877623558044e+00
2.279891662598e+02 1.351064920425e+00
2.279880371094e+02 2.737922668457e-01
2.279869079590e+02 3.580597341061e-01
2.279857788086e+02 1.233804702759e+00
2.279846496582e+02 2.965120792389e+00
2.279835205078e+02 4.798187255859e+00
2.279823913574e+02 5.308452129364e+00
2.279812622070e+02 5.985126018524e+00
2.279801330566e+02 6.597955703735e+00
2.279790039062e+02 6.047922611237e+00
2.279778747559e+02 3.404645204544e+00
2.279767456055e+02 1.924828052521e+00
2.279756164551e+02 9.767062664032e-01
2.279744873047e+02 4.738494753838e-01
2.279733581543e+02 5.904199481010e-01
2.279722290039e+02 1.419763922691e+00
2.279711151123e+02 2.528957605362e+00
2.279699859619e+02 3.268287658691e+00
2.279688568115e+02 3.165677070618e+00
2.279677276611e+02 3.041751146317e+00
2.279665985107e+02 1.917806863785e+00
2.279654693604e+02 1.195185065269e+00
2.279643402100e+02 4.435663223267e-01
2.279632110596e+02 2.958070039749e-01
2.279620819092e+02 4.727026820183e-01
2.279609527588e+02 7.396494746208e-01
2.279598236084e+02 8.872097730637e-01
2.279586944580e+02 6.550531387329e-01
2.279575653076e+02 3.183010518551e-01
2.279564361572e+02 2.639361843467e-02
2.279553070068e+02 1.294543892145e-01
2.279541778564e+02 1.353699266911e-01
2.279530487061e+02 6.008899584413e-02
2.279519195557e+02 2.873380482197e-01
2.279507904053e+02 4.301920235157e-01
2.279496612549e+02 4.938241839409e-01
2.279485321045e+02 9.806850552559e-01
2.279474029541e+02 1.403353333473e+00
2.279462738037e+02 2.525516986847e+00
2.279451446533e+02 4.568293094635e+00
2.279440155029e+02 7.261376857758e+00
2.279428863525e+02 9.923075675964e+00
2.279417572021e+02 1.323313522339e+01
2.279406280518e+02 1.451731491089e+01
2.279394989014e+02 1.445029258728e+01
2.279383697510e+02 1.293163108826e+01
2.279372406006e+02 1.119373130798e+01
2.279361114502e+02 9.737436294556e+00
2.279349822998e+02 9.082588195801e+00
2.279338531494e+02 9.557339668274e+00
2.279327239990e+02 1.073713684082e+01
2.279315948486e+02 1.155793285370e+01
2.279304656982e+02 1.193336200714e+01
2.279293365479e+02 1.181244850159e+01
2.279282073975e+02 1.113073158264e+01
2.279270782471e+02 9.255308151245e+00
2.279259490967e+02 7.658278942108e+00
2.279248199463e+02 7.087497711182e+00
2.279236907959e+02 7.040297508240e+00
2.279225616455e+02 7.851665496826e+00
2.279214324951e+02 5.984305858612e+00
2.279203033447e+02 3.900428056717e+00
2.279191741943e+02 2.912481307983e+00
2.279180450439e+02 2.249059438705e+00
2.279169158936e+02 1.731835126877e+00
2.279157867432e+02 1.722357869148e+00
2.279146575928e+02 1.420190811157e+00
2.279135284424e+02 8.104411363602e-01
2.279123992920e+02 5.652485489845e-01
2.279112701416e+02 6.669234037399e-01
2.279101409912e+02 7.591258287430e-01
2.279090118408e+02 2.210284769535e-01
2.279078826904e+02 4.758953452110e-01
2.279067535400e+02 1.890842318535e+00
2.279056243896e+02 3.495312213898e+00
2.279044952393e+02 3.754996299744e+00
2.279033660889e+02 3.946708917618e+00
2.279022369385e+02 3.637013435364e+00
2.279011230469e+02 2.832722663879e+00
2.278999938965e+02 3.555185198784e-01
2.278988647461e+02 -2.148991525173e-01
2.278977355957e+02 -5.213348269463e-01
2.278966064453e+02 -2.800045907497e-01
2.278954772949e+02 1.107653975487e-01
2.278943481445e+02 2.707795202732e-01
2.278932189941e+02 4.682663083076e-01
2.278920898438e+02 8.717871904373e-01
2.278909606934e+02 1.035809636116e+00
2.278898315430e+02 1.512402176857e+00
2.278887023926e+02 1.495324134827e+00
2.278875732422e+02 1.871560454369e+00
2.278864440918e+02 3.069849967957e+00
2.278853149414e+02 4.611779689789e+00
2.278841857910e+02 5.285630226135e+00
2.278830566406e+02 6.105922222137e+00
2.278819274902e+02 6.353547573090e+00
2.278807983398e+02 6.690915107727e+00
2.278796691895e+02 4.172997951508e+00
2.278785400391e+02 2.227258920670e+00
2.278774108887e+02 1.318191289902e+00
2.278762817383e+02 1.079499006271e+00
2.278751525879e+02 2.245675086975e+00
2.278740234375e+02 3.847151517868e+00
2.278728942871e+02 5.617903709412e+00
2.278717651367e+02 7.127741336823e+00
2.278706359863e+02 9.555530548096e+00
2.278695068359e+02 1.051435852051e+01
2.278683776855e+02 9.131170272827e+00
2.278672485352e+02 6.879954338074e+00
2.278661193848e+02 6.059487819672e+00
2.278649902344e+02 5.768075466156e+00
2.278638610840e+02 5.843715667725e+00
2.278627319336e+02 6.202019691467e+00
2.278616027832e+02 7.412961006165e+00
2.278604736328e+02 8.316498756409e+00
2.278593444824e+02 7.933073997498e+00
2.278582153320e+02 6.161406517029e+00
2.278570861816e+02 5.114811897278e+00
2.278559570312e+02 3.819048166275e+00
2.278548278809e+02 3.045233249664e+00
2.278536987305e+02 2.739683389664e+00
2.278525695801e+02 1.572438001633e+00
2.278514404297e+02 -5.915072187781e-02
2.278503112793e+02 -3.640717864037e-01
2.278491821289e+02 -6.336375474930e-01
2.278480529785e+02 -6.744471192360e-01
2.278469238281e+02 -5.176050662994e-01
2.278457946777e+02 2.814907766879e-02
2.278446655273e+02 4.425100982189e-01
2.278435363770e+02 2.089956998825e-01
2.278424072266e+02 2.031317353249e-01
2.278412780762e+02 2.557850182056e-01
2.278401489258e+02 -1.587537676096e-02
2.278390197754e+02 -5.533080101013e-01
2.278378906250e+02 -3.914431035519e-01
2.278367614746e+02 -4.208779335022e-01
2.278356323242e+02 -3.405325412750e-01
2.278345031738e+02 -1.546987146139e-01
2.278333740234e+02 -3.077533841133e-01
2.278322448730e+02 -2.952617406845e-01
2.278311157227e+02 -2.797637581825e-01
2.278300018311e+02 -3.725835084915e-01
2.278288726807e+02 -3.946249186993e-01
2.278277435303e+02 -3.619813024998e-01
2.278266143799e+02 -3.330298960209e-01
2.278254852295e+02 -2.308337688446e-01
2.278243560791e+02 -2.323535829782e-01
2.278232269287e+02 2.618731856346e-01
2.278220977783e+02 2.586137950420e-01
2.278209686279e+02 2.274293601513e-01
2.278198394775e+02 8.590190112591e-02
2.278187103271e+02 -4.761709645391e-02
2.278175811768e+02 -1.840452551842e-01
2.278164520264e+02 -1.469999998808e-01
2.278153228760e+02 -3.995743021369e-02
2.278141937256e+02 -2.992053888738e-02
2.278130645752e+02 -8.130766451359e-02
2.278119354248e+02 -8.874941617250e-02
2.278108062744e+02 -4.308089986444e-02
2.278096771240e+02 1.077372953296e-01
2.278085479736e+02 7.416388392448e-01
2.278074188232e+02 1.217182040215e+00
2.278062896729e+02 1.373496651649e+00
2.278051605225e+02 1.232561230659e+00
2.278040313721e+02 1.830921530724e+00
2.278029022217e+02 2.853048563004e+00
2.278017730713e+02 2.605069398880e+00
2.278006439209e+02 1.725169897079e+00
2.277995147705e+02 1.751532435417e+00
2.277983856201e+02 1.686618566513e+00
2.277972564697e+02 1.243576332927e-01
2.277961273193e+02 -3.714432418346e-01
2.277949981689e+02 -4.612853229046e-01
2.277938690186e+02 -1.061310544610e-01
2.277927398682e+02 2.629986703396e-01
2.277916107178e+02 3.583669960499e-01
2.277904815674e+02 7.376496791840e-01
2.277893524170e+02 1.325677990913e+00
2.277882232666e+02 1.296288847923e+00
2.277870941162e+02 1.224136352539e+00
2.277859649658e+02 1.081466317177e+00
2.277848358154e+02 1.021093606949e+00
2.277837066650e+02 1.235518932343e+00
2.277825775146e+02 2.973137140274e+00
2.277814483643e+02 8.399199485779e+00
2.277803192139e+02 1.458047580719e+01
2.277791900635e+02 1.903307151794e+01
2.277780609131e+02 2.163898849487e+01
2.277769317627e+02 1.847045135498e+01
2.277758026123e+02 1.456833934784e+01
2.277746734619e+02 8.518634796143e+00
2.277735443115e+02 2.518455982208e+00
2.277724151611e+02 8.298771977425e-01
2.277712860107e+02 8.398854136467e-01
2.277701568604e+02 1.128077030182e+00
2.277690277100e+02 1.187598228455e+00
2.277678985596e+02 1.152767419815e+00
2.277667694092e+02 6.670445203781e-01
2.277656402588e+02 4.697139859200e-01
2.277645111084e+02 3.657011091709e-01
2.277633819580e+02 5.522478222847e-01
2.277622528076e+02 4.802757203579e-01
2.277611236572e+02 1.001911520958e+00
2.277600097656e+02 1.954734683037e+00
2.277588806152e+02 3.555410385132e+00
2.277577514648e+02 4.505154609680e+00
2.277566223145e+02 4.892250061035e+00
2.277554931641e+02 4.799315452576e+00
2.277543640137e+02 5.053149223328e+00
2.277532348633e+02 4.269814014435e+00
2.277521057129e+02 3.100453138351e+00
2.277509765625e+02 2.208083391190e+00
2.277498474121e+02 2.169016361237e+00
2.277487182617e+02 3.571485757828e+00
2.277475891113e+02 7.371871948242e+00
2.277464599609e+02 1.079102134705e+01
2.277453308105e+02 1.331555557251e+01
2.277442016602e+02 1.343506145477e+01
2.277430725098e+02 1.242651271820e+01
2.277419433594e+02 7.537044525146e+00
2.277408142090e+02 3.389094352722e+00
2.277396850586e+02 1.927896380424e+00
2.277385559082e+02 7.564883232117e-01
2.277374267578e+02 1.483140438795e-01
2.277362976074e+02 -2.001033276320e-01
2.277351684570e+02 -3.642479181290e-01
2.277340393066e+02 -5.747588276863e-01
2.277329101562e+02 -6.429890394211e-01
2.277317810059e+02 -6.596678495407e-01
2.277306518555e+02 -6.267572641373e-01
2.277295227051e+02 -6.881805062294e-01
2.277283935547e+02 -3.896982073784e-01
2.277272644043e+02 2.552669644356e-01
2.277261352539e+02 7.095907926559e-01
2.277250061035e+02 7.916662096977e-01
2.277238769531e+02 1.045039534569e+00
2.277227478027e+02 1.045437335968e+00
2.277216186523e+02 4.948530793190e-01
2.277204895020e+02 -1.155583932996e-01
2.277193603516e+02 -6.371309161186e-01
2.277182312012e+02 -6.913763284683e-01
2.277171020508e+02 -6.557381749153e-01
2.277159729004e+02 -4.155679941177e-01
2.277148437500e+02 -2.252900600433e-01
2.277137145996e+02 -2.564228773117e-01
2.277125854492e+02 -1.746883988380e-01
2.277114562988e+02 -1.876427531242e-01
2.277103271484e+02 -3.163062036037e-01
2.277091979980e+02 -5.873540639877e-01
2.277080688477e+02 -6.847279071808e-01
2.277069396973e+02 -6.169534921646e-01
2.277058105469e+02 -3.172977566719e-01
2.277046813965e+02 -3.323747515678e-01
2.277035522461e+02 -4.803627133369e-01
2.277024230957e+02 -2.782737910748e-01
2.277012939453e+02 -9.151565283537e-02
2.277001647949e+02 -1.454187631607e-01
2.276990356445e+02 -1.630618870258e-01
2.276979064941e+02 3.362828493118e-01
2.276967773438e+02 1.041653633118e+00
2.276956481934e+02 1.348392486572e+00
2.276945190430e+02 1.161496996880e+00
2.276933898926e+02 8.648519515991e-01
2.276922607422e+02 8.018449544907e-01
2.276911315918e+02 3.456284105778e-01
2.276900024414e+02 -2.722108066082e-01
2.276888885498e+02 -5.437560677528e-01
2.276877593994e+02 -4.958764314651e-01
2.276866302490e+02 -3.321418762207e-01
2.276855010986e+02 -2.511084675789e-01
2.276843719482e+02 -4.350156486034e-01
2.276832427979e+02 -4.390581846237e-01
2.276821136475e+02 -6.037950515747e-01
2.276809844971e+02 -7.314577698708e-01
2.276798553467e+02 -4.837390482426e-01
2.276787261963e+02 4.148372709751e-01
2.276775970459e+02 1.071831345558e+00
2.276764678955e+02 1.220479846001e+00
2.276753387451e+02 1.284195899963e+00
2.276742095947e+02 1.398996949196e+00
2.276730804443e+02 1.127823114395e+00
2.276719512939e+02 7.482010871172e-02
2.276708221436e+02 -4.212759435177e-02
2.276696929932e+02 -2.735065296292e-02
2.276685638428e+02 -2.269989848137e-01
2.276674346924e+02 -4.088039994240e-01
2.276663055420e+02 -4.798766374588e-01
2.276651763916e+02 -6.817851662636e-01
2.276640472412e+02 -8.751915693283e-01
2.276629180908e+02 -4.789599180222e-01
2.276617889404e+02 -4.714481234550e-01
2.276606597900e+02 -3.745930790901e-01
2.276595306396e+02 6.198783218861e-02
2.276584014893e+02 4.487929046154e-01
2.276572723389e+02 3.153367042542e-01
2.276561431885e+02 -2.609286010265e-01
2.276550140381e+02 -4.117968678474e-01
2.276538848877e+02 -1.886289268732e-01
2.276527557373e+02 -1.571274697781e-01
2.276516265869e+02 -2.026620358229e-01
2.276504974365e+02 -2.460307031870e-01
2.276493682861e+02 -3.811030089855e-01
2.276482391357e+02 -4.515663087368e-01
2.276471099854e+02 -4.230200946331e-01
2.276459808350e+02 -2.629036307335e-01
2.276448516846e+02 -2.078839093447e-01
2.276437225342e+02 -2.734743058681e-01
2.276425933838e+02 -3.205573558807e-01
2.276414642334e+02 -1.448298096657e-01
2.276403350830e+02 -5.511077493429e-02
2.276392059326e+02 9.360623359680e-02
2.276380767822e+02 2.711375951767e-01
2.276369476318e+02 7.903620600700e-01
2.276358184814e+02 8.601655364037e-01
2.276346893311e+02 1.027119159698e+00
2.276335601807e+02 8.337875008583e-01
2.276324310303e+02 6.208154559135e-01
2.276313018799e+02 5.901166796684e-01
2.276301727295e+02 5.329110622406e-01
2.276290435791e+02 5.110919475555e-01
2.276279144287e+02 6.694102287292e-01
2.276267852783e+02 8.804522156715e-01
2.276256561279e+02 1.473538875580e+00
2.276245269775e+02 1.617105603218e+00
2.276233978271e+02 1.890558362007e+00
2.276222686768e+02 2.754879474640e+00
2.276211395264e+02 3.231838226318e+00
2.276200103760e+02 4.304374217987e+00
2.276188964844e+02 4.481579303741e+00
2.276177673340e+02 3.556872367859e+00
2.276166381836e+02 3.014170646667e+00
2.276155090332e+02 2.686109542847e+00
2.276143798828e+02 2.891659498215e+00
2.276132507324e+02 3.341335058212e+00
2.276121215820e+02 2.921835422516e+00
2.276109924316e+02 1.978814244270e+00
2.276098632812e+02 1.740171432495e+00
2.276087341309e+02 8.047717809677e-01
2.276076049805e+02 -1.674642264843e-01
2.276064758301e+02 -5.285625457764e-01
2.276053466797e+02 -5.712984204292e-01
2.276042175293e+02 -5.271229743958e-01
2.276030883789e+02 -2.986504435539e-01
2.276019592285e+02 3.072190657258e-02
2.276008300781e+02 1.531096398830e-01
2.275997009277e+02 2.749329805374e-01
2.275985717773e+02 6.845331192017e-02
2.275974426270e+02 1.909526623785e-02
2.275963134766e+02 -6.879816204309e-02
2.275951843262e+02 -1.339892391115e-03
2.275940551758e+02 1.437268853188e+00
2.275929260254e+02 2.746032953262e+00
2.275917968750e+02 3.493927478790e+00
2.275906677246e+02 4.093285560608e+00
2.275895385742e+02 4.139257907867e+00
2.275884094238e+02 3.395562887192e+00
2.275872802734e+02 2.196508884430e+00
2.275861511230e+02 4.557465910912e-01
2.275850219727e+02 -7.939825952053e-02
2.275838928223e+02 -4.584423005581e-01
2.275827636719e+02 -5.026693940163e-01
2.275816345215e+02 -4.683477282524e-01
2.275805053711e+02 -4.968268871307e-01
2.275793762207e+02 -7.110990285873e-01
2.275782470703e+02 -5.415999889374e-01
2.275771179199e+02 -2.807629704475e-01
2.275759887695e+02 -3.384948894382e-02
2.275748596191e+02 8.750149011612e-01
2.275737304688e+02 3.167521715164e+00
2.275726013184e+02 6.967640399933e+00
2.275714721680e+02 1.122787666321e+01
2.275703430176e+02 1.302532196045e+01
2.275692138672e+02 1.313223648071e+01
2.275680847168e+02 1.303684329987e+01
2.275669555664e+02 1.053144645691e+01
2.275658264160e+02 7.356791973114e+00
2.275646972656e+02 4.433797836304e+00
2.275635681152e+02 3.650309801102e+00
2.275624389648e+02 3.320146083832e+00
2.275613098145e+02 3.928512573242e+00
2.275601806641e+02 3.299470663071e+00
2.275590515137e+02 1.970396518707e+00
2.275579223633e+02 1.687617301941e+00
2.275567932129e+02 1.267505645752e+00
2.275556640625e+02 7.731041312218e-01
2.275545349121e+02 6.106427311897e-01
2.275534057617e+02 8.547978401184e-01
2.275522766113e+02 8.964220881462e-01
2.275511474609e+02 1.061767339706e+00
2.275500183105e+02 1.476185441017e+00
2.275489044189e+02 1.479531168938e+00
2.275477752686e+02 9.792455434799e-01
2.275466461182e+02 1.007021784782e+00
2.275455169678e+02 1.017706990242e+00
2.275443878174e+02 9.788499474525e-01
2.275432586670e+02 1.495202898979e+00
2.275421295166e+02 1.466889142990e+00
2.275410003662e+02 1.229524254799e+00
2.275398712158e+02 9.502613544464e-01
2.275387420654e+02 9.578537940979e-01
2.275376129150e+02 8.278512954712e-01
2.275364837646e+02 4.473049640656e-01
2.275353546143e+02 4.647621214390e-01
2.275342254639e+02 5.997661352158e-01
2.275330963135e+02 1.112257719040e+00
2.275319671631e+02 1.935222506523e+00
2.275308380127e+02 3.646353244781e+00
2.275297088623e+02 7.270477771759e+00
2.275285797119e+02 1.276747608185e+01
2.275274505615e+02 1.880034446716e+01
2.275263214111e+02 2.346186637878e+01
2.275251922607e+02 2.451480102539e+01
2.275240631104e+02 1.976908874512e+01
2.275229339600e+02 1.377542400360e+01
2.275218048096e+02 7.154994010925e+00
2.275206756592e+02 2.381948232651e+00
2.275195465088e+02 6.489024162292e-01
2.275184173584e+02 2.967646121979e-01
2.275172882080e+02 3.665462732315e-01
2.275161590576e+02 3.149573504925e-01
2.275150299072e+02 1.900335848331e-01
2.275139007568e+02 1.074431687593e-01
2.275127716064e+02 8.030212521553e-01
2.275116424561e+02 2.194783449173e+00
2.275105133057e+02 2.912967205048e+00
2.275093841553e+02 2.741254329681e+00
2.275082550049e+02 3.301089286804e+00
2.275071258545e+02 4.491742610931e+00
2.275059967041e+02 3.927514553070e+00
2.275048675537e+02 2.529140949249e+00
2.275037384033e+02 2.001990079880e+00
2.275026092529e+02 2.095656156540e+00
2.275014801025e+02 2.087666749954e+00
2.275003509521e+02 2.912830591202e+00
2.274992218018e+02 4.810591697693e+00
2.274980926514e+02 6.122520446777e+00
2.274969635010e+02 6.240398883820e+00
2.274958343506e+02 6.008394718170e+00
2.274947052002e+02 6.473052024841e+00
2.274935760498e+02 4.574427127838e+00
2.274924468994e+02 1.790209889412e+00
2.274913177490e+02 9.654241800308e-01
2.274901885986e+02 9.288238286972e-01
2.274890594482e+02 6.672375798225e-01
2.274879302979e+02 6.355966329575e-01
2.274868011475e+02 5.818413496017e-01
2.274856719971e+02 5.539789795876e-01
2.274845428467e+02 5.044373869896e-01
2.274834136963e+02 4.448895156384e-01
2.274822845459e+02 -2.356836572289e-03
2.274811553955e+02 -4.873661324382e-02
2.274800262451e+02 4.340721759945e-03
2.274788970947e+02 -2.409025840461e-02
2.274777832031e+02 1.294644176960e-01
2.274766540527e+02 4.652583897114e-01
2.274755249023e+02 4.097071290016e-01
2.274743957520e+02 3.494697809219e-01
2.274732666016e+02 6.549116969109e-01
2.274721374512e+02 8.285310268402e-01
2.274710083008e+02 8.772557377815e-01
2.274698791504e+02 8.706930279732e-01
2.274687500000e+02 8.084113597870e-01
2.274676208496e+02 4.026139080524e-01
2.274664916992e+02 3.257156610489e-01
2.274653625488e+02 4.998807609081e-01
2.274642333984e+02 5.412853360176e-01
2.274631042480e+02 7.636086344719e-01
2.274619750977e+02 8.617502450943e-01
2.274608459473e+02 1.283307671547e+00
2.274597167969e+02 1.659931182861e+00
2.274585876465e+02 1.336447238922e+00
2.274574584961e+02 5.863895416260e-01
2.274563293457e+02 1.927068978548e-01
2.274552001953e+02 3.928831517696e-01
2.274540710449e+02 -1.414403915405e-01
2.274529418945e+02 -2.738241255283e-01
2.274518127441e+02 -3.119657039642e-01
2.274506835938e+02 -4.399499893188e-01
2.274495544434e+02 -6.021865606308e-01
2.274484252930e+02 -6.527518630028e-01
2.274472961426e+02 -5.971244573593e-01
2.274461669922e+02 -4.953247904778e-01
2.274450378418e+02 -7.557764649391e-01
2.274439086914e+02 -9.610275626183e-01
2.274427795410e+02 -1.043589353561e+00
2.274416503906e+02 -1.002431035042e+00
2.274405212402e+02 -8.676810264587e-01
2.274393920898e+02 -5.256640315056e-01
2.274382629395e+02 -3.024629056454e-01
2.274371337891e+02 -2.519563138485e-01
2.274360046387e+02 -3.069293498993e-01
2.274348754883e+02 -4.639419317245e-01
2.274337463379e+02 -3.809055984020e-01
2.274326171875e+02 -2.408480644226e-01
2.274314880371e+02 -2.730357646942e-01
2.274303588867e+02 -2.491779029369e-01
2.274292297363e+02 -3.688825368881e-01
2.274281005859e+02 -3.823722004890e-01
2.274269714355e+02 -3.003920055926e-02
2.274258422852e+02 2.405137866735e-01
2.274247131348e+02 1.071204692125e-01
2.274235839844e+02 -3.286050260067e-01
2.274224548340e+02 -1.334372162819e-01
2.274213256836e+02 4.556697905064e-01
2.274201965332e+02 4.765651226044e-01
2.274190673828e+02 6.132981777191e-01
2.274179382324e+02 1.037805318832e+00
2.274168090820e+02 1.166848540306e+00
2.274156799316e+02 9.700587391853e-01
2.274145507812e+02 6.109162569046e-01
2.274134216309e+02 4.995189309120e-01
2.274122924805e+02 1.706182360649e-01
2.274111633301e+02 -1.853476762772e-01
2.274100341797e+02 -2.831158339977e-01
2.274089050293e+02 -3.074352145195e-01
2.274077911377e+02 -2.040406912565e-01
2.274066619873e+02 1.338673830032e-01
2.274055328369e+02 2.988709807396e-01
2.274044036865e+02 1.220987200737e+00
2.274032745361e+02 2.552542209625e+00
2.274021453857e+02 3.666703224182e+00
2.274010162354e+02 4.025389671326e+00
2.273998870850e+02 3.964986324310e+00
2.273987579346e+02 4.005502700806e+00
2.273976287842e+02 3.553440093994e+00
2.273964996338e+02 2.726360082626e+00
2.273953704834e+02 2.195113420486e+00
2.273942413330e+02 2.211528301239e+00
2.273931121826e+02 2.163238286972e+00
2.273919830322e+02 2.198126316071e+00
2.273908538818e+02 2.784776687622e+00
2.273897247314e+02 3.928599119186e+00
2.273885955811e+02 5.691849231720e+00
2.273874664307e+02 8.742026329041e+00
2.273863372803e+02 1.292468547821e+01
2.273852081299e+02 1.908725738525e+01
2.273840789795e+02 2.599514007568e+01
2.273829498291e+02 3.041006851196e+01
2.273818206787e+02 3.065495300293e+01
2.273806915283e+02 2.605311965942e+01
2.273795623779e+02 1.954816055298e+01
2.273784332275e+02 1.430618667603e+01
2.273773040771e+02 1.079501247406e+01
2.273761749268e+02 8.815392494202e+00
2.273750457764e+02 7.117927074432e+00
2.273739166260e+02 6.217765808105e+00
2.273727874756e+02 5.173588275909e+00
2.273716583252e+02 3.410942792892e+00
2.273705291748e+02 2.342790126801e+00
2.273694000244e+02 1.972278952599e+00
2.273682708740e+02 2.148463487625e+00
2.273671417236e+02 1.951048851013e+00
2.273660125732e+02 1.456465482712e+00
2.273648834229e+02 1.307294130325e+00
2.273637542725e+02 1.361241221428e+00
2.273626251221e+02 9.887831807137e-01
2.273614959717e+02 5.967504978180e-01
2.273603668213e+02 5.822157859802e-01
2.273592376709e+02 5.425502061844e-01
2.273581085205e+02 6.052297949791e-01
2.273569793701e+02 6.681145429611e-01
2.273558502197e+02 5.416059494019e-01
2.273547210693e+02 5.605648159981e-01
2.273535919189e+02 3.818692862988e-01
2.273524627686e+02 4.529378116131e-01
2.273513336182e+02 1.849201619625e-01
2.273502044678e+02 -6.211367249489e-02
2.273490753174e+02 -2.753906548023e-01
2.273479461670e+02 -4.719085395336e-01
2.273468170166e+02 -6.081688404083e-01
2.273456878662e+02 -8.715690374374e-01
2.273445587158e+02 -7.409098148346e-01
2.273434295654e+02 -4.398631155491e-01
2.273423004150e+02 -2.448642849922e-01
2.273411712646e+02 -1.790526658297e-01
2.273400421143e+02 -2.670388519764e-01
2.273389129639e+02 -1.063165441155e-01
2.273377838135e+02 -2.061434835196e-01
2.273366699219e+02 -5.106746554375e-01
2.273355407715e+02 -6.428986787796e-01
2.273344116211e+02 -6.708166003227e-01
2.273332824707e+02 -4.957915246487e-01
2.273321533203e+02 -2.675295472145e-01
2.273310241699e+02 -2.422406226397e-01
2.273298950195e+02 -2.647650837898e-01
2.273287658691e+02 -2.290174365044e-01
2.273276367188e+02 4.519495964050e-01
2.273265075684e+02 1.716857433319e+00
2.273253784180e+02 2.331077575684e+00
2.273242492676e+02 2.348993539810e+00
2.273231201172e+02 2.502673864365e+00
2.273219909668e+02 2.411375999451e+00
2.273208618164e+02 1.627806305885e+00
2.273197326660e+02 6.805968284607e-01
2.273186035156e+02 2.945847809315e-01
2.273174743652e+02 1.125434190035e-01
2.273163452148e+02 2.612360119820e-01
2.273152160645e+02 3.892214000225e-01
2.273140869141e+02 6.962308287621e-01
2.273129577637e+02 1.233246684074e+00
2.273118286133e+02 1.477720141411e+00
2.273106994629e+02 1.412462234497e+00
2.273095703125e+02 1.462529420853e+00
2.273084411621e+02 1.192053914070e+00
2.273073120117e+02 1.025263428688e+00
2.273061828613e+02 1.129017949104e+00
2.273050537109e+02 7.615682482719e-01
2.273039245605e+02 5.618664026260e-01
2.273027954102e+02 6.372034549713e-01
2.273016662598e+02 8.511965870857e-01
2.273005371094e+02 1.335419178009e+00
2.272994079590e+02 1.846573233604e+00
2.272982788086e+02 1.787645220757e+00
2.272971496582e+02 1.558602333069e+00
2.272960205078e+02 1.137350797653e+00
2.272948913574e+02 1.146865248680e+00
2.272937622070e+02 7.970520257950e-01
2.272926330566e+02 1.296129703522e+00
2.272915039062e+02 1.650895953178e+00
2.272903747559e+02 2.039572954178e+00
2.272892456055e+02 3.139925956726e+00
2.272881164551e+02 3.496814250946e+00
2.272869873047e+02 3.113737821579e+00
2.272858581543e+02 2.333418369293e+00
2.272847290039e+02 2.679887056351e+00
2.272835998535e+02 2.829097032547e+00
2.272824707031e+02 2.108523845673e+00
2.272813415527e+02 1.772087931633e+00
2.272802124023e+02 1.867917060852e+00
2.272790832520e+02 2.551758289337e+00
2.272779541016e+02 3.109366655350e+00
2.272768249512e+02 2.260537624359e+00
2.272756958008e+02 1.559243083000e+00
2.272745666504e+02 1.405224680901e+00
2.272734375000e+02 1.496720194817e+00
2.272723083496e+02 8.217007517815e-01
2.272711791992e+02 5.140177011490e-01
2.272700500488e+02 6.278894543648e-01
2.272689208984e+02 8.979650139809e-01
2.272677917480e+02 2.310136318207e+00
2.272666778564e+02 3.801807641983e+00
2.272655487061e+02 4.852940082550e+00
2.272644195557e+02 5.681427955627e+00
2.272632904053e+02 5.842545986176e+00
2.272621612549e+02 5.857030391693e+00
2.272610321045e+02 5.439410209656e+00
2.272599029541e+02 4.778710842133e+00
2.272587738037e+02 3.452154636383e+00
2.272576446533e+02 2.704252004623e+00
2.272565155029e+02 2.154212236404e+00
2.272553863525e+02 1.316630601883e+00
2.272542572021e+02 1.502343565226e-01
2.272531280518e+02 -3.500894904137e-01
2.272519989014e+02 -3.320862352848e-01
2.272508697510e+02 -2.196323722601e-01
2.272497406006e+02 -2.460425198078e-01
2.272486114502e+02 -3.186190128326e-01
2.272474822998e+02 -4.247410297394e-01
2.272463531494e+02 -6.432282328606e-01
2.272452239990e+02 -9.175412654877e-01
2.272440948486e+02 -9.053763151169e-01
2.272429656982e+02 -7.513861060143e-01
2.272418365479e+02 -4.194095730782e-01
2.272407073975e+02 -8.662334829569e-02
2.272395782471e+02 9.430822730064e-02
2.272384490967e+02 -1.322619318962e-01
2.272373199463e+02 -1.948407739401e-01
2.272361907959e+02 -2.963537573814e-01
2.272350616455e+02 -6.134584546089e-01
2.272339324951e+02 -9.235586524010e-01
2.272328033447e+02 -1.111855626106e+00
2.272316741943e+02 -1.098534107208e+00
2.272305450439e+02 -1.074313759804e+00
2.272294158936e+02 -5.050884485245e-01
2.272282867432e+02 7.092867493629e-01
2.272271575928e+02 2.908300399780e+00
2.272260284424e+02 3.640201568604e+00
2.272248992920e+02 4.205059051514e+00
2.272237701416e+02 4.097103595734e+00
2.272226409912e+02 3.590893030167e+00
2.272215118408e+02 1.587948679924e+00
2.272203826904e+02 8.683937191963e-01
2.272192535400e+02 1.738581806421e-01
2.272181243896e+02 -2.547850646079e-02
2.272169952393e+02 -9.342939406633e-02
2.272158660889e+02 -9.147151559591e-02
2.272147369385e+02 2.883624136448e-01
2.272136077881e+02 5.372056961060e-01
2.272124786377e+02 5.423008799553e-01
2.272113494873e+02 6.272609829903e-01
2.272102203369e+02 7.952257990837e-01
2.272090911865e+02 7.986663579941e-01
2.272079620361e+02 9.187715649605e-01
2.272068328857e+02 1.138857126236e+00
2.272057037354e+02 1.024700284004e+00
2.272045745850e+02 5.945979356766e-01
2.272034454346e+02 2.904022932053e-01
2.272023162842e+02 1.302272230387e-01
2.272011871338e+02 -9.821881353855e-02
2.272000579834e+02 -5.877358913422e-01
2.271989288330e+02 -1.029818654060e+00
2.271977996826e+02 -8.544203639030e-01
2.271966705322e+02 1.371585279703e-01
2.271955566406e+02 1.363557577133e+00
2.271944274902e+02 1.633977174759e+00
2.271932983398e+02 1.482472300529e+00
2.271921691895e+02 1.480414509773e+00
2.271910400391e+02 1.308996438980e+00
2.271899108887e+02 4.340491294861e-01
2.271887817383e+02 -5.094922184944e-01
2.271876525879e+02 -8.262726068497e-01
2.271865234375e+02 -9.317796230316e-01
2.271853942871e+02 -1.083914399147e+00
2.271842651367e+02 -9.694508314133e-01
2.271831359863e+02 -6.845942139626e-01
2.271820068359e+02 -4.739153683186e-01
2.271808776855e+02 -3.781810998917e-01
2.271797485352e+02 -5.076863765717e-01
2.271786193848e+02 -4.169232249260e-01
2.271774902344e+02 -4.394901692867e-01
2.271763610840e+02 -6.196620464325e-01
2.271752319336e+02 -8.537796139717e-01
2.271741027832e+02 -8.577994704247e-01
2.271729736328e+02 -7.184103727341e-01
2.271718444824e+02 -6.699298620224e-01
2.271707153320e+02 -6.485131382942e-01
2.271695861816e+02 -5.663600564003e-01
2.271684570312e+02 -6.607640385628e-01
2.271673278809e+02 -6.347148418427e-01
2.271661987305e+02 -6.337292194366e-01
2.271650695801e+02 -7.260023355484e-01
2.271639404297e+02 -6.997301578522e-01
2.271628112793e+02 -6.747778654099e-01
2.271616821289e+02 -6.714414358139e-01
2.271605529785e+02 -7.694220542908e-01
2.271594238281e+02 -7.905969023705e-01
2.271582946777e+02 -8.274470567703e-01
2.271571655273e+02 -9.087559580803e-01
2.271560363770e+02 -1.017565011978e+00
2.271549072266e+02 -1.085290431976e+00
2.271537780762e+02 -1.078863143921e+00
2.271526489258e+02 -1.067784309387e+00
2.271515197754e+02 -1.329893827438e+00
2.271503906250e+02 -1.245267987251e+00
2.271492614746e+02 -9.173828959465e-01
2.271481323242e+02 -3.212585449219e-01
2.271470031738e+02 3.270511627197e-01
2.271458740234e+02 4.474519491196e-01
2.271447448730e+02 4.463277459145e-01
2.271436157227e+02 5.548157691956e-01
2.271424865723e+02 6.456180810928e-01
2.271413574219e+02 5.673727989197e-01
2.271402282715e+02 4.834921658039e-01
2.271390991211e+02 6.004893779755e-01
2.271379699707e+02 8.645746111870e-01
2.271368408203e+02 1.477517366409e+00
2.271357116699e+02 1.571492671967e+00
2.271345825195e+02 1.601988196373e+00
2.271334533691e+02 1.422086238861e+00
2.271323242188e+02 1.097199201584e+00
2.271311950684e+02 5.041656494141e-01
2.271300659180e+02 3.340643942356e-01
2.271289367676e+02 3.731651231647e-02
2.271278076172e+02 -2.163469791412e-02
2.271266784668e+02 -1.288201510906e-01
2.271255645752e+02 -1.538592875004e-01
2.271244354248e+02 -2.486823648214e-01
2.271233062744e+02 -6.309131532907e-02
2.271221771240e+02 -9.777826815844e-02
2.271210479736e+02 -2.580801546574e-01
2.271199188232e+02 -1.553677171469e-01
2.271187896729e+02 -1.061837822199e-01
2.271176605225e+02 -3.610038757324e-01
2.271165313721e+02 -5.197102427483e-01
2.271154022217e+02 -5.962319970131e-01
2.271142730713e+02 -6.290729641914e-01
2.271131439209e+02 -4.257932007313e-01
2.271120147705e+02 -4.028816521168e-01
2.271108856201e+02 -3.473135232925e-01
2.271097564697e+02 -2.678596079350e-01
2.271086273193e+02 -1.592388302088e-01
2.271074981689e+02 -3.267151415348e-01
2.271063690186e+02 -5.139377117157e-01
2.271052398682e+02 -7.130998373032e-01
2.271041107178e+02 -7.311461567879e-01
2.271029815674e+02 -7.739998102188e-01
2.271018524170e+02 -8.682814836502e-01
2.271007232666e+02 -8.557810783386e-01
2.270995941162e+02 -5.507628917694e-01
2.270984649658e+02 -2.010964453220e-01
2.270973358154e+02 3.419858515263e-01
2.270962066650e+02 7.351271510124e-01
2.270950775146e+02 7.883410453796e-01
2.270939483643e+02 7.938604950905e-01
2.270928192139e+02 7.459737658501e-01
2.270916900635e+02 3.436522185802e-01
2.270905609131e+02 -6.450583040714e-02
2.270894317627e+02 -5.348173975945e-01
2.270883026123e+02 -6.752738952637e-01
2.270871734619e+02 -7.423470020294e-01
2.270860443115e+02 -1.005713343620e+00
2.270849151611e+02 -9.947010874748e-01
2.270837860107e+02 -7.877668142319e-01
2.270826568604e+02 -7.512056231499e-01
2.270815277100e+02 -5.848363041878e-01
2.270803985596e+02 -3.211542665958e-01
2.270792694092e+02 -5.728261172771e-02
2.270781402588e+02 -2.515197098255e-01
2.270770111084e+02 -2.810724675655e-01
2.270758819580e+02 -2.277788668871e-01
2.270747528076e+02 -6.001864559948e-03
2.270736236572e+02 1.398412734270e-01
2.270724945068e+02 5.579639673233e-01
2.270713653564e+02 9.912808537483e-01
2.270702362061e+02 1.341453433037e+00
2.270691070557e+02 1.401233196259e+00
2.270679779053e+02 1.396337389946e+00
2.270668487549e+02 1.431407928467e+00
2.270657196045e+02 8.103019595146e-01
2.270645904541e+02 5.515626668930e-01
2.270634613037e+02 1.442014336586e+00
2.270623321533e+02 4.143286705017e+00
2.270612030029e+02 9.696851730347e+00
2.270600738525e+02 1.253027629852e+01
2.270589447021e+02 1.371135807037e+01
2.270578155518e+02 1.341895484924e+01
2.270566864014e+02 1.253248977661e+01
2.270555725098e+02 9.182294845581e+00
2.270544433594e+02 3.631176948547e+00
2.270533142090e+02 1.340712428093e+00
2.270521850586e+02 5.192623138428e-01
2.270510559082e+02 2.597640752792e-01
2.270499267578e+02 6.731102615595e-02
2.270487976074e+02 2.583797276020e-01
2.270476684570e+02 4.552730619907e-01
2.270465393066e+02 1.352414727211e+00
2.270454101562e+02 1.931998491287e+00
2.270442810059e+02 1.765797257423e+00
2.270431518555e+02 1.424657225609e+00
2.270420227051e+02 1.250189065933e+00
2.270408935547e+02 5.460937023163e-01
2.270397644043e+02 -2.611304521561e-01
2.270386352539e+02 -8.275288343430e-01
2.270375061035e+02 -1.062026739120e+00
2.270363769531e+02 -1.091229915619e+00
2.270352478027e+02 -1.082296252251e+00
2.270341186523e+02 -1.225270032883e+00
2.270329895020e+02 -7.631998062134e-01
2.270318603516e+02 -1.682939529419e-01
2.270307312012e+02 1.020324900746e-01
2.270296020508e+02 -1.057843863964e-01
2.270284729004e+02 -1.415273398161e-01
2.270273437500e+02 -2.453175783157e-01
2.270262145996e+02 -3.841930925846e-01
2.270250854492e+02 -7.176801562309e-01
2.270239562988e+02 -7.672561407089e-01
2.270228271484e+02 -4.759783148766e-01
2.270216979980e+02 -3.542707562447e-01
2.270205688477e+02 -5.435366630554e-01
2.270194396973e+02 -6.800076961517e-01
2.270183105469e+02 -6.991811990738e-01
2.270171813965e+02 -8.786276578903e-01
2.270160522461e+02 -1.040097475052e+00
2.270149230957e+02 -1.072665214539e+00
2.270137939453e+02 -8.204544186592e-01
2.270126647949e+02 -4.806667864323e-01
2.270115356445e+02 1.565319001675e-01
2.270104064941e+02 6.075986027718e-01
2.270092773438e+02 6.249980330467e-01
2.270081481934e+02 7.921729087830e-01
2.270070190430e+02 7.895143628120e-01
2.270058898926e+02 2.486121952534e-01
2.270047607422e+02 -1.734760403633e-01
2.270036315918e+02 -5.381638407707e-01
2.270025024414e+02 -6.370747089386e-01
2.270013732910e+02 -5.641881823540e-01
2.270002441406e+02 -3.184566795826e-01
2.269991149902e+02 1.080022975802e-01
2.269979858398e+02 4.653021991253e-01
2.269968566895e+02 9.704224467278e-01
2.269957275391e+02 2.026647090912e+00
2.269945983887e+02 5.191981315613e+00
2.269934692383e+02 6.976562976837e+00
2.269923400879e+02 7.147494792938e+00
2.269912109375e+02 6.193341255188e+00
2.269900817871e+02 5.060638427734e+00
2.269889526367e+02 3.459177017212e+00
2.269878234863e+02 2.165973901749e+00
2.269866943359e+02 3.754598855972e+00
2.269855651855e+02 6.379790782928e+00
2.269844512939e+02 7.698452949524e+00
2.269833221436e+02 8.028278350830e+00
2.269821929932e+02 6.475646018982e+00
2.269810638428e+02 4.072670459747e+00
2.269799346924e+02 1.309280991554e+00
2.269788055420e+02 -4.929914176464e-01
2.269776763916e+02 -7.002480030060e-01
2.269765472412e+02 -6.173635125160e-01
2.269754180908e+02 -5.292198061943e-01
2.269742889404e+02 -3.621127009392e-01
2.269731597900e+02 -3.039516508579e-01
2.269720306396e+02 -1.909173280001e-01
2.269709014893e+02 -7.944633811712e-02
2.269697723389e+02 -6.827440112829e-02
2.269686431885e+02 -1.396744251251e-01
2.269675140381e+02 -3.184054493904e-01
2.269663848877e+02 -5.223007798195e-01
2.269652557373e+02 -5.201939344406e-01
2.269641265869e+02 -3.073858320713e-01
2.269629974365e+02 2.645912393928e-02
2.269618682861e+02 6.628010869026e-01
2.269607391357e+02 6.997884511948e-01
2.269596099854e+02 9.944519400597e-01
2.269584808350e+02 1.215557098389e+00
2.269573516846e+02 2.136150121689e+00
2.269562225342e+02 3.500410795212e+00
2.269550933838e+02 3.590167760849e+00
2.269539642334e+02 3.277644872665e+00
2.269528350830e+02 3.428787231445e+00
2.269517059326e+02 2.661572456360e+00
2.269505767822e+02 7.767170071602e-01
2.269494476318e+02 2.244790457189e-02
2.269483184814e+02 -1.571712791920e-01
2.269471893311e+02 -2.349038422108e-02
2.269460601807e+02 1.968254745007e-01
2.269449310303e+02 1.898761093616e-01
2.269438018799e+02 2.277464419603e-01
2.269426727295e+02 2.832522094250e-01
2.269415435791e+02 4.480834305286e-01
2.269404144287e+02 7.043128609657e-01
2.269392852783e+02 1.123374462128e+00
2.269381561279e+02 1.778982043266e+00
2.269370269775e+02 2.356886625290e+00
2.269358978271e+02 2.346646785736e+00
2.269347686768e+02 1.915585875511e+00
2.269336395264e+02 1.501926541328e+00
2.269325103760e+02 8.572840690613e-01
2.269313812256e+02 3.097433447838e-01
2.269302520752e+02 1.684399098158e-01
2.269291229248e+02 2.273687869310e-01
2.269279937744e+02 3.562520816922e-02
2.269268646240e+02 1.169748082757e-01
2.269257354736e+02 1.305032819510e-01
2.269246063232e+02 4.235950112343e-02
2.269234771729e+02 -7.516257464886e-02
2.269223480225e+02 7.292372733355e-02
2.269212188721e+02 3.345276415348e-01
2.269200897217e+02 3.892548978329e-01
2.269189605713e+02 4.001738727093e-01
2.269178314209e+02 3.100562989712e-01
2.269167022705e+02 9.183350950480e-02
2.269155731201e+02 -3.045137226582e-01
2.269144592285e+02 -5.902472734451e-01
2.269133300781e+02 -3.293161392212e-01
2.269122009277e+02 2.516722679138e-01
2.269110717773e+02 2.611344158649e-01
2.269099426270e+02 2.878823280334e-01
2.269088134766e+02 5.613433718681e-01
2.269076843262e+02 7.657106518745e-01
2.269065551758e+02 6.568154692650e-01
2.269054260254e+02 9.115666151047e-01
2.269042968750e+02 9.379128217697e-01
2.269031677246e+02 9.864521026611e-01
2.269020385742e+02 6.988591551781e-01
2.269009094238e+02 2.864263653755e-01
2.268997802734e+02 -7.927316427231e-02
2.268986511230e+02 -3.878125846386e-01
2.268975219727e+02 -6.265277266502e-01
2.268963928223e+02 -6.518118977547e-01
2.268952636719e+02 -3.321602940559e-01
2.268941345215e+02 -3.542910814285e-01
2.268930053711e+02 -3.904356360435e-01
2.268918762207e+02 -2.622115612030e-01
2.268907470703e+02 -2.306313812733e-02
2.268896179199e+02 -5.410061404109e-02
2.268884887695e+02 -6.997137796134e-03
2.268873596191e+02 -1.097238659859e-01
2.268862304688e+02 -6.562639772892e-02
2.268851013184e+02 1.454333961010e-01
2.268839721680e+02 1.864272952080e-01
2.268828430176e+02 3.082704916596e-02
2.268817138672e+02 4.116300940514e-01
2.268805847168e+02 8.072048425674e-01
2.268794555664e+02 1.088927268982e+00
2.268783264160e+02 2.169778823853e+00
2.268771972656e+02 2.656264543533e+00
2.268760681152e+02 2.335739135742e+00
2.268749389648e+02 2.073684215546e+00
2.268738098145e+02 2.672375202179e+00
2.268726806641e+02 2.151464939117e+00
2.268715515137e+02 4.131340682507e-01
2.268704223633e+02 -3.529708087444e-01
2.268692932129e+02 -4.120403230190e-01
2.268681640625e+02 -3.729473948479e-01
2.268670349121e+02 -6.163650155067e-01
2.268659057617e+02 -6.519892215729e-01
2.268647766113e+02 -6.480380296707e-01
2.268636474609e+02 -6.479570865631e-01
2.268625183105e+02 -6.407815217972e-01
2.268613891602e+02 -3.537103235722e-01
2.268602600098e+02 -1.898684799671e-01
2.268591308594e+02 2.175400555134e-01
2.268580017090e+02 3.088483810425e-01
2.268568725586e+02 -1.434099793434e+00
2.268557434082e+02 -1.287130832672e+00
2.268546142578e+02 1.031326055527e+00
2.268534851074e+02 5.712122321129e-01
2.268523559570e+02 -1.022301197052e+00
2.268512268066e+02 -1.380236268044e+00
2.268500976562e+02 -9.073245525360e-02
2.268489685059e+02 1.769895106554e-01
2.268478393555e+02 1.609060466290e-01
2.268467102051e+02 4.665530622005e-01
2.268455810547e+02 4.845296740532e-01
2.268444519043e+02 8.199462294579e-01
2.268433380127e+02 -1.003255844116e-01
2.268422088623e+02 4.123757034540e-02
2.268410797119e+02 -6.601038575172e-01
2.268399505615e+02 -3.468613862991e+00
2.268388214111e+02 -3.642305135727e+00
2.268376922607e+02 -1.952909350395e+00
2.268365631104e+02 3.322998762131e+00
2.268354339600e+02 4.353668689728e+00
2.268343048096e+02 3.398829221725e+00
2.268331756592e+02 2.973368644714e+00
2.268320465088e+02 3.010081052780e+00
2.268309173584e+02 3.433187484741e+00
2.268297882080e+02 3.982061147690e+00
2.268286590576e+02 4.604891777039e+00
2.268275299072e+02 5.410918235779e+00
2.268264007568e+02 5.509151935577e+00
2.268252716064e+02 4.892441749573e+00
2.268241424561e+02 4.762887001038e+00
2.268230133057e+02 4.704724788666e+00
2.268218841553e+02 3.989134073257e+00
2.268207550049e+02 3.647338390350e+00
2.268196258545e+02 3.073722600937e+00
2.268184967041e+02 2.514039754868e+00
2.268173675537e+02 1.862496018410e+00
2.268162384033e+02 1.587647318840e+00
2.268151092529e+02 2.364304304123e+00
2.268139801025e+02 2.578147649765e+00
2.268128509521e+02 3.716016530991e+00
2.268117218018e+02 4.432321548462e+00
2.268105926514e+02 4.332023143768e+00
2.268094635010e+02 3.460855245590e+00
2.268083343506e+02 3.284075737000e+00
2.268072052002e+02 2.201280832291e+00
2.268060760498e+02 6.079223155975e-01
2.268049468994e+02 2.385040074587e-01
2.268038177490e+02 6.987004280090e-01
2.268026885986e+02 1.663432121277e+00
2.268015594482e+02 2.394389390945e+00
2.268004302979e+02 3.089923620224e+00
2.267993011475e+02 4.787821292877e+00
2.267981719971e+02 5.968905448914e+00
2.267970428467e+02 4.966849327087e+00
2.267959136963e+02 4.444654941559e+00
2.267947845459e+02 3.913205862045e+00
2.267936553955e+02 2.298958063126e+00
2.267925262451e+02 2.685221135616e-01
2.267913970947e+02 1.958852857351e-01
2.267902679443e+02 2.653733789921e-01
2.267891387939e+02 2.652585804462e-01
2.267880096436e+02 2.324223071337e-01
2.267868804932e+02 2.630051076412e-01
2.267857513428e+02 6.446681022644e-01
2.267846221924e+02 8.608297109604e-01
2.267834930420e+02 8.218372464180e-01
2.267823638916e+02 7.469469904900e-01
2.267812347412e+02 8.895345926285e-01
2.267801055908e+02 1.246924042702e+00
2.267789764404e+02 1.071153283119e+00
2.267778472900e+02 5.805127024651e-01
2.267767181396e+02 2.393530867994e-02
2.267755889893e+02 -7.517653703690e-02
2.267744598389e+02 -3.875797092915e-01
2.267733459473e+02 -6.851068735123e-01
2.267722167969e+02 -3.440218865871e-01
2.267710876465e+02 1.435606032610e-01
2.267699584961e+02 5.898871421814e-01
2.267688293457e+02 7.640965580940e-01
2.267677001953e+02 4.907793998718e-01
2.267665710449e+02 2.465110421181e-01
2.267654418945e+02 1.344384402037e-01
2.267643127441e+02 -1.041300669312e-01
2.267631835938e+02 -1.043873000890e-02
2.267620544434e+02 5.972800850868e-01
2.267609252930e+02 7.877864241600e-01
2.267597961426e+02 8.025673627853e-01
2.267586669922e+02 9.084581732750e-01
2.267575378418e+02 8.191278576851e-01
2.267564086914e+02 3.202407360077e-01
2.267552795410e+02 -5.342923477292e-02
2.267541503906e+02 1.475401073694e-01
2.267530212402e+02 3.009726107121e-01
2.267518920898e+02 1.490671515465e+00
2.267507629395e+02 3.221286773682e+00
2.267496337891e+02 3.704564094543e+00
2.267485046387e+02 3.608984947205e+00
2.267473754883e+02 3.599025964737e+00
2.267462463379e+02 4.908983230591e+00
2.267451171875e+02 6.919541358948e+00
2.267439880371e+02 8.129471778870e+00
2.267428588867e+02 8.253772735596e+00
2.267417297363e+02 7.446835994720e+00
2.267406005859e+02 7.654248714447e+00
2.267394714355e+02 8.098295211792e+00
2.267383422852e+02 7.699532985687e+00
2.267372131348e+02 7.567855834961e+00
2.267360839844e+02 6.138967990875e+00
2.267349548340e+02 4.949183464050e+00
2.267338256836e+02 2.824963092804e+00
2.267326965332e+02 1.142824411392e+00
2.267315673828e+02 1.543371081352e+00
2.267304382324e+02 2.048021554947e+00
2.267293090820e+02 1.648074865341e+00
2.267281799316e+02 1.496081352234e+00
2.267270507812e+02 1.096316099167e+00
2.267259216309e+02 3.615427911282e-01
2.267247924805e+02 -6.885761022568e-02
2.267236633301e+02 -2.829111218452e-01
2.267225341797e+02 -4.331443011761e-01
2.267214050293e+02 -5.280199646950e-01
2.267202758789e+02 -5.655019879341e-01
2.267191467285e+02 -7.515331506729e-01
2.267180175781e+02 -8.497387170792e-01
2.267168884277e+02 -1.001019954681e+00
2.267157592773e+02 -9.418883919716e-01
2.267146301270e+02 -8.901031017303e-01
2.267135009766e+02 -9.082015752792e-01
2.267123718262e+02 -7.607614994049e-01
2.267112426758e+02 -5.559404492378e-01
2.267101135254e+02 -4.944441914558e-01
2.267089843750e+02 -4.460123181343e-01
2.267078552246e+02 -5.093619227409e-01
2.267067260742e+02 -5.937976837158e-01
2.267055969238e+02 -6.191453337669e-01
2.267044677734e+02 -5.846865177155e-01
2.267033386230e+02 -5.670871734619e-01
2.267022247314e+02 -2.017460465431e-01
2.267010955811e+02 5.306366682053e-01
2.266999664307e+02 1.603653430939e+00
2.266988372803e+02 2.200750827789e+00
2.266977081299e+02 2.770713806152e+00
2.266965789795e+02 2.845554828644e+00
2.266954498291e+02 2.167347669601e+00
2.266943206787e+02 1.678447842598e+00
2.266931915283e+02 8.275833725929e-01
2.266920623779e+02 1.127989366651e-01
2.266909332275e+02 -3.657308220863e-01
2.266898040771e+02 -7.401109933853e-01
2.266886749268e+02 -7.740988135338e-01
2.266875457764e+02 -1.015523374081e-01
2.266864166260e+02 1.315181016922e+00
2.266852874756e+02 4.434262275696e+00
2.266841583252e+02 6.836481094360e+00
2.266830291748e+02 8.230910301208e+00
2.266819000244e+02 7.850240707397e+00
2.266807708740e+02 7.777049541473e+00
2.266796417236e+02 8.931512832642e+00
2.266785125732e+02 9.329282760620e+00
2.266773834229e+02 9.823761940002e+00
2.266762542725e+02 8.911898612976e+00
2.266751251221e+02 7.234015941620e+00
2.266739959717e+02 4.841044902802e+00
2.266728668213e+02 2.104860782623e+00
2.266717376709e+02 2.049312889576e-01
2.266706085205e+02 -6.795692443848e-02
2.266694793701e+02 -2.763117253780e-01
2.266683502197e+02 -4.128762483597e-01
2.266672210693e+02 -6.556262969971e-01
2.266660919189e+02 -7.221968770027e-01
2.266649627686e+02 -1.244682222605e-01
2.266638336182e+02 1.568421423435e-01
2.266627044678e+02 9.943000078201e-01
2.266615753174e+02 2.695688962936e+00
2.266604461670e+02 2.999919176102e+00
2.266593170166e+02 3.239897727966e+00
2.266581878662e+02 3.344624996185e+00
2.266570587158e+02 2.756526231766e+00
2.266559295654e+02 1.578423500061e+00
2.266548004150e+02 1.360173702240e+00
2.266536712646e+02 2.950577735901e-01
2.266525421143e+02 -5.716170072556e-01
2.266514129639e+02 -7.957955002785e-01
2.266502838135e+02 -8.011288642883e-01
2.266491546631e+02 -5.500982999802e-01
2.266480255127e+02 -5.728418827057e-01
2.266468963623e+02 -7.299448251724e-01
2.266457672119e+02 -6.952894330025e-01
2.266446380615e+02 -1.732599377632e+00
2.266435089111e+02 -2.833237171173e+00
2.266423797607e+02 -1.607986927032e+00
2.266412506104e+02 -4.253571033478e-01
2.266401214600e+02 1.102366894484e-01
2.266389923096e+02 7.119504809380e-01
2.266378631592e+02 1.158366322517e+00
2.266367340088e+02 1.693371415138e+00
2.266356048584e+02 2.152238845825e+00
2.266344757080e+02 2.656893491745e+00
2.266333465576e+02 2.597643136978e+00
2.266322326660e+02 1.711739897728e+00
2.266311035156e+02 8.743377923965e-01
2.266299743652e+02 1.741729974747e-01
2.266288452148e+02 -9.284178614616e-01
2.266277160645e+02 -1.932633280754e+00
2.266265869141e+02 -4.367776960135e-02
2.266254577637e+02 -4.183750599623e-02
2.266243286133e+02 -2.765156269073e+00
2.266231994629e+02 -2.610526561737e+00
2.266220703125e+02 7.977262735367e-01
2.266209411621e+02 1.273255467415e+00
2.266198120117e+02 1.041586399078e+00
2.266186828613e+02 8.880826830864e-01
2.266175537109e+02 6.568681001663e-01
2.266164245605e+02 7.528990507126e-01
2.266152954102e+02 9.368035197258e-01
2.266141662598e+02 1.032464504242e+00
2.266130371094e+02 1.108881473541e+00
2.266119079590e+02 1.319914698601e+00
2.266107788086e+02 1.629293680191e+00
2.266096496582e+02 1.614627242088e+00
2.266085205078e+02 1.831756591797e+00
2.266073913574e+02 1.984062790871e+00
2.266062622070e+02 1.757625818253e+00
2.266051330566e+02 1.326548695564e+00
2.266040039062e+02 3.359555304050e-01
2.266028747559e+02 -1.262153089046e-01
2.266017456055e+02 5.029975175858e-01
2.266006164551e+02 5.187726020813e-01
2.265994873047e+02 6.183212399483e-01
2.265983581543e+02 2.437178045511e-01
2.265972290039e+02 -1.340358018875e+00
2.265960998535e+02 -1.947963476181e+00
2.265949707031e+02 5.196663737297e-01
2.265938415527e+02 1.167985796928e+00
2.265927124023e+02 9.446269273758e-01
2.265915832520e+02 7.290835380554e-01
2.265904541016e+02 4.282175600529e-01
2.265893249512e+02 1.433492451906e-01
2.265881958008e+02 1.295429766178e-01
2.265870666504e+02 8.953151851892e-02
2.265859375000e+02 8.598032593727e-02
2.265848083496e+02 7.421333342791e-02
2.265836791992e+02 1.386027485132e-01
2.265825500488e+02 7.489428669214e-02
2.265814208984e+02 -2.921430170536e-01
2.265802917480e+02 -1.875395476818e-01
2.265791625977e+02 1.186186671257e+00
2.265780334473e+02 1.992749333382e+00
2.265769042969e+02 2.130320787430e+00
2.265757751465e+02 2.056684732437e+00
2.265746459961e+02 1.980261921883e+00
2.265735168457e+02 1.554152488708e+00
2.265723876953e+02 5.967075824738e-01
2.265712585449e+02 4.605149850249e-02
2.265701293945e+02 3.513318300247e-02
2.265690002441e+02 1.710143238306e-01
2.265678710938e+02 1.998789310455e-01
2.265667419434e+02 2.197812795639e-01
2.265656127930e+02 1.839690655470e-01
2.265644836426e+02 -2.103164941072e-01
2.265633544922e+02 -6.781512498856e-01
2.265622253418e+02 -7.428422570229e-01
2.265611114502e+02 -4.196065068245e-01
2.265599822998e+02 6.132659912109e-01
2.265588531494e+02 1.650471448898e+00
2.265577239990e+02 2.243247747421e+00
2.265565948486e+02 2.824849367142e+00
2.265554656982e+02 2.588678598404e+00
2.265543365479e+02 1.667395830154e+00
2.265532073975e+02 2.824755907059e-01
2.265520782471e+02 -6.901509761810e-01
2.265509490967e+02 -1.074458241463e+00
2.265498199463e+02 -9.814187884331e-01
2.265486907959e+02 -5.962349772453e-01
2.265475616455e+02 -1.043262183666e-01
2.265464324951e+02 -8.417984098196e-02
2.265453033447e+02 -1.005437746644e-01
2.265441741943e+02 1.166210174561e-01
2.265430450439e+02 2.133799493313e-01
2.265419158936e+02 -2.325149178505e-01
2.265407867432e+02 -4.305311143398e-01
2.265396575928e+02 -4.057255387306e-01
2.265385284424e+02 -4.419382512569e-01
2.265373992920e+02 -7.519913315773e-01
2.265362701416e+02 -6.627954244614e-01
2.265351409912e+02 -5.251046419144e-01
2.265340118408e+02 -7.743377685547e-01
2.265328826904e+02 -1.085867643356e+00
2.265317535400e+02 -1.166936397552e+00
2.265306243896e+02 -9.914947152138e-01
2.265294952393e+02 -5.802065730095e-01
2.265283660889e+02 1.253025606275e-02
2.265272369385e+02 2.930381596088e-01
2.265261077881e+02 5.673568248749e-01
2.265249786377e+02 9.172914624214e-01
2.265238494873e+02 1.090673327446e+00
2.265227203369e+02 6.835057735443e-01
2.265215911865e+02 2.742066085339e-01
2.265204620361e+02 4.352217614651e-01
2.265193328857e+02 1.214740514755e+00
2.265182037354e+02 3.012142181396e+00
2.265170745850e+02 5.077297210693e+00
2.265159454346e+02 7.959814071655e+00
2.265148162842e+02 1.093220043182e+01
2.265136871338e+02 1.287966918945e+01
2.265125579834e+02 1.287877655029e+01
2.265114288330e+02 1.110658168793e+01
2.265102996826e+02 7.828150272369e+00
2.265091705322e+02 3.783981323242e+00
2.265080413818e+02 1.022385239601e+00
2.265069122314e+02 -8.639553934336e-02
2.265057830811e+02 -5.377760156989e-02
2.265046539307e+02 4.615220725536e-01
2.265035247803e+02 5.407091379166e-01
2.265023956299e+02 6.921432018280e-01
2.265012664795e+02 6.123288273811e-01
2.265001373291e+02 5.761671662331e-01
2.264990081787e+02 5.822278261185e-01
2.264978790283e+02 3.784161210060e-01
2.264967498779e+02 2.246844768524e-01
2.264956207275e+02 1.537293642759e-01
2.264944915771e+02 2.035077065229e-01
2.264933624268e+02 1.283801198006e-01
2.264922332764e+02 -2.238525301218e-01
2.264911193848e+02 -4.887435734272e-01
2.264899902344e+02 -5.248395204544e-01
2.264888610840e+02 -1.555219441652e-01
2.264877319336e+02 4.397349432111e-02
2.264866027832e+02 -2.187080085278e-01
2.264854736328e+02 -4.465218186378e-01
2.264843444824e+02 -5.433278679848e-01
2.264832153320e+02 -5.557048320770e-01
2.264820861816e+02 -7.895966172218e-01
2.264809570312e+02 -9.172974228859e-01
2.264798278809e+02 -6.260898113251e-01
2.264786987305e+02 -1.694529205561e-01
2.264775695801e+02 -1.706262864172e-02
2.264764404297e+02 2.541999332607e-02
2.264753112793e+02 1.684004366398e-01
2.264741821289e+02 3.761752247810e-01
2.264730529785e+02 4.173670113087e-01
2.264719238281e+02 -3.284654393792e-02
2.264707946777e+02 -1.012467965484e-02
2.264696655273e+02 2.157469391823e-01
2.264685363770e+02 5.181555151939e-01
2.264674072266e+02 6.581435203552e-01
2.264662780762e+02 8.686019182205e-01
2.264651489258e+02 7.108025550842e-01
2.264640197754e+02 8.366900682449e-01
2.264628906250e+02 1.104972720146e+00
2.264617614746e+02 1.636041522026e+00
2.264606323242e+02 1.813105940819e+00
2.264595031738e+02 1.459452390671e+00
2.264583740234e+02 1.294211030006e+00
2.264572448730e+02 1.098656296730e+00
2.264561157227e+02 5.452300310135e-01
2.264549865723e+02 1.913555711508e-01
2.264538574219e+02 1.022249087691e-01
2.264527282715e+02 6.607565283775e-01
2.264515991211e+02 1.695297360420e+00
2.264504699707e+02 1.849436759949e+00
2.264493408203e+02 1.870454072952e+00
2.264482116699e+02 1.805214524269e+00
2.264470825195e+02 1.870477676392e+00
2.264459533691e+02 1.238492488861e+00
2.264448242188e+02 7.792058587074e-01
2.264436950684e+02 2.002938508987e+00
2.264425659180e+02 3.410079479218e+00
2.264414367676e+02 3.892948627472e+00
2.264403076172e+02 4.119548797607e+00
2.264391784668e+02 4.284671306610e+00
2.264380493164e+02 3.743169784546e+00
2.264369201660e+02 1.899192690849e+00
2.264357910156e+02 9.233630299568e-01
2.264346618652e+02 1.708357036114e-01
2.264335327148e+02 -1.063597351313e-01
2.264324035645e+02 -2.084585875273e-01
2.264312744141e+02 -1.437383294106e-01
2.264301452637e+02 -1.910802721977e-01
2.264290161133e+02 -1.664932519197e-01
2.264278869629e+02 -8.352034538984e-02
2.264267578125e+02 -1.126364096999e-01
2.264256286621e+02 1.800318956375e-01
2.264244995117e+02 5.700713396072e-01
2.264233703613e+02 5.776664614677e-01
2.264222412109e+02 1.586161494255e+00
2.264211273193e+02 2.876657962799e+00
2.264199981689e+02 3.672378301620e+00
2.264188690186e+02 3.552983760834e+00
2.264177398682e+02 3.625796794891e+00
2.264166107178e+02 3.422193527222e+00
2.264154815674e+02 1.689867138863e+00
2.264143524170e+02 6.306400895119e-01
2.264132232666e+02 -5.246292427182e-02
2.264120941162e+02 -3.795417249203e-01
2.264109649658e+02 -6.896215677261e-01
2.264098358154e+02 -6.910538673401e-01
2.264087066650e+02 -6.103551983833e-01
2.264075775146e+02 -5.159668326378e-01
2.264064483643e+02 -2.678410708904e-01
2.264053192139e+02 -1.996083259583e-01
2.264041900635e+02 -6.266492605209e-02
2.264030609131e+02 7.229925394058e-01
2.264019317627e+02 2.521664142609e+00
2.264008026123e+02 3.712066411972e+00
2.263996734619e+02 3.925523757935e+00
2.263985443115e+02 4.229122638702e+00
2.263974151611e+02 4.736772537231e+00
2.263962860107e+02 3.470560312271e+00
2.263951568604e+02 1.594208717346e+00
2.263940277100e+02 7.745574116707e-01
2.263928985596e+02 4.480601251125e-01
2.263917694092e+02 -2.662577033043e-01
2.263906402588e+02 -8.149291872978e-01
2.263895111084e+02 -8.807501792908e-01
2.263883819580e+02 -7.687709927559e-01
2.263872528076e+02 -7.575972676277e-01
2.263861236572e+02 -7.692574262619e-01
2.263849945068e+02 -7.409327626228e-01
2.263838653564e+02 -7.054647803307e-01
2.263827362061e+02 -7.886105179787e-01
2.263816070557e+02 -9.232085943222e-01
2.263804779053e+02 -9.961738586426e-01
2.263793487549e+02 -1.110279321671e+00
2.263782196045e+02 -1.115334987640e+00
2.263770904541e+02 -1.151259303093e+00
2.263759613037e+02 -1.132242321968e+00
2.263748321533e+02 -1.158742308617e+00
2.263737030029e+02 -1.026196479797e+00
2.263725738525e+02 -9.426060318947e-01
2.263714447021e+02 -7.588543295860e-01
2.263703155518e+02 -5.366285443306e-01
2.263691864014e+02 -2.737747728825e-01
2.263680572510e+02 3.763412535191e-01
2.263669281006e+02 1.260387659073e+00
2.263657989502e+02 1.453815460205e+00
2.263646697998e+02 1.337534904480e+00
2.263635406494e+02 1.392709493637e+00
2.263624114990e+02 1.593586683273e+00
2.263612823486e+02 1.214776754379e+00
2.263601531982e+02 8.595425486565e-01
2.263590240479e+02 8.450845479965e-01
2.263578948975e+02 9.347141981125e-01
2.263567657471e+02 1.272366404533e+00
2.263556365967e+02 1.796679735184e+00
2.263545074463e+02 1.199266314507e+00
2.263533782959e+02 7.575436234474e-01
2.263522491455e+02 8.346434831619e-01
2.263511199951e+02 1.941579937935e+00
2.263500061035e+02 3.098669528961e+00
2.263488769531e+02 3.712463378906e+00
2.263477478027e+02 3.707940816879e+00
2.263466186523e+02 3.718963384628e+00
2.263454895020e+02 3.697525501251e+00
2.263443603516e+02 2.416523694992e+00
2.263432312012e+02 6.213211417198e-01
2.263421020508e+02 -7.416544854641e-02
2.263409729004e+02 -9.495636075735e-02
2.263398437500e+02 -5.820325613022e-01
2.263387145996e+02 -8.117514252663e-01
2.263375854492e+02 -6.509069800377e-01
2.263364562988e+02 -3.002193570137e-02
2.263353271484e+02 9.763718247414e-01
2.263341979980e+02 1.253839373589e+00
2.263330688477e+02 1.249333739281e+00
2.263319396973e+02 1.050320744514e+00
2.263308105469e+02 8.048746585846e-01
2.263296813965e+02 2.028896808624e-01
2.263285522461e+02 -5.210713148117e-01
2.263274230957e+02 -6.810253262520e-01
2.263262939453e+02 -5.203250646591e-01
2.263251647949e+02 -1.481317639351e+00
2.263240356445e+02 -2.254853248596e+00
2.263229064941e+02 -8.977489471436e-01
2.263217773438e+02 -4.142528027296e-02
2.263206481934e+02 -1.043476536870e-01
2.263195190430e+02 -5.292489528656e-01
2.263183898926e+02 -4.168891906738e-01
2.263172607422e+02 1.001344900578e-02
2.263161315918e+02 5.565202236176e-01
2.263150024414e+02 1.429178476334e+00
2.263138732910e+02 4.386366367340e+00
2.263127441406e+02 7.249127864838e+00
2.263116149902e+02 8.853888511658e+00
2.263104858398e+02 8.465005874634e+00
2.263093566895e+02 5.894100666046e+00
2.263082275391e+02 3.250007629395e+00
2.263070983887e+02 6.536436080933e-01
2.263059692383e+02 6.810783147812e-01
2.263048400879e+02 1.979749798775e+00
2.263037109375e+02 2.029407978058e+00
2.263025817871e+02 2.053851127625e+00
2.263014526367e+02 2.048741340637e+00
2.263003234863e+02 1.623833894730e+00
2.262991943359e+02 5.520225763321e-01
2.262980651855e+02 4.840791523457e-01
2.262969360352e+02 -5.906154215336e-02
2.262958068848e+02 2.830978333950e-01
2.262946777344e+02 1.010574221611e+00
2.262935485840e+02 1.603947997093e+00
2.262924194336e+02 1.332324743271e+00
2.262912902832e+02 6.194495558739e-01
2.262901611328e+02 2.834912538528e-01
2.262890319824e+02 2.743186652660e-01
2.262879028320e+02 1.504045575857e-01
2.262867736816e+02 -3.911048471928e-01
2.262856445312e+02 -5.005369186401e-01
2.262845153809e+02 -2.437610179186e-01
2.262833862305e+02 -9.923466295004e-02
2.262822570801e+02 4.608225226402e-01
2.262811279297e+02 6.120136976242e-01
2.262800140381e+02 1.651780456305e-01
2.262788848877e+02 -2.342604398727e-01
2.262777557373e+02 7.969519495964e-01
2.262766265869e+02 9.140329957008e-01
2.262754974365e+02 3.194426298141e-01
2.262743682861e+02 2.965627908707e-01
2.262732391357e+02 5.587062239647e-01
2.262721099854e+02 1.109988331795e+00
2.262709808350e+02 1.475465774536e+00
2.262698516846e+02 1.725408792496e+00
2.262687225342e+02 2.467902183533e+00
2.262675933838e+02 3.406871318817e+00
2.262664642334e+02 5.324567317963e+00
2.262653350830e+02 7.266582489014e+00
2.262642059326e+02 6.175245761871e+00
2.262630767822e+02 5.124790668488e+00
2.262619476318e+02 5.618427276611e+00
2.262608184814e+02 4.565929412842e+00
2.262596893311e+02 3.638139963150e+00
2.262585601807e+02 2.554180383682e+00
2.262574310303e+02 2.268083572388e+00
2.262563018799e+02 2.280073165894e+00
2.262551727295e+02 1.773455262184e+00
2.262540435791e+02 9.076169729233e-01
2.262529144287e+02 4.230943322182e-01
2.262517852783e+02 1.180777624249e-01
2.262506561279e+02 4.865769743919e-01
2.262495269775e+02 7.604954838753e-01
2.262483978271e+02 7.480441927910e-01
2.262472686768e+02 6.951599121094e-01
2.262461395264e+02 3.748253583908e-01
2.262450103760e+02 1.559472084045e-01
2.262438812256e+02 -2.050740830600e-02
2.262427520752e+02 -2.156829684973e-01
2.262416229248e+02 -5.376334786415e-01
2.262404937744e+02 -8.508796691895e-01
2.262393646240e+02 -8.999602198601e-01
2.262382354736e+02 -9.377031326294e-01
2.262371063232e+02 -8.760445117950e-01
2.262359771729e+02 -5.044800043106e-01
2.262348480225e+02 4.342464208603e-01
2.262337188721e+02 1.742844104767e+00
2.262325897217e+02 2.255651235580e+00
2.262314605713e+02 2.289124965668e+00
2.262303314209e+02 2.210031032562e+00
2.262292022705e+02 2.002227783203e+00
2.262280731201e+02 1.195770978928e+00
2.262269439697e+02 5.845514535904e-01
2.262258148193e+02 1.220537304878e+00
2.262246856689e+02 2.680001020432e+00
2.262235565186e+02 4.455175399780e+00
2.262224273682e+02 5.949855327606e+00
2.262212982178e+02 7.058324813843e+00
2.262201690674e+02 7.763031959534e+00
2.262190399170e+02 7.031580924988e+00
2.262179107666e+02 4.014932155609e+00
2.262167816162e+02 1.785669803619e+00
2.262156524658e+02 3.314972519875e-01
2.262145233154e+02 -1.459108591080e-01
2.262133941650e+02 -6.021401882172e-01
2.262122650146e+02 -5.443100929260e-01
2.262111358643e+02 -7.941173315048e-01
2.262100067139e+02 -6.808152198792e-01
2.262088928223e+02 -3.797112703323e-01
2.262077636719e+02 -2.766440510750e-01
2.262066345215e+02 -3.144162297249e-01
2.262055053711e+02 -1.704430431128e-01
2.262043762207e+02 7.361888140440e-02
2.262032470703e+02 -3.863759934902e-01
2.262021179199e+02 -5.835620164871e-01
2.262009887695e+02 -4.802532792091e-01
2.261998596191e+02 -2.383017838001e-01
2.261987304688e+02 -2.295400798321e-01
2.261976013184e+02 -2.522764801979e-01
2.261964721680e+02 -3.336294293404e-01
2.261953430176e+02 -2.855871021748e-01
2.261942138672e+02 -5.416920185089e-01
2.261930847168e+02 -7.720398902893e-01
2.261919555664e+02 -8.567413091660e-01
2.261908264160e+02 -9.040218591690e-01
2.261896972656e+02 -8.635419011116e-01
2.261885681152e+02 -1.409591138363e-01
2.261874389648e+02 9.937358498573e-01
2.261863098145e+02 1.501294255257e+00
2.261851806641e+02 1.859388709068e+00
2.261840515137e+02 1.876477360725e+00
2.261829223633e+02 1.762446284294e+00
2.261817932129e+02 8.834133744240e-01
2.261806640625e+02 4.893329143524e-01
2.261795349121e+02 3.532637655735e-01
2.261784057617e+02 6.118238568306e-01
2.261772766113e+02 5.340259075165e-01
2.261761474609e+02 4.548133015633e-01
2.261750183105e+02 3.622022271156e-02
2.261738891602e+02 -2.843702137470e-01
2.261727600098e+02 -7.381238937378e-01
2.261716308594e+02 -9.516606926918e-01
2.261705017090e+02 -1.183208107948e+00
2.261693725586e+02 -1.305397033691e+00
2.261682434082e+02 -9.773168563843e-01
2.261671142578e+02 -8.814057111740e-01
2.261659851074e+02 -1.029086947441e+00
2.261648559570e+02 -9.728631377220e-01
2.261637268066e+02 -8.722210526466e-01
2.261625976562e+02 -8.171162009239e-01
2.261614685059e+02 -8.509462475777e-01
2.261603393555e+02 -8.438305258751e-01
2.261592102051e+02 -6.724484562874e-01
2.261580810547e+02 -4.920675158501e-01
2.261569519043e+02 -4.451201558113e-01
2.261558227539e+02 -6.364279985428e-01
2.261546936035e+02 -7.448248863220e-01
2.261535644531e+02 -4.756325781345e-01
2.261524353027e+02 -7.852096855640e-02
2.261513061523e+02 -1.046345233917e-01
2.261501770020e+02 -1.902372241020e-01
2.261490478516e+02 -1.607909202576e-01
2.261479187012e+02 -4.408866167068e-02
2.261467895508e+02 -1.110823601484e-01
2.261456604004e+02 -5.467061996460e-01
2.261445312500e+02 -6.890973448753e-01
2.261434020996e+02 -6.837673187256e-01
2.261422729492e+02 -8.488815426826e-01
2.261411437988e+02 -7.189671397209e-01
2.261400146484e+02 -7.908268570900e-01
2.261389007568e+02 -7.287080287933e-01
2.261377716064e+02 -8.106672167778e-01
2.261366424561e+02 -6.888398528099e-01
2.261355133057e+02 -5.887224078178e-01
2.261343841553e+02 -5.701256990433e-01
2.261332550049e+02 -5.866516232491e-01
2.261321258545e+02 -6.212966442108e-01
2.261309967041e+02 -5.326817035675e-01
2.261298675537e+02 -4.195142388344e-01
2.261287384033e+02 -6.589808464050e-01
2.261276092529e+02 -7.712308764458e-01
2.261264801025e+02 -6.707514524460e-01
2.261253509521e+02 -7.980509996414e-01
