#title: Spectral profile - G326.6618+00.5207_SPW_3.image.pbcor.fits-raster
#region (world): Rectangle[[15:45:02.92, -54d09m03.589], [15:45:02.807, -54d09m02.59]]
#region (pixel): Rectangle[[171, 175], [179, 183]]
#coordinate: world
#xLabel: frequency [GHz]
#yLabel: [Kelvin] Mean

# G326.6618+00.5207_SPW_3.image.pbcor.fits-raster
2.261093444824e+02 2.406764179468e-01
2.261082153320e+02 4.005655348301e-01
2.261070861816e+02 9.794638305902e-02
2.261059570312e+02 4.951599612832e-02
2.261048278809e+02 2.059175521135e-01
2.261036987305e+02 4.251419007778e-01
2.261025695801e+02 4.318552315235e-01
2.261014404297e+02 9.638480097055e-02
2.261003112793e+02 -2.911266870797e-02
2.260991821289e+02 8.505475707352e-03
2.260980529785e+02 2.555149607360e-02
2.260969238281e+02 9.714112430811e-02
2.260957946777e+02 8.565216511488e-02
2.260946655273e+02 7.787535339594e-02
2.260935363770e+02 1.486922353506e-01
2.260924072266e+02 1.097970008850e-01
2.260912780762e+02 1.827486008406e-01
2.260901489258e+02 3.015795946121e-01
2.260890197754e+02 2.408185601234e-01
2.260878906250e+02 3.203234821558e-02
2.260867767334e+02 4.163777828217e-02
2.260856475830e+02 -3.292278852314e-03
2.260845184326e+02 9.503775835037e-02
2.260833892822e+02 4.445233196020e-02
2.260822601318e+02 -1.086707878858e-02
2.260811309814e+02 -1.308916062117e-01
2.260800018311e+02 -1.742181479931e-01
2.260788726807e+02 -2.041704766452e-02
2.260777435303e+02 2.484021484852e-01
2.260766143799e+02 3.335948288441e-01
2.260754852295e+02 2.593243420124e-01
2.260743560791e+02 4.190458953381e-01
2.260732269287e+02 2.155761271715e-01
2.260720977783e+02 -9.137903153896e-02
2.260709686279e+02 -4.138465225697e-02
2.260698394775e+02 -1.380043178797e-01
2.260687103271e+02 -5.534765869379e-02
2.260675811768e+02 1.333840936422e-01
2.260664520264e+02 3.381764590740e-01
2.260653228760e+02 4.869522750378e-01
2.260641937256e+02 3.266487717628e-01
2.260630645752e+02 -4.663608968258e-03
2.260619354248e+02 -5.426223203540e-02
2.260608062744e+02 3.448332846165e-02
2.260596771240e+02 -4.177901893854e-02
2.260585479736e+02 -5.248488485813e-02
2.260574188232e+02 -1.819087564945e-02
2.260562896729e+02 1.463997960091e-01
2.260551605225e+02 1.285951882601e-01
2.260540313721e+02 1.871896684170e-01
2.260529022217e+02 1.404266208410e-01
2.260517730713e+02 1.068380326033e-01
2.260506439209e+02 1.122237518430e-01
2.260495147705e+02 -2.942364197224e-03
2.260483856201e+02 -1.494233310223e-01
2.260472564697e+02 -6.742645800114e-02
2.260461273193e+02 -5.255038850009e-03
2.260449981689e+02 -2.578045427799e-02
2.260438690186e+02 4.250976443291e-02
2.260427398682e+02 -5.194170773029e-02
2.260416107178e+02 -3.656333312392e-02
2.260404815674e+02 5.981438327581e-03
2.260393524170e+02 4.061182588339e-02
2.260382232666e+02 2.639759331942e-02
2.260370941162e+02 3.348287194967e-02
2.260359649658e+02 1.858712136745e-01
2.260348358154e+02 6.009470298886e-02
2.260337066650e+02 -4.661730304360e-02
2.260325775146e+02 -1.350610256195e-01
2.260314483643e+02 -1.376623511314e-01
2.260303192139e+02 -7.778506726027e-02
2.260291900635e+02 -1.139394193888e-01
2.260280609131e+02 -8.946634083986e-02
2.260269317627e+02 -4.173465818167e-02
2.260258026123e+02 -8.224518597126e-02
2.260246734619e+02 -2.010121755302e-02
2.260235443115e+02 4.262750223279e-02
2.260224151611e+02 1.320758759975e-01
2.260212860107e+02 -1.504326611757e-01
2.260201568604e+02 -1.323504596949e-01
2.260190277100e+02 -9.699399024248e-02
2.260178985596e+02 -7.924979925156e-02
2.260167694092e+02 -2.142048329115e-01
2.260156555176e+02 -1.606538295746e-01
2.260145263672e+02 -7.926461845636e-02
2.260133972168e+02 -1.084321290255e-01
2.260122680664e+02 -7.012132555246e-02
2.260111389160e+02 -6.992512196302e-02
2.260100097656e+02 -3.740612044930e-02
2.260088806152e+02 -3.559073805809e-02
2.260077514648e+02 -8.476644009352e-02
2.260066223145e+02 -3.274957835674e-02
2.260054931641e+02 -1.094833388925e-01
2.260043640137e+02 -1.199169680476e-01
2.260032348633e+02 -2.695023268461e-02
2.260021057129e+02 -2.493828535080e-02
2.260009765625e+02 -3.864195942879e-02
2.259998474121e+02 -2.630175149534e-04
2.259987182617e+02 -4.177321866155e-02
2.259975891113e+02 -1.617803573608e-01
2.259964599609e+02 9.161413647234e-03
2.259953308105e+02 -3.108607046306e-02
2.259942016602e+02 -5.608636513352e-02
2.259930725098e+02 -8.713803440332e-02
2.259919433594e+02 -7.205718010664e-02
2.259908142090e+02 -2.762517705560e-02
2.259896850586e+02 -6.790246814489e-02
2.259885559082e+02 -4.743636026978e-02
2.259874267578e+02 -2.363750711083e-02
2.259862976074e+02 -7.463057339191e-02
2.259851684570e+02 -5.420822650194e-02
2.259840393066e+02 -8.268192410469e-02
2.259829101562e+02 -7.969646900892e-02
2.259817810059e+02 -8.767856657505e-02
2.259806518555e+02 -1.312182247639e-01
2.259795227051e+02 -1.086447536945e-01
2.259783935547e+02 -1.370132118464e-01
2.259772644043e+02 -1.324722915888e-01
2.259761352539e+02 -1.623079031706e-01
2.259750061035e+02 -1.300952285528e-01
2.259738769531e+02 -1.516277343035e-01
2.259727478027e+02 -9.212189167738e-02
2.259716186523e+02 -3.630650043488e-02
2.259704895020e+02 -2.615798264742e-02
2.259693603516e+02 -6.747896224260e-02
2.259682312012e+02 -2.117171883583e-02
2.259671020508e+02 1.001196578145e-01
2.259659729004e+02 2.197929620743e-01
2.259648437500e+02 1.590583473444e-01
2.259637145996e+02 -2.224493771791e-02
2.259625854492e+02 1.003261655569e-01
2.259614562988e+02 4.758911728859e-01
2.259603271484e+02 1.650570392609e+00
2.259591979980e+02 1.552932977676e+00
2.259580688477e+02 7.757217884064e-01
2.259569396973e+02 5.576877593994e-01
2.259558105469e+02 3.008156716824e-01
2.259546813965e+02 8.209654688835e-02
2.259535522461e+02 6.085538491607e-02
2.259524230957e+02 -8.080013096333e-03
2.259512939453e+02 -4.620618000627e-02
2.259501647949e+02 -9.597169607878e-02
2.259490356445e+02 -2.051693648100e-01
2.259479064941e+02 -1.430353671312e-01
2.259467773438e+02 -7.264246791601e-02
2.259456634521e+02 4.406495392323e-02
2.259445343018e+02 1.734940707684e-01
2.259434051514e+02 1.052753552794e-01
2.259422760010e+02 4.850529599935e-03
2.259411468506e+02 4.491653665900e-02
2.259400177002e+02 -4.703010246158e-02
2.259388885498e+02 -1.669046133757e-01
2.259377593994e+02 -1.233338117599e-01
2.259366302490e+02 -1.050980091095e-01
2.259355010986e+02 -1.430420726538e-01
2.259343719482e+02 -9.919354319572e-02
2.259332427979e+02 1.088730618358e-01
2.259321136475e+02 4.972465038300e-01
2.259309844971e+02 7.911378741264e-01
2.259298553467e+02 1.542612314224e+00
2.259287261963e+02 6.129116535187e+00
2.259275970459e+02 1.383559322357e+01
2.259264678955e+02 9.187237739563e+00
2.259253387451e+02 2.968836784363e+00
2.259242095947e+02 1.199525713921e+00
2.259230804443e+02 4.137229025364e-01
2.259219512939e+02 3.075345456600e-01
2.259208221436e+02 1.316680014133e-01
2.259196929932e+02 -1.059004478157e-02
2.259185638428e+02 -1.183261349797e-01
2.259174346924e+02 -1.702495366335e-01
2.259163055420e+02 -6.606002897024e-02
2.259151763916e+02 -1.219617649913e-01
2.259140472412e+02 -1.028691530228e-01
2.259129180908e+02 -1.103876233101e-01
2.259117889404e+02 -1.589780747890e-01
2.259106597900e+02 -7.997921854258e-02
2.259095306396e+02 8.430907875299e-02
2.259084014893e+02 9.009698778391e-02
2.259072723389e+02 5.566541105509e-02
2.259061431885e+02 -9.136957675219e-02
2.259050140381e+02 6.495440844446e-03
2.259038848877e+02 -5.260612070560e-02
2.259027557373e+02 -1.650686860085e-01
2.259016265869e+02 -3.589465469122e-02
2.259004974365e+02 3.488225411274e-05
2.258993682861e+02 5.140164867043e-02
2.258982391357e+02 6.681128870696e-03
2.258971099854e+02 8.602531999350e-02
2.258959808350e+02 -3.234404325485e-02
2.258948516846e+02 -9.948114305735e-02
2.258937225342e+02 -1.074480786920e-01
2.258925933838e+02 1.019333768636e-02
2.258914642334e+02 1.837418228388e-02
2.258903350830e+02 -9.668712317944e-02
2.258892059326e+02 -9.254894405603e-02
2.258880767822e+02 -6.520518660545e-02
2.258869476318e+02 8.877460658550e-02
2.258858184814e+02 2.662824392319e-01
2.258846893311e+02 1.604452729225e-01
2.258835601807e+02 1.123049631715e-01
2.258824310303e+02 3.117956817150e-01
2.258813018799e+02 8.153534531593e-01
2.258801727295e+02 1.076650738716e+00
2.258790435791e+02 8.587866425514e-01
2.258779144287e+02 6.368712782860e-01
2.258767852783e+02 5.135487318039e-01
2.258756561279e+02 1.379403769970e-01
2.258745422363e+02 8.418619632721e-03
2.258734130859e+02 -5.346343666315e-02
2.258722839355e+02 -1.033564880490e-01
2.258711547852e+02 1.420988589525e-01
2.258700256348e+02 6.789189577103e-02
2.258688964844e+02 7.216022815555e-03
2.258677673340e+02 8.769106864929e-02
2.258666381836e+02 1.367787271738e-01
2.258655090332e+02 -1.444024313241e-02
2.258643798828e+02 -1.168676838279e-02
2.258632507324e+02 7.820668071508e-02
2.258621215820e+02 5.024677515030e-02
2.258609924316e+02 -1.770954579115e-02
2.258598632812e+02 7.989843189716e-02
2.258587341309e+02 1.376530379057e-01
2.258576049805e+02 1.032923981547e-01
2.258564758301e+02 1.936636716127e-01
2.258553466797e+02 2.742772400379e-01
2.258542175293e+02 3.635612726212e-01
2.258530883789e+02 1.955439597368e-01
2.258519592285e+02 2.838313020766e-02
2.258508300781e+02 -9.996383637190e-02
2.258497009277e+02 -1.141215786338e-01
2.258485717773e+02 1.837802305818e-02
2.258474426270e+02 -9.598056785762e-03
2.258463134766e+02 3.049492649734e-02
2.258451843262e+02 -7.814021408558e-02
2.258440551758e+02 -1.420020163059e-01
2.258429260254e+02 8.202102966607e-03
2.258417968750e+02 1.589086353779e-01
2.258406677246e+02 1.110761612654e-01
2.258395385742e+02 -3.373105451465e-02
2.258384094238e+02 -4.843631014228e-02
2.258372802734e+02 6.225946918130e-02
2.258361511230e+02 9.530378878117e-02
2.258350219727e+02 8.208114653826e-02
2.258338928223e+02 3.923997282982e-01
2.258327636719e+02 6.955919265747e-01
2.258316345215e+02 3.901105523109e-01
2.258305053711e+02 2.140597999096e-01
2.258293762207e+02 2.991039752960e-01
2.258282470703e+02 1.213258862495e+00
2.258271179199e+02 1.415836811066e+00
2.258259887695e+02 6.029189825058e-01
2.258248596191e+02 8.803939074278e-02
2.258237304688e+02 -8.421194553375e-02
2.258226013184e+02 -3.427765890956e-02
2.258214721680e+02 -5.284973233938e-02
2.258203430176e+02 -6.292194873095e-02
2.258192138672e+02 -1.046923696995e-01
2.258180847168e+02 4.091247543693e-02
2.258169555664e+02 3.851144760847e-02
2.258158264160e+02 -2.068213745952e-02
2.258146972656e+02 5.416051950306e-03
2.258135681152e+02 6.028248369694e-02
2.258124389648e+02 3.935456573963e-01
2.258113098145e+02 3.513752818108e-01
2.258101806641e+02 8.277340233326e-02
2.258090515137e+02 -4.086628556252e-02
2.258079223633e+02 -2.652247063816e-02
2.258067932129e+02 6.955912709236e-02
2.258056640625e+02 6.333987414837e-02
2.258045501709e+02 1.368533372879e-01
2.258034210205e+02 1.368167400360e-01
2.258022918701e+02 7.241593301296e-02
2.258011627197e+02 -3.667843295261e-03
2.258000335693e+02 8.552401512861e-02
2.257989044189e+02 1.469144076109e-01
2.257977752686e+02 1.813059002161e-01
2.257966461182e+02 9.321857243776e-02
2.257955169678e+02 -5.473767966032e-02
2.257943878174e+02 -6.105651333928e-02
2.257932586670e+02 -5.544628202915e-02
2.257921295166e+02 -1.164262518287e-01
2.257910003662e+02 -4.734183847904e-02
2.257898712158e+02 1.166490167379e-01
2.257887420654e+02 1.977753341198e-01
2.257876129150e+02 4.118668735027e-01
2.257864837646e+02 5.388756394386e-01
2.257853546143e+02 2.573766112328e-01
2.257842254639e+02 -9.007505141199e-03
2.257830963135e+02 -2.092530950904e-02
2.257819671631e+02 -1.058607324958e-01
2.257808380127e+02 -2.427012473345e-02
2.257797088623e+02 -9.962998330593e-03
2.257785797119e+02 7.275929301977e-02
2.257774505615e+02 1.982716917992e-01
2.257763214111e+02 3.424686193466e-01
2.257751922607e+02 5.728994011879e-01
2.257740631104e+02 7.929369211197e-01
2.257729339600e+02 4.063031077385e-01
2.257718048096e+02 1.938177049160e-01
2.257706756592e+02 1.814201772213e-01
2.257695465088e+02 9.964705258608e-02
2.257684173584e+02 -7.300164550543e-02
2.257672882080e+02 5.112509801984e-02
2.257661590576e+02 -4.446330666542e-02
2.257650299072e+02 -6.282934546471e-02
2.257639007568e+02 -5.609849467874e-03
2.257627716064e+02 -4.821994900703e-02
2.257616424561e+02 -2.900975011289e-02
2.257605133057e+02 9.856605529785e-02
2.257593841553e+02 1.803286224604e-01
2.257582550049e+02 3.673446178436e-01
2.257571258545e+02 3.944227695465e-01
2.257559967041e+02 4.086140096188e-01
2.257548675537e+02 5.196784734726e-01
2.257537384033e+02 3.599225282669e-01
2.257526092529e+02 1.275232583284e-01
2.257514801025e+02 3.610429540277e-02
2.257503509521e+02 7.260562479496e-02
2.257492218018e+02 6.996477395296e-02
2.257480926514e+02 5.882532149553e-02
2.257469635010e+02 1.674287617207e-01
2.257458343506e+02 8.118975907564e-02
2.257447052002e+02 1.070542186499e-01
2.257435760498e+02 8.993233740330e-02
2.257424468994e+02 1.088192909956e-01
2.257413177490e+02 2.207551002502e-01
2.257401885986e+02 3.211588263512e-01
2.257390594482e+02 3.681962788105e-01
2.257379302979e+02 3.148993253708e-01
2.257368011475e+02 2.067512869835e-01
2.257356719971e+02 2.717770934105e-01
2.257345581055e+02 8.814197182655e-01
2.257334289551e+02 1.209170341492e+00
2.257322998047e+02 1.488852620125e+00
2.257311706543e+02 3.162710428238e+00
2.257300415039e+02 1.625598144531e+01
2.257289123535e+02 3.158632850647e+01
2.257277832031e+02 2.493615341187e+01
2.257266540527e+02 1.263007736206e+01
2.257255249023e+02 5.273509025574e+00
2.257243957520e+02 1.737289786339e+00
2.257232666016e+02 1.224686741829e+00
2.257221374512e+02 8.893092274666e-01
2.257210083008e+02 8.078477978706e-01
2.257198791504e+02 1.102379083633e+00
2.257187500000e+02 1.240127205849e+00
2.257176208496e+02 6.274694800377e-01
2.257164916992e+02 4.078096151352e-01
2.257153625488e+02 3.376018106937e-01
2.257142333984e+02 5.757649615407e-02
2.257131042480e+02 1.795489192009e-01
2.257119750977e+02 2.054785043001e-01
2.257108459473e+02 7.256933450699e-01
2.257097167969e+02 1.264135599136e+00
2.257085876465e+02 1.001044869423e+00
2.257074584961e+02 3.053087592125e-01
2.257063293457e+02 1.758399009705e-01
2.257052001953e+02 2.602038383484e-01
2.257040710449e+02 4.814104437828e-01
2.257029418945e+02 7.656975388527e-01
2.257018127441e+02 1.807216167450e+00
2.257006835938e+02 1.093814015388e+00
2.256995544434e+02 3.932837247849e-01
2.256984252930e+02 3.519281148911e-01
2.256972961426e+02 2.911197841167e-01
2.256961669922e+02 5.205448344350e-02
2.256950378418e+02 -5.047976598144e-02
2.256939086914e+02 2.513524517417e-02
2.256927795410e+02 2.255192101002e-01
2.256916503906e+02 1.455086231232e+00
2.256905212402e+02 1.551855683327e+00
2.256893920898e+02 6.664342880249e-01
2.256882629395e+02 8.984583616257e-02
2.256871337891e+02 -1.962710358202e-02
2.256860046387e+02 1.639459654689e-02
2.256848754883e+02 5.070475116372e-02
2.256837463379e+02 5.700002610683e-02
2.256826171875e+02 5.125941336155e-02
2.256814880371e+02 4.854632169008e-02
2.256803588867e+02 2.989087104797e-01
2.256792297363e+02 5.259487628937e-01
2.256781005859e+02 3.975585699081e-01
2.256769714355e+02 2.068598866463e-01
2.256758422852e+02 -5.641232803464e-02
2.256747131348e+02 -8.166040480137e-02
2.256735839844e+02 -1.024130135775e-01
2.256724548340e+02 -7.774282246828e-02
2.256713256836e+02 -1.710595637560e-01
2.256701965332e+02 -2.431165426970e-01
2.256690673828e+02 -2.404997199774e-01
2.256679382324e+02 -1.942517161369e-01
2.256668090820e+02 -1.703973561525e-01
2.256656799316e+02 -1.433535218239e-01
2.256645507812e+02 -8.862967789173e-02
2.256634368896e+02 -9.905175119638e-02
2.256623077393e+02 -7.278990000486e-02
2.256611785889e+02 -2.272607386112e-01
2.256600494385e+02 1.888612098992e-02
2.256589202881e+02 -2.768347598612e-02
2.256577911377e+02 1.028582826257e-01
2.256566619873e+02 3.795706331730e-01
2.256555328369e+02 5.504140257835e-01
2.256544036865e+02 2.448740005493e-01
2.256532745361e+02 -7.078240811825e-02
2.256521453857e+02 1.739931292832e-02
2.256510162354e+02 7.592407464981e-01
2.256498870850e+02 2.855935573578e+00
2.256487579346e+02 2.378015041351e+00
2.256476287842e+02 7.946674823761e-01
2.256464996338e+02 1.579297780991e-01
2.256453704834e+02 3.383581293747e-03
2.256442413330e+02 -1.939439587295e-02
2.256431121826e+02 -4.987476393580e-02
2.256419830322e+02 5.856411159039e-02
2.256408538818e+02 9.626982212067e-01
2.256397247314e+02 2.560920476913e+00
2.256385955811e+02 1.568649053574e+00
2.256374664307e+02 4.308131933212e-01
2.256363372803e+02 8.758307248354e-02
2.256352081299e+02 -1.418729312718e-02
2.256340789795e+02 -7.651440799236e-02
2.256329498291e+02 -6.337979342788e-03
2.256318206787e+02 1.371167302132e+00
2.256306915283e+02 4.397771358490e+00
2.256295623779e+02 6.954054832458e+00
2.256284332275e+02 3.284833431244e+00
2.256273040771e+02 1.148336291313e+00
2.256261749268e+02 1.885644048452e-01
2.256250457764e+02 -6.420159339905e-02
2.256239166260e+02 -4.678146168590e-02
2.256227874756e+02 1.253175735474e-01
2.256216583252e+02 6.735836714506e-02
2.256205291748e+02 -8.704496175051e-02
2.256194000244e+02 -1.525734215975e-01
2.256182708740e+02 -1.315870583057e-01
2.256171417236e+02 -2.921725250781e-02
2.256160125732e+02 -2.981007564813e-03
2.256148834229e+02 -4.892133176327e-02
2.256137542725e+02 -1.903123455122e-03
2.256126251221e+02 -4.072633106261e-03
2.256114959717e+02 -1.022422090173e-01
2.256103668213e+02 -2.733418077696e-04
2.256092376709e+02 7.640426605940e-02
2.256081085205e+02 6.564457714558e-02
2.256069793701e+02 1.595665700734e-02
2.256058502197e+02 9.517223574221e-03
2.256047210693e+02 6.615764647722e-02
2.256035919189e+02 1.906752735376e-01
2.256024627686e+02 7.002831697464e-01
2.256013336182e+02 8.795363306999e-01
2.256002044678e+02 7.582259178162e-01
2.255990753174e+02 9.108294248581e-01
2.255979461670e+02 1.289718866348e+00
2.255968170166e+02 6.266895532608e-01
2.255956878662e+02 3.360187113285e-01
2.255945587158e+02 7.990013062954e-02
2.255934448242e+02 1.329526156187e-01
2.255923156738e+02 6.220782995224e-01
2.255911865234e+02 1.420378684998e+00
2.255900573730e+02 1.273313999176e+00
2.255889282227e+02 5.763880610466e-01
2.255877990723e+02 7.958721518517e-01
2.255866699219e+02 2.198421716690e+00
2.255855407715e+02 4.149094104767e+00
2.255844116211e+02 3.109779119492e+00
2.255832824707e+02 1.384958148003e+00
2.255821533203e+02 3.457841277122e-01
2.255810241699e+02 8.891816437244e-02
2.255798950195e+02 -8.454680442810e-03
2.255787658691e+02 -2.569153439254e-03
2.255776367188e+02 4.781853556633e-01
2.255765075684e+02 1.709385395050e+00
2.255753784180e+02 1.087549209595e+00
2.255742492676e+02 3.050470054150e-01
2.255731201172e+02 1.444654464722e-01
2.255719909668e+02 2.482854016125e-02
2.255708618164e+02 -1.036929190159e-01
2.255697326660e+02 1.009971573949e-01
2.255686035156e+02 2.484496384859e-01
2.255674743652e+02 2.813029289246e-01
2.255663452148e+02 1.700020283461e-01
2.255652160645e+02 6.372725218534e-02
2.255640869141e+02 3.280721977353e-02
2.255629577637e+02 -2.109751570970e-03
2.255618286133e+02 -1.351807080209e-02
2.255606994629e+02 4.893956705928e-02
2.255595703125e+02 5.786966998130e-03
2.255584411621e+02 5.669468641281e-02
2.255573120117e+02 8.321552723646e-02
2.255561828613e+02 5.611531808972e-02
2.255550537109e+02 -9.269543737173e-02
2.255539245605e+02 -1.310057938099e-03
2.255527954102e+02 -6.176185235381e-02
2.255516662598e+02 -4.019447043538e-02
2.255505371094e+02 -1.211546510458e-01
2.255494079590e+02 -4.308088868856e-02
2.255482788086e+02 4.745211452246e-02
2.255471496582e+02 1.940217018127e-01
2.255460205078e+02 5.320805311203e-01
2.255448913574e+02 1.315928578377e+00
2.255437622070e+02 2.122659206390e+00
2.255426330566e+02 2.540953874588e+00
2.255415039062e+02 1.643646001816e+00
2.255403747559e+02 6.439066529274e-01
2.255392456055e+02 2.533607184887e-01
2.255381164551e+02 8.240309357643e-02
2.255369873047e+02 3.186672553420e-02
2.255358581543e+02 8.842496573925e-02
2.255347290039e+02 1.167306751013e-01
2.255335998535e+02 6.067600101233e-02
2.255324707031e+02 3.404441848397e-02
2.255313415527e+02 7.476956397295e-02
2.255302124023e+02 -2.941718511283e-02
2.255290832520e+02 -2.528527379036e-02
2.255279541016e+02 -4.448765516281e-02
2.255268249512e+02 -5.408937111497e-02
2.255256958008e+02 -4.923791065812e-02
2.255245666504e+02 -1.203348040581e-01
2.255234375000e+02 4.385269060731e-02
2.255223236084e+02 1.275063604116e-01
2.255211944580e+02 2.997777238488e-02
2.255200653076e+02 -4.200877994299e-02
2.255189361572e+02 1.497859880328e-02
2.255178070068e+02 -5.189243704081e-02
2.255166778564e+02 -6.163667887449e-02
2.255155487061e+02 2.238718234003e-02
2.255144195557e+02 -4.409140348434e-02
2.255132904053e+02 -1.633529755054e-04
2.255121612549e+02 -1.038594264537e-02
2.255110321045e+02 -5.650956928730e-02
2.255099029541e+02 2.506292611361e-02
2.255087738037e+02 4.021254926920e-02
2.255076446533e+02 1.029577688314e-03
2.255065155029e+02 3.828654065728e-02
2.255053863525e+02 -1.690374687314e-02
2.255042572021e+02 -1.114197671413e-01
2.255031280518e+02 -1.017689630389e-01
2.255019989014e+02 1.491930782795e-01
2.255008697510e+02 1.934819370508e-01
2.254997406006e+02 2.919015586376e-01
2.254986114502e+02 2.662549316883e-01
2.254974822998e+02 6.906997412443e-02
2.254963531494e+02 1.242724526674e-02
2.254952239990e+02 -2.504971809685e-02
2.254940948486e+02 -9.344962425530e-03
2.254929656982e+02 -3.861075267196e-02
2.254918365479e+02 -1.109682992101e-01
2.254907073975e+02 -4.063239321113e-02
2.254895782471e+02 1.240641474724e-01
2.254884490967e+02 1.147221922874e+00
2.254873199463e+02 1.465105772018e+00
2.254861907959e+02 5.189730525017e-01
2.254850616455e+02 9.981830418110e-02
2.254839324951e+02 -2.567851450294e-03
2.254828033447e+02 -1.827909797430e-02
2.254816741943e+02 6.369607895613e-02
2.254805450439e+02 3.289251625538e-01
2.254794158936e+02 6.587602496147e-01
2.254782867432e+02 3.520237505436e-01
2.254771575928e+02 7.760886847973e-02
2.254760284424e+02 2.269464731216e-02
2.254748992920e+02 1.284577548504e-01
2.254737701416e+02 2.402150034904e-01
2.254726409912e+02 8.510767221451e-01
2.254715118408e+02 6.443296670914e-01
2.254703826904e+02 2.641307115555e-01
2.254692535400e+02 2.788418233395e-01
2.254681243896e+02 3.948520720005e-01
2.254669952393e+02 5.334186553955e-01
2.254658660889e+02 4.012035131454e-01
2.254647369385e+02 1.071160361171e-01
2.254636077881e+02 -1.054333429784e-02
2.254624786377e+02 -9.737548977137e-02
2.254613494873e+02 -1.325942873955e-01
2.254602203369e+02 -9.870729595423e-02
2.254590911865e+02 -1.659193336964e-01
2.254579620361e+02 -9.937792271376e-02
2.254568328857e+02 -9.391128271818e-02
2.254557037354e+02 -1.141530051827e-01
2.254545745850e+02 -1.533678025007e-01
2.254534454346e+02 -1.046148389578e-01
2.254523315430e+02 -1.690050363541e-01
2.254512023926e+02 -2.227266430855e-01
2.254500732422e+02 -1.848089247942e-01
2.254489440918e+02 -1.563711017370e-01
2.254478149414e+02 -1.009819954634e-01
2.254466857910e+02 -3.070809692144e-02
2.254455566406e+02 4.768018722534e-01
2.254444274902e+02 1.511736392975e+00
2.254432983398e+02 1.107668995857e+00
2.254421691895e+02 5.035392045975e-01
2.254410400391e+02 1.691693216562e-01
2.254399108887e+02 8.468095213175e-02
2.254387817383e+02 -4.716328531504e-02
2.254376525879e+02 -2.995777688920e-02
2.254365234375e+02 2.954613268375e-01
2.254353942871e+02 1.497081637383e+00
2.254342651367e+02 1.893911838531e+00
2.254331359863e+02 6.020551323891e-01
2.254320068359e+02 3.896743357182e-01
2.254308776855e+02 1.342302680016e+00
2.254297485352e+02 1.081357359886e+00
2.254286193848e+02 2.603144347668e-01
2.254274902344e+02 6.798890233040e-02
2.254263610840e+02 -6.008514016867e-02
2.254252319336e+02 -2.883140370250e-02
2.254241027832e+02 5.924396961927e-02
2.254229736328e+02 5.310010537505e-02
2.254218444824e+02 5.152941495180e-02
2.254207153320e+02 1.795311830938e-02
2.254195861816e+02 -1.061928793788e-01
2.254184570312e+02 -2.014165073633e-01
2.254173278809e+02 -2.429148703814e-01
2.254161987305e+02 -1.103284433484e-01
2.254150695801e+02 -2.481701374054e-01
2.254139404297e+02 -1.227910518646e-01
2.254128112793e+02 -1.384357959032e-01
2.254116821289e+02 -2.497669495642e-02
2.254105529785e+02 1.215216666460e-01
2.254094238281e+02 1.086286082864e-01
2.254082946777e+02 -1.355628371239e-01
2.254071655273e+02 -1.578925997019e-01
2.254060363770e+02 6.750609463779e-05
2.254049072266e+02 2.052169293165e-01
2.254037780762e+02 4.373926222324e-01
2.254026489258e+02 5.433879494667e-01
2.254015197754e+02 3.056215345860e-01
2.254003906250e+02 2.315476303920e-03
2.253992614746e+02 -1.428344696760e-01
2.253981323242e+02 -1.222717091441e-01
2.253970031738e+02 -6.137897819281e-02
2.253958740234e+02 -5.195171013474e-02
2.253947448730e+02 -6.825119722635e-03
2.253936157227e+02 -3.680716827512e-02
2.253924865723e+02 -1.055661812425e-01
2.253913574219e+02 -8.087972551584e-02
2.253902282715e+02 5.104716494679e-02
2.253890991211e+02 1.921058893204e-01
2.253879699707e+02 1.039118766785e-01
2.253868408203e+02 -5.137097463012e-02
2.253857116699e+02 -1.205819845200e-01
2.253845825195e+02 -1.811216771603e-01
2.253834533691e+02 -1.312393099070e-01
2.253823242188e+02 -1.007708385587e-01
2.253812103271e+02 -7.385230064392e-02
2.253800811768e+02 -8.442007750273e-02
2.253789520264e+02 -1.596457809210e-01
2.253778228760e+02 -1.977875977755e-01
2.253766937256e+02 -1.938606649637e-01
2.253755645752e+02 -1.795068681240e-01
2.253744354248e+02 -7.521979510784e-02
2.253733062744e+02 -6.535395979881e-02
2.253721771240e+02 -1.621824651957e-01
2.253710479736e+02 -2.143195122480e-01
2.253699188232e+02 -2.420830167830e-02
2.253687896729e+02 1.952711492777e-02
2.253676605225e+02 -6.437700241804e-02
2.253665313721e+02 -5.012769624591e-02
2.253654022217e+02 -2.467311732471e-02
2.253642730713e+02 -1.143911331892e-01
2.253631439209e+02 -2.085916548967e-01
2.253620147705e+02 -1.860430538654e-01
2.253608856201e+02 -1.724144369364e-01
2.253597564697e+02 -1.283905506134e-01
2.253586273193e+02 -4.860836640000e-02
2.253574981689e+02 -5.557828024030e-02
2.253563690186e+02 -3.093961440027e-02
2.253552398682e+02 7.930050045252e-02
2.253541107178e+02 1.346874632873e-03
2.253529815674e+02 2.986921742558e-02
2.253518524170e+02 -1.246662288904e-01
2.253507232666e+02 -6.790183484554e-02
2.253495941162e+02 -8.066591620445e-02
2.253484649658e+02 -6.285421550274e-02
2.253473358154e+02 1.225946545601e-01
2.253462066650e+02 1.464734226465e-01
2.253450775146e+02 3.491535782814e-01
2.253439483643e+02 5.869129896164e-01
2.253428192139e+02 5.354080200195e-01
2.253416900635e+02 3.016622066498e-01
2.253405609131e+02 9.572028368711e-02
2.253394317627e+02 -2.655202336609e-02
2.253383026123e+02 4.612424969673e-02
2.253371734619e+02 3.661483526230e-02
2.253360443115e+02 -2.519813738763e-02
2.253349151611e+02 -2.039160281420e-01
2.253337860107e+02 -9.829836338758e-02
2.253326568604e+02 -9.622415900230e-02
2.253315277100e+02 -3.958690166473e-02
2.253303985596e+02 5.942650139332e-03
2.253292694092e+02 4.747521504760e-02
2.253281402588e+02 5.450055468827e-03
2.253270111084e+02 4.396701231599e-02
2.253258819580e+02 3.880151733756e-02
2.253247528076e+02 -1.399192120880e-02
2.253236236572e+02 -8.819454349577e-03
2.253224945068e+02 -1.030670106411e-01
2.253213653564e+02 -1.119039356709e-01
2.253202362061e+02 -1.113184094429e-01
2.253191070557e+02 -7.513482123613e-02
2.253179779053e+02 7.110428810120e-02
2.253168487549e+02 8.275405317545e-02
2.253157196045e+02 2.662995643914e-02
2.253145904541e+02 4.549198150635e-01
2.253134613037e+02 1.137326359749e+00
2.253123321533e+02 6.981668472290e-01
2.253112182617e+02 2.904215455055e-01
2.253100891113e+02 1.071303367615e+00
2.253089599609e+02 1.090172410011e+00
2.253078308105e+02 3.086950778961e-01
2.253067016602e+02 1.452144235373e-02
2.253055725098e+02 -3.200450167060e-02
2.253044433594e+02 -7.023350894451e-02
2.253033142090e+02 -1.747069135308e-02
2.253021850586e+02 -8.156604133546e-03
2.253010559082e+02 -7.700999826193e-02
2.252999267578e+02 7.078879326582e-02
2.252987976074e+02 1.337696462870e-01
2.252976684570e+02 3.305593430996e-01
2.252965393066e+02 4.209336638451e-01
2.252954101562e+02 3.397208452225e-01
2.252942810059e+02 1.529187262058e-01
2.252931518555e+02 9.843828529119e-02
2.252920227051e+02 4.368181899190e-02
2.252908935547e+02 1.262492388487e-01
2.252897644043e+02 1.345172822475e-01
2.252886352539e+02 -1.958984136581e-02
2.252875061035e+02 9.030923247337e-03
2.252863769531e+02 -2.335485257208e-02
2.252852478027e+02 -6.906434148550e-02
2.252841186523e+02 -1.040750816464e-01
2.252829895020e+02 -1.418617218733e-01
2.252818603516e+02 -6.073248013854e-02
2.252807312012e+02 7.072533965111e-01
2.252796020508e+02 2.296160221100e+00
2.252784729004e+02 1.476884484291e+00
2.252773437500e+02 5.556714534760e-01
2.252762145996e+02 2.436566501856e-01
2.252750854492e+02 1.965137422085e-01
2.252739562988e+02 5.324678868055e-02
2.252728271484e+02 1.334151774645e-01
2.252716979980e+02 2.150400131941e-01
2.252705688477e+02 8.387074470520e-01
2.252694396973e+02 1.638197660446e+00
2.252683105469e+02 2.675920486450e+00
2.252671813965e+02 3.395266771317e+00
2.252660522461e+02 2.250639677048e+00
2.252649230957e+02 1.061989784241e+00
2.252637939453e+02 5.111854672432e-01
2.252626647949e+02 2.998306453228e-01
2.252615356445e+02 3.095640540123e-01
2.252604064941e+02 9.653944969177e-01
2.252592773438e+02 1.182154297829e+00
2.252581481934e+02 7.327783703804e-01
2.252570190430e+02 4.837146401405e-01
2.252558898926e+02 4.305081665516e-01
2.252547607422e+02 1.637159883976e-01
2.252536315918e+02 -4.645405337214e-02
2.252525024414e+02 -1.148615628481e-01
2.252513732910e+02 -9.638732671738e-02
2.252502441406e+02 1.164626851678e-01
2.252491149902e+02 2.160732299089e-01
2.252479858398e+02 2.745269834995e-01
2.252468566895e+02 1.860895156860e-01
2.252457275391e+02 5.497421696782e-02
2.252445983887e+02 1.287933439016e-01
2.252434692383e+02 3.699347376823e-01
2.252423400879e+02 7.879534959793e-01
2.252412109375e+02 1.328055858612e+00
2.252400970459e+02 8.310019969940e-01
2.252389678955e+02 1.313310116529e-01
2.252378387451e+02 5.820443853736e-02
2.252367095947e+02 3.162403106689e-01
2.252355804443e+02 9.949030280113e-01
2.252344512939e+02 1.036581277847e+00
2.252333221436e+02 1.049469470978e+00
2.252321929932e+02 4.348107874393e-01
2.252310638428e+02 2.593238092959e-02
2.252299346924e+02 6.581937521696e-02
2.252288055420e+02 -6.971530616283e-02
2.252276763916e+02 -1.872324943542e-01
2.252265472412e+02 -1.663154512644e-01
2.252254180908e+02 -2.077401131392e-01
2.252242889404e+02 -1.896718591452e-01
2.252231597900e+02 -1.694364994764e-01
2.252220306396e+02 -1.113412678242e-01
2.252209014893e+02 -2.573322877288e-02
2.252197723389e+02 -6.150440499187e-02
2.252186431885e+02 -1.229409500957e-01
2.252175140381e+02 -1.432990878820e-01
2.252163848877e+02 -1.833110302687e-01
2.252152557373e+02 -9.359753131866e-02
2.252141265869e+02 -7.272928208113e-02
2.252129974365e+02 -1.128466576338e-01
2.252118682861e+02 7.483174093068e-03
2.252107391357e+02 -2.304418198764e-02
2.252096099854e+02 1.084164250642e-03
2.252084808350e+02 2.020604349673e-02
2.252073516846e+02 -1.022336911410e-02
2.252062225342e+02 -1.554259657860e-01
2.252050933838e+02 -1.421503871679e-01
2.252039642334e+02 7.666534185410e-02
2.252028350830e+02 4.686706066132e-01
2.252017059326e+02 1.723105549812e+00
2.252005767822e+02 1.467160224915e+00
2.251994476318e+02 5.412680506706e-01
2.251983184814e+02 2.664495706558e-01
2.251971893311e+02 2.253950238228e-01
2.251960601807e+02 2.193474173546e-01
2.251949310303e+02 4.817992076278e-02
2.251938018799e+02 -8.207313716412e-03
2.251926727295e+02 3.119950182736e-02
2.251915435791e+02 1.591403782368e-01
2.251904144287e+02 2.127269357443e-01
2.251892852783e+02 2.329187244177e-01
2.251881561279e+02 3.414011299610e-01
2.251870269775e+02 1.019136309624e+00
2.251858978271e+02 1.719277143478e+00
2.251847686768e+02 4.038213253021e+00
2.251836395264e+02 5.234949111938e+00
2.251825103760e+02 2.849280834198e+00
2.251813812256e+02 8.124178647995e-01
2.251802520752e+02 6.707693338394e-01
2.251791229248e+02 4.815868735313e-01
2.251779937744e+02 2.392682433128e-01
2.251768646240e+02 2.743339538574e-01
2.251757354736e+02 6.016651913524e-02
2.251746063232e+02 -3.914541378617e-02
2.251734771729e+02 -8.461891859770e-02
2.251723480225e+02 -6.521920114756e-02
2.251712188721e+02 -1.587410271168e-01
2.251701049805e+02 -1.017924547195e-01
2.251689758301e+02 -2.834026515484e-02
2.251678466797e+02 -7.867102324963e-02
2.251667175293e+02 -1.035352572799e-01
2.251655883789e+02 -1.065347120166e-01
2.251644592285e+02 -1.329816877842e-01
2.251633300781e+02 2.235229499638e-02
2.251622009277e+02 6.950362920761e-01
2.251610717773e+02 1.158137559891e+00
2.251599426270e+02 5.997021198273e-01
2.251588134766e+02 1.227940917015e-01
2.251576843262e+02 -4.884282499552e-02
2.251565551758e+02 -1.562619805336e-01
2.251554260254e+02 -1.084303781390e-01
2.251542968750e+02 -9.822463989258e-02
2.251531677246e+02 -4.964305087924e-02
2.251520385742e+02 8.054485172033e-02
2.251509094238e+02 1.256195753813e-01
2.251497802734e+02 1.161338686943e-01
2.251486511230e+02 1.281173378229e-01
2.251475219727e+02 3.312266618013e-02
2.251463928223e+02 1.422182619572e-01
2.251452636719e+02 1.208278760314e-01
2.251441345215e+02 3.646914958954e-01
2.251430053711e+02 9.504027962685e-01
2.251418762207e+02 1.492783784866e+00
2.251407470703e+02 2.161001920700e+00
2.251396179199e+02 1.451720833778e+00
2.251384887695e+02 1.031164169312e+00
2.251373596191e+02 5.288386940956e-01
2.251362304688e+02 7.471495270729e-01
2.251351013184e+02 6.881085634232e-01
2.251339721680e+02 3.378803133965e-01
2.251328430176e+02 2.846608757973e-01
2.251317138672e+02 2.652908861637e-01
2.251305847168e+02 1.922576129436e-01
2.251294555664e+02 2.226220257580e-02
2.251283264160e+02 -7.877199351788e-02
2.251271972656e+02 -4.167021438479e-02
2.251260681152e+02 1.221708431840e-01
2.251249389648e+02 1.369132399559e-01
2.251238098145e+02 7.718120217323e-01
2.251226806641e+02 1.650374650955e+00
2.251215515137e+02 2.268801689148e+00
2.251204223633e+02 1.761379361153e+00
2.251192932129e+02 1.115180611610e+00
2.251181640625e+02 1.286806225777e+00
2.251170349121e+02 1.661932945251e+00
2.251159057617e+02 2.257515668869e+00
2.251147766113e+02 1.984028816223e+00
2.251136474609e+02 9.522607326508e-01
2.251125183105e+02 6.142657995224e-01
2.251113891602e+02 2.692650854588e-01
2.251102600098e+02 5.497417598963e-02
2.251091308594e+02 -2.756203152239e-02
2.251080017090e+02 -3.682819381356e-02
2.251068725586e+02 -1.547168940306e-02
2.251057434082e+02 7.369136065245e-02
2.251046142578e+02 9.187539666891e-02
2.251034851074e+02 1.556862592697e-01
2.251023559570e+02 9.073267877102e-02
2.251012268066e+02 -1.967701502144e-02
2.251001129150e+02 -6.916754692793e-02
2.250989837646e+02 -1.906990073621e-02
2.250978546143e+02 -1.086247060448e-02
2.250967254639e+02 8.783392608166e-02
2.250955963135e+02 1.129161417484e-01
2.250944671631e+02 3.696814775467e-01
2.250933380127e+02 4.167536199093e-01
2.250922088623e+02 2.537620961666e-01
2.250910797119e+02 4.731401056051e-02
2.250899505615e+02 -4.139624163508e-02
2.250888214111e+02 -1.293024420738e-01
2.250876922607e+02 -3.056826442480e-02
2.250865631104e+02 3.043621219695e-02
2.250854339600e+02 1.767824962735e-02
2.250843048096e+02 7.642528973520e-03
2.250831756592e+02 4.478767886758e-02
2.250820465088e+02 -1.096900701523e-01
2.250809173584e+02 -1.607367098331e-01
2.250797882080e+02 -6.504489481449e-02
2.250786590576e+02 -4.315966367722e-02
2.250775299072e+02 5.886857584119e-02
2.250764007568e+02 3.916530907154e-01
2.250752716064e+02 3.847496807575e-01
2.250741424561e+02 1.599606275558e-01
2.250730133057e+02 1.716684848070e-01
2.250718841553e+02 1.176281739026e-02
2.250707550049e+02 -2.143742144108e-02
2.250696258545e+02 6.155174225569e-03
2.250684967041e+02 4.352374747396e-02
2.250673675537e+02 5.092739313841e-02
2.250662384033e+02 -8.713587373495e-02
2.250651092529e+02 -1.133442297578e-01
2.250639801025e+02 -5.828284472227e-02
2.250628509521e+02 -8.323927968740e-02
2.250617218018e+02 2.961408346891e-02
2.250605926514e+02 8.030635304749e-03
2.250594635010e+02 2.992627210915e-02
2.250583343506e+02 -6.122466176748e-02
2.250572052002e+02 -9.576570987701e-02
2.250560760498e+02 7.367409020662e-02
2.250549468994e+02 4.968209564686e-02
2.250538177490e+02 2.413745038211e-02
2.250526885986e+02 -1.413714289665e-01
2.250515594482e+02 -1.151301339269e-01
2.250504302979e+02 -5.255492031574e-02
2.250493011475e+02 2.355133648962e-03
2.250481719971e+02 7.492163777351e-02
2.250470428467e+02 -6.828611250967e-03
2.250459136963e+02 5.801306664944e-02
2.250447845459e+02 -4.560276493430e-02
2.250436553955e+02 3.082533925772e-02
2.250425262451e+02 5.397348850965e-02
2.250413970947e+02 2.433833330870e-01
2.250402679443e+02 1.276982426643e+00
2.250391387939e+02 1.488362073898e+00
2.250380096436e+02 7.063814401627e-01
2.250368804932e+02 2.396421507001e-02
2.250357513428e+02 -3.159098792821e-03
2.250346221924e+02 -4.643039777875e-02
2.250334930420e+02 8.838713169098e-02
2.250323638916e+02 2.971450686455e-01
2.250312347412e+02 4.540113210678e-01
2.250301055908e+02 3.186673820019e-01
2.250289916992e+02 1.033245548606e-01
2.250278625488e+02 8.392279967666e-03
2.250267333984e+02 -7.903829216957e-02
2.250256042480e+02 -2.847133278847e-01
2.250244750977e+02 -8.314636349678e-02
2.250233459473e+02 7.598885148764e-02
2.250222167969e+02 1.858448609710e-02
2.250210876465e+02 4.121315141674e-04
2.250199584961e+02 -2.988056652248e-02
2.250188293457e+02 -4.357331246138e-02
2.250177001953e+02 -4.237439855933e-02
2.250165710449e+02 1.084954664111e-02
2.250154418945e+02 -4.663960263133e-02
2.250143127441e+02 -4.695202410221e-02
2.250131835938e+02 3.264164924622e-02
2.250120544434e+02 1.726291514933e-02
2.250109252930e+02 3.133529722691e-01
2.250097961426e+02 8.962288498878e-01
2.250086669922e+02 1.519994258881e+00
2.250075378418e+02 2.515522480011e+00
2.250064086914e+02 2.690142869949e+00
2.250052795410e+02 1.445754408836e+00
2.250041503906e+02 7.557790279388e-01
2.250030212402e+02 4.510456621647e-01
2.250018920898e+02 5.052438974380e-01
2.250007629395e+02 4.028280079365e-01
2.249996337891e+02 3.791354894638e-01
2.249985046387e+02 2.400090247393e-01
2.249973754883e+02 8.737856522202e-03
2.249962463379e+02 -8.742822706699e-02
2.249951171875e+02 -1.070460304618e-01
2.249939880371e+02 7.214374095201e-02
2.249928588867e+02 1.162441000342e-01
2.249917297363e+02 -1.099685113877e-02
2.249906005859e+02 -8.956200629473e-02
2.249894714355e+02 4.005857277662e-03
2.249883422852e+02 9.359033405781e-02
2.249872131348e+02 8.707718551159e-02
2.249860839844e+02 4.885980114341e-02
2.249849548340e+02 -1.562296971679e-02
2.249838256836e+02 -7.810818031430e-03
2.249826965332e+02 -1.135721709579e-02
2.249815673828e+02 -2.478467673063e-02
2.249804382324e+02 5.320353806019e-02
2.249793090820e+02 2.186875492334e-01
2.249781799316e+02 4.217962026596e-01
2.249770507812e+02 1.241666078568e+00
2.249759216309e+02 1.181612372398e+00
2.249747924805e+02 4.219993054867e-01
2.249736633301e+02 9.126960486174e-02
2.249725341797e+02 -7.520755380392e-02
2.249714050293e+02 -5.356393754482e-02
2.249702758789e+02 4.042015597224e-02
2.249691467285e+02 5.843773484230e-02
2.249680175781e+02 -3.611176460981e-02
2.249668884277e+02 4.877251014113e-02
2.249657592773e+02 -1.268231775612e-02
2.249646301270e+02 -7.968479394913e-02
2.249635009766e+02 6.818860769272e-02
2.249623718262e+02 5.224482417107e-01
2.249612426758e+02 1.272893786430e+00
2.249601135254e+02 2.160406112671e+00
2.249589996338e+02 2.597546100616e+00
2.249578704834e+02 1.591717600822e+00
2.249567413330e+02 7.602252960205e-01
2.249556121826e+02 6.503605842590e-01
2.249544830322e+02 4.712894856930e-01
2.249533538818e+02 4.201766848564e-01
2.249522247314e+02 2.484150677919e-01
2.249510955811e+02 1.429071463645e-02
2.249499664307e+02 -1.518140640110e-02
2.249488372803e+02 -7.898974418640e-02
2.249477081299e+02 9.592385962605e-03
2.249465789795e+02 1.944195032120e-01
2.249454498291e+02 5.050776600838e-01
2.249443206787e+02 9.549697041512e-01
2.249431915283e+02 1.586288213730e+00
2.249420623779e+02 2.202032566071e+00
2.249409332275e+02 1.438084602356e+00
2.249398040771e+02 6.547586917877e-01
2.249386749268e+02 6.431019902229e-01
2.249375457764e+02 1.023734688759e+00
2.249364166260e+02 5.421776771545e-01
2.249352874756e+02 2.625017166138e-01
2.249341583252e+02 2.854315750301e-02
2.249330291748e+02 -7.153563946486e-02
2.249319000244e+02 -9.204065054655e-02
2.249307708740e+02 -3.868321329355e-02
2.249296417236e+02 -3.696459904313e-02
2.249285125732e+02 5.767204985023e-02
2.249273834229e+02 1.054575219750e-01
2.249262542725e+02 1.189498454332e-01
2.249251251221e+02 2.354382574558e-01
2.249239959717e+02 2.354584485292e-01
2.249228668213e+02 1.524941027164e-01
2.249217376709e+02 1.346956342459e-01
2.249206085205e+02 2.903060913086e-01
2.249194793701e+02 3.198244571686e-01
2.249183502197e+02 3.093995451927e-01
2.249172210693e+02 2.645574808121e-01
2.249160919189e+02 3.523829579353e-01
2.249149627686e+02 7.441367506981e-01
2.249138336182e+02 8.597979545593e-01
2.249127044678e+02 4.452822208405e-01
2.249115753174e+02 8.913130313158e-02
2.249104461670e+02 1.224987581372e-01
2.249093170166e+02 4.721989333630e-01
2.249081878662e+02 4.711970686913e-01
2.249070587158e+02 1.689492017031e-01
2.249059295654e+02 1.192662306130e-02
2.249048004150e+02 1.388891190290e-01
2.249036712646e+02 3.036037087440e-01
2.249025421143e+02 3.067882359028e-01
2.249014129639e+02 2.750314213336e-02
2.249002838135e+02 8.846861310303e-03
2.248991546631e+02 -1.804513484240e-02
2.248980255127e+02 -2.921308763325e-02
2.248968963623e+02 -1.234742552042e-01
2.248957672119e+02 -1.093862280250e-01
2.248946380615e+02 -2.719577029347e-02
2.248935089111e+02 9.032911807299e-02
2.248923797607e+02 1.073035150766e-01
2.248912506104e+02 8.926894515753e-02
2.248901214600e+02 4.117763787508e-02
2.248889923096e+02 -1.232512854040e-02
2.248878784180e+02 -2.409847074887e-04
2.248867492676e+02 -1.516677439213e-01
2.248856201172e+02 -1.756348460913e-01
2.248844909668e+02 -3.561151772738e-02
2.248833618164e+02 -1.311089396477e-01
2.248822326660e+02 -8.402131497860e-02
2.248811035156e+02 -6.297085434198e-02
2.248799743652e+02 -1.445278078318e-01
2.248788452148e+02 -9.931703098118e-03
2.248777160645e+02 -6.314595788717e-02
2.248765869141e+02 -3.756534308195e-02
2.248754577637e+02 9.582443535328e-02
2.248743286133e+02 4.063333272934e-01
2.248731994629e+02 3.915816843510e-01
2.248720703125e+02 1.154832467437e-01
2.248709411621e+02 3.380890935659e-02
2.248698120117e+02 -5.062748212367e-03
2.248686828613e+02 3.446983173490e-02
2.248675537109e+02 1.152193099260e-01
2.248664245605e+02 6.999867409468e-02
2.248652954102e+02 -3.310713544488e-02
2.248641662598e+02 -5.837997049093e-02
2.248630371094e+02 -1.682622171938e-02
2.248619079590e+02 5.274887755513e-02
2.248607788086e+02 1.051212400198e-01
2.248596496582e+02 1.868197172880e-01
2.248585205078e+02 2.556165456772e-01
2.248573913574e+02 1.323024034500e-01
2.248562622070e+02 1.178539395332e-01
2.248551330566e+02 5.136971473694e-01
2.248540039062e+02 1.845153808594e+00
2.248528747559e+02 1.441639661789e+00
2.248517456055e+02 3.592894077301e-01
2.248506164551e+02 1.104933992028e-01
2.248494873047e+02 8.994926512241e-02
2.248483581543e+02 -1.025062128901e-01
2.248472290039e+02 -4.919931665063e-02
2.248460998535e+02 -1.611553691328e-02
2.248449707031e+02 -1.364653278142e-02
2.248438415527e+02 -5.445454642177e-02
2.248427124023e+02 -5.957508832216e-02
2.248415832520e+02 6.070116162300e-02
2.248404541016e+02 -1.427640952170e-02
2.248393249512e+02 2.236168459058e-02
2.248381958008e+02 5.046464875340e-02
2.248370666504e+02 4.789199307561e-02
2.248359375000e+02 1.595160067081e-01
2.248348083496e+02 8.482799865305e-03
2.248336791992e+02 -1.095015481114e-01
2.248325500488e+02 -1.397820860147e-01
2.248314208984e+02 -8.356018364429e-02
2.248302917480e+02 -1.339050680399e-01
2.248291625977e+02 -1.230108588934e-01
2.248280334473e+02 -7.625357061625e-02
2.248269042969e+02 -3.228083997965e-02
2.248257751465e+02 -2.908658981323e-02
2.248246459961e+02 -9.701636433601e-02
2.248235168457e+02 -1.167537942529e-01
2.248223876953e+02 -6.031567696482e-03
2.248212585449e+02 5.755967646837e-02
2.248201293945e+02 3.176752328873e-01
2.248190002441e+02 6.260619163513e-01
2.248178863525e+02 4.917422533035e-01
2.248167572021e+02 1.448610424995e-01
2.248156280518e+02 -1.040965914726e-01
2.248144989014e+02 -1.127364560962e-01
2.248133697510e+02 -1.630148105323e-02
2.248122406006e+02 1.796124503016e-02
2.248111114502e+02 -2.214100584388e-02
2.248099822998e+02 -9.500899165869e-02
2.248088531494e+02 -1.316014677286e-01
2.248077239990e+02 -1.231150329113e-01
2.248065948486e+02 -4.275667294860e-02
2.248054656982e+02 8.149836212397e-02
2.248043365479e+02 9.466706961393e-02
2.248032073975e+02 3.723092377186e-02
2.248020782471e+02 1.285934746265e-01
2.248009490967e+02 3.113089799881e-01
2.247998199463e+02 1.900544613600e-01
2.247986907959e+02 9.787425398827e-03
2.247975616455e+02 3.079877048731e-02
2.247964324951e+02 4.134752601385e-02
2.247953033447e+02 -4.704368114471e-02
2.247941741943e+02 -8.612176030874e-02
2.247930450439e+02 -1.189937964082e-01
2.247919158936e+02 -6.954827159643e-02
2.247907867432e+02 -1.172600090504e-01
2.247896575928e+02 -9.716794639826e-02
2.247885284424e+02 -1.187182739377e-01
2.247873992920e+02 -2.850152365863e-02
2.247862701416e+02 1.565658301115e-01
2.247851409912e+02 3.672532737255e-01
2.247840118408e+02 1.674070507288e-01
2.247828826904e+02 6.158630922437e-02
2.247817535400e+02 2.065519616008e-02
2.247806243896e+02 -2.022128552198e-02
2.247794952393e+02 2.853511646390e-02
2.247783660889e+02 -1.202865913510e-01
2.247772369385e+02 -1.668766885996e-01
2.247761077881e+02 -8.774277567863e-02
2.247749786377e+02 -2.691687829792e-02
2.247738494873e+02 4.066830128431e-02
2.247727203369e+02 1.074328869581e-01
2.247715911865e+02 1.468814313412e-01
2.247704620361e+02 4.337954819202e-01
2.247693328857e+02 2.942937016487e-01
2.247682037354e+02 3.462119773030e-02
2.247670745850e+02 -2.987858606502e-03
2.247659454346e+02 -3.374627232552e-02
2.247648162842e+02 3.365859761834e-02
2.247636871338e+02 -1.275590956211e-01
2.247625579834e+02 -3.655068948865e-02
2.247614288330e+02 -6.830660998821e-02
2.247602996826e+02 -7.489196211100e-02
2.247591705322e+02 3.510522469878e-02
2.247580413818e+02 1.652063131332e-01
2.247569122314e+02 5.975257605314e-02
2.247557830811e+02 5.634212121367e-02
2.247546539307e+02 1.335521787405e-01
2.247535247803e+02 7.189792394638e-02
2.247523956299e+02 6.797502189875e-02
2.247512664795e+02 6.671963632107e-02
2.247501373291e+02 5.038416385651e-02
2.247490081787e+02 -1.930271685123e-01
2.247478790283e+02 -6.233323365450e-02
2.247467651367e+02 2.506008446217e-01
2.247456359863e+02 2.369121313095e+00
2.247445068359e+02 3.467667102814e+00
2.247433776855e+02 2.584609203041e-03
2.247422485352e+02 -2.520219385624e-01
2.247411193848e+02 -6.019578501582e-02
2.247399902344e+02 -5.405951663852e-02
2.247388610840e+02 -4.017912596464e-02
2.247377319336e+02 -1.224894300103e-01
2.247366027832e+02 -1.361687481403e-01
2.247354736328e+02 6.597628444433e-02
2.247343444824e+02 1.781733781099e-01
2.247332153320e+02 7.191657423973e-01
2.247320861816e+02 1.662480950356e+00
2.247309570312e+02 5.645158767700e+00
2.247298278809e+02 8.281929016113e+00
2.247286987305e+02 4.388941764832e+00
2.247275695801e+02 1.700701713562e+00
2.247264404297e+02 5.269516110420e-01
2.247253112793e+02 4.147854447365e-01
2.247241821289e+02 2.339902073145e-01
2.247230529785e+02 1.499935835600e-01
2.247219238281e+02 5.614622309804e-02
2.247207946777e+02 3.351999446750e-02
2.247196655273e+02 -1.350571066141e-01
2.247185363770e+02 -1.403324306011e-01
2.247174072266e+02 -8.473267406225e-02
2.247162780762e+02 -1.111278831959e-01
2.247151489258e+02 -2.914416044950e-02
2.247140197754e+02 3.435689508915e-01
2.247128906250e+02 5.505092740059e-01
2.247117614746e+02 2.093936204910e-01
2.247106323242e+02 -7.386160641909e-02
2.247095031738e+02 -1.478217989206e-01
2.247083740234e+02 -1.908261328936e-01
2.247072448730e+02 -1.084949821234e-01
2.247061157227e+02 -6.184948980808e-02
2.247049865723e+02 -1.443155556917e-01
2.247038574219e+02 -1.187664791942e-01
2.247027282715e+02 -1.819084882736e-01
2.247015991211e+02 8.346503227949e-02
2.247004699707e+02 2.065048515797e-01
2.246993408203e+02 -5.615080520511e-02
2.246982116699e+02 -8.787931501865e-02
2.246970825195e+02 1.312822755426e-02
2.246959533691e+02 2.939050272107e-02
2.246948242188e+02 -9.042286127806e-02
2.246936950684e+02 -6.265497952700e-02
2.246925659180e+02 -4.733071476221e-02
2.246914367676e+02 6.541868299246e-02
2.246903076172e+02 -1.608123071492e-02
2.246891784668e+02 -6.324136257172e-02
2.246880493164e+02 1.956277154386e-02
2.246869201660e+02 1.210245639086e-01
2.246857910156e+02 -1.969510875642e-02
2.246846618652e+02 -1.288337633014e-02
2.246835327148e+02 -7.743378169835e-03
2.246824035645e+02 -7.497019600123e-03
2.246812744141e+02 2.584172599018e-02
2.246801452637e+02 7.868589460850e-02
2.246790161133e+02 2.644279599190e-02
2.246778869629e+02 2.460104972124e-01
2.246767730713e+02 2.194277197123e-01
2.246756439209e+02 5.749338492751e-02
2.246745147705e+02 9.783537127078e-03
2.246733856201e+02 6.442458927631e-02
2.246722564697e+02 1.119500324130e-01
2.246711273193e+02 2.619285285473e-01
2.246699981689e+02 7.835384011269e-01
2.246688690186e+02 1.105610609055e+00
2.246677398682e+02 5.867884755135e-01
2.246666107178e+02 2.220303565264e-01
2.246654815674e+02 2.186458110809e-01
2.246643524170e+02 2.125958055258e-01
2.246632232666e+02 4.033967256546e-01
2.246620941162e+02 3.356299996376e-01
2.246609649658e+02 3.499969542027e-01
2.246598358154e+02 3.067979812622e-01
2.246587066650e+02 1.271994709969e-01
2.246575775146e+02 2.024005949497e-01
2.246564483643e+02 4.614164307714e-02
2.246553192139e+02 -3.950188681483e-02
2.246541900635e+02 4.826275259256e-02
2.246530609131e+02 8.428030461073e-02
2.246519317627e+02 -1.336478143930e-01
2.246508026123e+02 -6.648985296488e-02
2.246496734619e+02 -3.413896262646e-02
2.246485443115e+02 -4.594951868057e-02
2.246474151611e+02 2.692439779639e-02
2.246462860107e+02 -4.584455117583e-02
2.246451568604e+02 -6.643340736628e-02
2.246440277100e+02 -8.576121926308e-02
2.246428985596e+02 -8.252665400505e-02
2.246417694092e+02 5.338893532753e-01
2.246406402588e+02 1.770722866058e+00
2.246395111084e+02 2.141406536102e+00
2.246383819580e+02 6.846770048141e-01
2.246372528076e+02 2.159207314253e-01
2.246361236572e+02 1.639061570168e-01
2.246349945068e+02 1.233256012201e-01
2.246338653564e+02 -5.297561362386e-02
2.246327362061e+02 -4.910123348236e-02
2.246316070557e+02 5.967846885324e-02
2.246304779053e+02 2.158318459988e-01
2.246293487549e+02 4.385526180267e-01
2.246282196045e+02 5.256075263023e-01
2.246270904541e+02 3.794828653336e-01
2.246259613037e+02 1.795326769352e-01
2.246248321533e+02 4.767858237028e-02
2.246237030029e+02 7.286964356899e-02
2.246225738525e+02 5.204033479095e-02
2.246214447021e+02 9.725491702557e-02
2.246203155518e+02 1.517895460129e-01
2.246191864014e+02 1.358857899904e-01
2.246180572510e+02 4.755491018295e-01
2.246169281006e+02 6.862960457802e-01
2.246157989502e+02 1.045363903046e+00
2.246146697998e+02 1.441863775253e+00
2.246135406494e+02 2.088767051697e+00
2.246124114990e+02 1.801292181015e+00
2.246112823486e+02 7.697975635529e-01
2.246101531982e+02 3.696443438530e-01
2.246090240479e+02 1.204282492399e-01
2.246078948975e+02 1.162079349160e-01
2.246067810059e+02 1.885352432728e-01
2.246056518555e+02 1.734704375267e-01
2.246045227051e+02 1.924764364958e-01
2.246033935547e+02 1.214028522372e-01
2.246022644043e+02 9.874837473035e-03
2.246011352539e+02 -2.471788413823e-02
2.246000061035e+02 1.847645826638e-02
2.245988769531e+02 2.562040276825e-02
2.245977478027e+02 1.489800661802e-01
2.245966186523e+02 2.911911010742e-01
2.245954895020e+02 3.530908823013e-01
2.245943603516e+02 2.895460426807e-01
2.245932312012e+02 1.422364562750e-01
2.245921020508e+02 1.221235245466e-01
2.245909729004e+02 5.737043917179e-02
2.245898437500e+02 1.474954187870e-01
2.245887145996e+02 3.624026179314e-01
2.245875854492e+02 2.802959978580e-01
2.245864562988e+02 7.847485691309e-02
2.245853271484e+02 1.995942592621e-01
2.245841979980e+02 5.033965706825e-01
2.245830688477e+02 1.093134045601e+00
2.245819396973e+02 1.094069600105e+00
2.245808105469e+02 1.069577932358e+00
2.245796813965e+02 9.424539804459e-01
2.245785522461e+02 2.798890769482e-01
2.245774230957e+02 2.570480406284e-01
2.245762939453e+02 1.241538152099e-01
2.245751647949e+02 -1.362601178698e-03
2.245740356445e+02 -2.236948348582e-02
2.245729064941e+02 9.366347454488e-03
2.245717773438e+02 1.361298114061e-01
2.245706481934e+02 1.924645900726e-01
2.245695190430e+02 1.057604029775e-01
2.245683898926e+02 1.428091675043e-01
2.245672607422e+02 9.925385564566e-02
2.245661315918e+02 -8.655391633511e-02
2.245650024414e+02 -1.601435840130e-01
2.245638732910e+02 -1.533945053816e-01
2.245627441406e+02 -4.047565162182e-02
2.245616149902e+02 -8.436223119497e-02
2.245604858398e+02 -1.002578586340e-01
2.245593566895e+02 -3.980175778270e-02
2.245582275391e+02 -1.206835880876e-01
2.245570983887e+02 8.887058496475e-02
2.245559692383e+02 4.193836748600e-01
2.245548400879e+02 5.767254829407e-01
2.245537109375e+02 2.611679136753e-01
2.245525817871e+02 6.438411772251e-02
2.245514526367e+02 -4.899283871055e-02
2.245503234863e+02 -2.893832698464e-02
2.245491943359e+02 2.867667749524e-02
2.245480651855e+02 2.158724963665e-01
2.245469360352e+02 3.566452860832e-01
2.245458068848e+02 3.371255695820e-01
2.245446777344e+02 2.832684218884e-01
2.245435485840e+02 4.078782200813e-01
2.245424194336e+02 4.908233284950e-01
2.245412902832e+02 4.749509990215e-01
2.245401611328e+02 2.449111193419e-01
2.245390319824e+02 1.634449213743e-01
2.245379028320e+02 2.099253423512e-02
2.245367736816e+02 7.203458249569e-02
2.245356597900e+02 4.004524350166e-01
2.245345306396e+02 8.559052944183e-01
2.245334014893e+02 8.182706832886e-01
2.245322723389e+02 7.176679968834e-01
2.245311431885e+02 5.089111924171e-01
2.245300140381e+02 2.951366007328e-01
2.245288848877e+02 2.564635574818e-01
2.245277557373e+02 1.600919365883e-01
2.245266265869e+02 3.564628660679e-01
2.245254974365e+02 6.103740930557e-01
2.245243682861e+02 5.994691252708e-01
2.245232391357e+02 4.638736248016e-01
2.245221099854e+02 6.963989138603e-01
2.245209808350e+02 5.875715017319e-01
2.245198516846e+02 2.494395822287e-01
2.245187225342e+02 7.315132766962e-02
2.245175933838e+02 1.115216463804e-01
2.245164642334e+02 -2.083814702928e-02
2.245153350830e+02 -1.116336584091e-01
2.245142059326e+02 -1.072107404470e-01
2.245130767822e+02 1.289379149675e-01
2.245119476318e+02 2.771236896515e-01
2.245108184814e+02 1.120256781578e-01
2.245096893311e+02 7.116223871708e-02
2.245085601807e+02 -3.888825327158e-02
2.245074310303e+02 -5.753842741251e-02
2.245063018799e+02 8.674842119217e-02
2.245051727295e+02 2.545895874500e-01
2.245040435791e+02 2.494046390057e-01
2.245029144287e+02 1.061741188169e-01
2.245017852783e+02 6.242040172219e-02
2.245006561279e+02 -1.084425579756e-02
2.244995269775e+02 5.143615230918e-02
2.244983978271e+02 1.133958250284e-01
2.244972686768e+02 2.681272029877e-01
2.244961395264e+02 1.871123760939e-01
2.244950103760e+02 1.075655072927e-01
2.244938812256e+02 9.102058410645e-02
2.244927520752e+02 1.869159340858e-01
2.244916229248e+02 2.828835844994e-01
2.244904937744e+02 6.138745546341e-01
2.244893646240e+02 9.054355025291e-01
2.244882354736e+02 7.639819979668e-01
2.244871063232e+02 4.031507074833e-01
2.244859771729e+02 7.339425384998e-02
2.244848480225e+02 4.061723873019e-02
2.244837188721e+02 -3.944857791066e-02
2.244825897217e+02 2.981444075704e-02
2.244814605713e+02 -5.070015415549e-02
2.244803314209e+02 4.417431540787e-03
2.244792022705e+02 9.330308437347e-02
2.244780731201e+02 2.453496903181e-01
2.244769439697e+02 1.761752516031e-01
2.244758148193e+02 1.470186412334e-01
2.244746856689e+02 3.353737592697e-01
2.244735565186e+02 6.219141483307e-01
2.244724273682e+02 3.255362510681e-01
2.244712982178e+02 9.545801579952e-02
2.244701690674e+02 -4.361715167761e-02
2.244690399170e+02 -3.058043867350e-02
2.244679107666e+02 -1.085238158703e-01
2.244667816162e+02 -1.618825793266e-01
2.244656677246e+02 -8.145228028297e-02
2.244645385742e+02 -1.898295134306e-01
2.244634094238e+02 -1.270408481359e-01
2.244622802734e+02 9.179053828120e-03
2.244611511230e+02 -5.029008723795e-03
2.244600219727e+02 -4.943502321839e-02
2.244588928223e+02 4.055336862803e-02
2.244577636719e+02 -5.574096739292e-02
2.244566345215e+02 -1.632151305676e-01
2.244555053711e+02 -1.047489196062e-01
2.244543762207e+02 -5.652147531509e-02
2.244532470703e+02 -7.224622368813e-02
2.244521179199e+02 1.102816760540e-01
2.244509887695e+02 8.710303902626e-01
2.244498596191e+02 1.087563991547e+00
2.244487304688e+02 5.210433602333e-01
2.244476013184e+02 3.663102537394e-02
2.244464721680e+02 -1.255389750004e-01
2.244453430176e+02 -1.097027584910e-01
2.244442138672e+02 -1.046072989702e-01
2.244430847168e+02 -4.869224876165e-02
2.244419555664e+02 6.841027643532e-03
2.244408264160e+02 6.684509664774e-02
2.244396972656e+02 1.460051089525e-01
2.244385681152e+02 1.744312494993e-01
2.244374389648e+02 5.509744286537e-01
2.244363098145e+02 9.442950487137e-01
2.244351806641e+02 7.446919679642e-01
2.244340515137e+02 3.510225713253e-01
2.244329223633e+02 9.745700657368e-02
2.244317932129e+02 -4.352534189820e-02
2.244306640625e+02 1.948871649802e-02
2.244295349121e+02 -1.198322139680e-02
2.244284057617e+02 9.031033841893e-04
2.244272766113e+02 9.220885485411e-02
2.244261474609e+02 8.658658713102e-02
2.244250183105e+02 1.805718094110e-01
2.244238891602e+02 8.186423778534e-02
2.244227600098e+02 6.435820460320e-02
2.244216308594e+02 1.818535476923e-02
2.244205017090e+02 1.434650272131e-02
2.244193725586e+02 9.917160868645e-02
2.244182434082e+02 4.134848341346e-02
2.244171142578e+02 4.834787175059e-02
2.244159851074e+02 -2.012775838375e-02
2.244148559570e+02 1.182534359396e-02
2.244137268066e+02 9.530217200518e-02
2.244125976562e+02 2.025385499001e-01
2.244114685059e+02 3.366587162018e-01
2.244103393555e+02 3.641091883183e-01
2.244092102051e+02 3.143899142742e-01
2.244080810547e+02 1.823484152555e-01
2.244069519043e+02 1.085139811039e-01
2.244058227539e+02 1.988707035780e-01
2.244046936035e+02 4.963276684284e-01
2.244035644531e+02 3.370095789433e-01
2.244024353027e+02 1.166720092297e-01
2.244013061523e+02 -4.897277429700e-02
2.244001770020e+02 2.869458310306e-02
2.243990478516e+02 5.884163081646e-02
2.243979187012e+02 4.967007040977e-02
2.243967895508e+02 -1.664838567376e-02
2.243956604004e+02 -4.431359469891e-02
2.243945465088e+02 5.594017356634e-02
2.243934173584e+02 6.348714977503e-02
2.243922882080e+02 1.870719939470e-01
2.243911590576e+02 1.146710664034e-01
2.243900299072e+02 3.467136621475e-02
2.243889007568e+02 -6.065210327506e-03
2.243877716064e+02 -5.801302939653e-02
2.243866424561e+02 -4.550507292151e-02
2.243855133057e+02 -9.384325146675e-02
2.243843841553e+02 -1.496214568615e-01
2.243832550049e+02 -4.508889839053e-02
2.243821258545e+02 -5.937234684825e-02
2.243809967041e+02 -9.917002171278e-02
2.243798675537e+02 -4.839536547661e-02
2.243787384033e+02 6.805266253650e-03
2.243776092529e+02 3.827462717891e-02
2.243764801025e+02 -2.361302264035e-02
2.243753509521e+02 1.121362596750e-01
2.243742218018e+02 1.328599452972e-01
2.243730926514e+02 1.682321280241e-01
2.243719635010e+02 1.868617534637e-01
2.243708343506e+02 1.386580020189e-01
2.243697052002e+02 1.480680406094e-01
2.243685760498e+02 2.774435095489e-02
2.243674468994e+02 -1.592093110085e-01
2.243663177490e+02 -1.210910528898e-01
2.243651885986e+02 -5.629574134946e-02
2.243640594482e+02 5.006372928619e-02
2.243629302979e+02 2.362415008247e-02
2.243618011475e+02 -1.539214514196e-02
2.243606719971e+02 3.280014693737e-01
2.243595428467e+02 2.950686216354e+00
2.243584136963e+02 5.001223087311e+00
2.243572845459e+02 4.468820571899e+00
2.243561553955e+02 1.933765769005e+00
2.243550262451e+02 3.527443706989e-01
2.243538970947e+02 -1.346696540713e-02
2.243527679443e+02 6.152645125985e-02
2.243516387939e+02 -1.850558631122e-02
2.243505096436e+02 1.750825531781e-02
2.243493804932e+02 2.165831066668e-02
2.243482513428e+02 -4.046468436718e-02
2.243471221924e+02 -3.050044551492e-02
2.243459930420e+02 2.091874033213e-01
2.243448638916e+02 1.177634239197e+00
2.243437347412e+02 2.520446062088e+00
2.243426055908e+02 1.333829522133e+00
2.243414764404e+02 3.683933615685e-01
2.243403472900e+02 6.739039719105e-02
2.243392181396e+02 4.253931716084e-02
2.243380889893e+02 3.412114083767e-02
2.243369598389e+02 1.507756114006e-01
2.243358306885e+02 2.113215327263e-01
2.243347015381e+02 2.202514410019e-01
2.243335723877e+02 9.299118071795e-02
2.243324432373e+02 1.695058792830e-01
2.243313140869e+02 1.755693405867e-01
2.243301849365e+02 3.625905811787e-01
2.243290557861e+02 4.732684195042e-01
2.243279266357e+02 2.869668304920e-01
2.243267974854e+02 4.052119329572e-02
2.243256683350e+02 -3.124597668648e-02
2.243245544434e+02 -6.520364433527e-02
2.243234252930e+02 1.656862646341e-01
2.243222961426e+02 9.378086030483e-02
2.243211669922e+02 5.489098653197e-02
2.243200378418e+02 1.991387158632e-01
2.243189086914e+02 3.499291837215e-01
2.243177795410e+02 5.213178992271e-01
2.243166503906e+02 2.202753275633e-01
2.243155212402e+02 3.497746773064e-03
2.243143920898e+02 -1.509706526995e-01
2.243132629395e+02 1.031184569001e-02
2.243121337891e+02 -1.289707515389e-02
2.243110046387e+02 -3.971166908741e-02
2.243098754883e+02 -1.071990206838e-01
2.243087463379e+02 -7.994490861893e-02
2.243076171875e+02 4.371560364962e-02
2.243064880371e+02 -4.648390412331e-02
2.243053588867e+02 3.954990208149e-02
2.243042297363e+02 1.607195734978e-01
2.243031005859e+02 1.680193245411e-01
2.243019714355e+02 1.918097585440e-01
2.243008422852e+02 1.474263519049e-01
2.242997131348e+02 2.375237345695e-01
2.242985839844e+02 4.605826735497e-01
2.242974548340e+02 8.186160922050e-01
2.242963256836e+02 1.892645716667e+00
2.242951965332e+02 3.018375873566e+00
2.242940673828e+02 2.346610784531e+00
2.242929382324e+02 1.129246473312e+00
2.242918090820e+02 4.794938564301e-01
2.242906799316e+02 2.067864239216e-01
2.242895507812e+02 2.645570039749e-01
2.242884216309e+02 1.481474339962e-01
2.242872924805e+02 2.033006213605e-02
2.242861633301e+02 -1.102863997221e-01
2.242850341797e+02 6.901285960339e-04
2.242839050293e+02 -1.276983618736e-01
2.242827758789e+02 7.721171132289e-04
2.242816467285e+02 6.188801303506e-02
2.242805175781e+02 8.808767050505e-02
2.242793884277e+02 9.647279232740e-02
2.242782592773e+02 1.084946393967e-01
2.242771301270e+02 1.968326047063e-02
2.242760009766e+02 -5.478461831808e-02
2.242748718262e+02 -1.174583062530e-01
2.242737426758e+02 -2.102336138487e-01
2.242726135254e+02 -1.017114147544e-01
2.242714843750e+02 -6.361908465624e-02
2.242703552246e+02 -5.999784544110e-02
2.242692260742e+02 -2.574719674885e-02
2.242680969238e+02 2.774519659579e-02
2.242669677734e+02 5.368618667126e-02
2.242658386230e+02 -9.245613217354e-02
2.242647094727e+02 -2.234368324280e-01
2.242635803223e+02 7.414192077704e-04
2.242624511719e+02 -2.514301799238e-03
2.242613220215e+02 -1.111143678427e-01
2.242601928711e+02 -3.835289925337e-02
2.242590637207e+02 -1.091032475233e-01
2.242579345703e+02 -6.153564900160e-02
2.242568054199e+02 -2.380238845944e-02
2.242556762695e+02 9.226119518280e-02
2.242545471191e+02 2.722479701042e-01
2.242534332275e+02 4.377672672272e-01
2.242523040771e+02 5.191164612770e-01
2.242511749268e+02 3.386017084122e-01
2.242500457764e+02 6.233848258853e-02
2.242489166260e+02 -3.392796218395e-02
2.242477874756e+02 6.807675957680e-02
2.242466583252e+02 1.648949086666e-01
2.242455291748e+02 2.104416340590e-01
2.242444000244e+02 8.200108259916e-02
2.242432708740e+02 -1.046303287148e-01
2.242421417236e+02 -7.299710065126e-02
2.242410125732e+02 1.404349356890e-01
2.242398834229e+02 2.513695955276e-01
2.242387542725e+02 1.255075693130e+00
2.242376251221e+02 1.714599609375e+00
2.242364959717e+02 1.241506814957e+00
