#title: Spectral profile - G326.6618+00.5207_SPW_2.image.pbcor.fits-raster
#region (world): Rectangle[[15:45:02.92, -54d09m03.589], [15:45:02.807, -54d09m02.59]]
#region (pixel): Rectangle[[171, 175], [179, 183]]
#coordinate: world
#xLabel: frequency [GHz]
#yLabel: [Kelvin] Mean

# G326.6618+00.5207_SPW_2.image.pbcor.fits-raster
2.279981384277e+02 1.624123692513e+00
2.279970092773e+02 1.579414725304e+00
2.279958801270e+02 1.730904459953e+00
2.279947509766e+02 1.405665636063e+00
2.279936370850e+02 1.047463059425e+00
2.279925079346e+02 9.199250936508e-01
2.279913787842e+02 8.031293749809e-01
2.279902496338e+02 6.802234649658e-01
2.279891204834e+02 4.073617160320e-01
2.279879913330e+02 2.949343025684e-01
2.279868621826e+02 3.408910930157e-01
2.279857330322e+02 3.352139890194e-01
2.279846038818e+02 1.785617023706e-01
2.279834747314e+02 2.407058328390e-01
2.279823455811e+02 1.541758030653e-01
2.279812164307e+02 2.304836511612e-01
2.279800872803e+02 2.839157581329e-01
2.279789581299e+02 2.679626643658e-01
2.279778289795e+02 1.602684110403e-01
2.279766998291e+02 -5.760129168630e-02
2.279755706787e+02 -7.590326946229e-03
2.279744415283e+02 5.616710335016e-02
2.279733123779e+02 9.190704673529e-02
2.279721832275e+02 4.125051200390e-01
2.279710540771e+02 1.001074194908e+00
2.279699249268e+02 1.150303721428e+00
2.279687957764e+02 5.260854363441e-01
2.279676666260e+02 1.424697190523e-01
2.279665374756e+02 1.065428927541e-01
2.279654083252e+02 -7.479172199965e-02
2.279642791748e+02 -2.466321885586e-01
2.279631500244e+02 -8.203103393316e-02
2.279620208740e+02 1.100888922811e-01
2.279608917236e+02 5.590528622270e-02
2.279597625732e+02 -4.376314952970e-02
2.279586334229e+02 -4.715155810118e-02
2.279575042725e+02 2.813383378088e-02
2.279563751221e+02 7.232739776373e-02
2.279552459717e+02 8.983194082975e-02
2.279541168213e+02 1.243168637156e-01
2.279529876709e+02 1.210179254413e-01
2.279518585205e+02 3.009971380234e-01
2.279507293701e+02 4.121940135956e-01
2.279496002197e+02 3.855995237827e-01
2.279484710693e+02 4.463359415531e-01
2.279473419189e+02 1.934594959021e-01
2.279462127686e+02 1.402492523193e-01
2.279450836182e+02 1.455767899752e-01
2.279439544678e+02 1.127279326320e-01
2.279428253174e+02 1.485144495964e-01
2.279416961670e+02 2.123951166868e-01
2.279405670166e+02 3.036608099937e-01
2.279394378662e+02 4.969013929367e-01
2.279383087158e+02 1.054183125496e+00
2.279371795654e+02 1.015289425850e+00
2.279360504150e+02 9.671192169189e-01
2.279349212646e+02 9.392963647842e-01
2.279337921143e+02 6.091346740723e-01
2.279326629639e+02 3.622563779354e-01
2.279315338135e+02 4.715515673161e-01
2.279304046631e+02 4.050636291504e-01
2.279292755127e+02 6.864670515060e-01
2.279281463623e+02 9.571329355240e-01
2.279270172119e+02 6.758081316948e-01
2.279258880615e+02 5.219631195068e-01
2.279247589111e+02 7.851155400276e-01
2.279236450195e+02 1.631333231926e+00
2.279225158691e+02 2.143194675446e+00
2.279213867188e+02 8.174812197685e-01
2.279202575684e+02 1.183271631598e-01
2.279191284180e+02 2.221724949777e-03
2.279179992676e+02 -2.369754761457e-02
2.279168701172e+02 -5.124156549573e-02
2.279157409668e+02 -8.795432001352e-02
2.279146118164e+02 -4.728843271732e-02
2.279134826660e+02 -9.129226952791e-02
2.279123535156e+02 -2.658573910594e-02
2.279112243652e+02 -1.010621711612e-02
2.279100952148e+02 5.448424816132e-02
2.279089660645e+02 1.045642048120e-01
2.279078369141e+02 7.944621145725e-02
2.279067077637e+02 -2.678651548922e-02
2.279055786133e+02 2.756977453828e-02
2.279044494629e+02 1.228156015277e-01
2.279033203125e+02 -9.913728386164e-02
2.279021911621e+02 -5.681015551090e-02
2.279010620117e+02 -6.581093370914e-02
2.278999328613e+02 -7.757321745157e-02
2.278988037109e+02 -8.892683684826e-02
2.278976745605e+02 -9.987144172192e-02
2.278965454102e+02 5.845893919468e-02
2.278954162598e+02 1.403734181076e-02
2.278942871094e+02 1.917666196823e-02
2.278931579590e+02 -4.501133412123e-02
2.278920288086e+02 -1.752315647900e-02
2.278908996582e+02 5.330943688750e-02
2.278897705078e+02 1.152108013630e-01
2.278886413574e+02 6.819271296263e-02
2.278875122070e+02 6.398537009954e-02
2.278863830566e+02 -8.763185888529e-02
2.278852539062e+02 6.287125870585e-04
2.278841247559e+02 1.263461355120e-02
2.278829956055e+02 1.018969062716e-02
2.278818664551e+02 2.891515754163e-02
2.278807373047e+02 5.266492441297e-02
2.278796081543e+02 -6.155920401216e-02
2.278784790039e+02 -3.173375502229e-02
2.278773498535e+02 -1.914402842522e-01
2.278762207031e+02 -8.560696989298e-02
2.278750915527e+02 1.460813879967e-01
2.278739624023e+02 1.761480122805e-01
2.278728332520e+02 3.097118735313e-01
2.278717041016e+02 2.763670682907e-01
2.278705749512e+02 1.867448389530e-01
2.278694458008e+02 3.552026450634e-01
2.278683166504e+02 4.383939504623e-01
2.278671875000e+02 5.869070291519e-01
2.278660583496e+02 4.184537827969e-01
2.278649291992e+02 1.366739720106e-01
2.278638000488e+02 -3.194341808558e-02
2.278626708984e+02 -5.593694746494e-02
2.278615417480e+02 -9.238826483488e-02
2.278604125977e+02 -1.732707321644e-01
2.278592834473e+02 -1.229241266847e-01
2.278581542969e+02 5.807247012854e-03
2.278570251465e+02 4.805514961481e-02
2.278558959961e+02 9.602816402912e-02
2.278547668457e+02 1.653255671263e-01
2.278536376953e+02 2.305136620998e-01
2.278525238037e+02 1.949591189623e-01
2.278513946533e+02 1.358090788126e-01
2.278502655029e+02 2.042153477669e-01
2.278491363525e+02 3.255781829357e-01
2.278480072021e+02 1.792649149895e+00
2.278468780518e+02 6.357445716858e+00
2.278457489014e+02 1.220394134521e+01
2.278446197510e+02 1.068344306946e+01
2.278434906006e+02 4.713751792908e+00
2.278423614502e+02 1.770440459251e+00
2.278412322998e+02 6.403189897537e-01
2.278401031494e+02 4.312642216682e-01
2.278389739990e+02 4.777693152428e-01
2.278378448486e+02 3.324134349823e-01
2.278367156982e+02 4.532997310162e-01
2.278355865479e+02 3.734476566315e-01
2.278344573975e+02 1.564681231976e-01
2.278333282471e+02 1.071429699659e-01
2.278321990967e+02 2.039797753096e-01
2.278310699463e+02 1.898502707481e-01
2.278299407959e+02 1.377115249634e-01
2.278288116455e+02 1.558878570795e-01
2.278276824951e+02 4.276295900345e-01
2.278265533447e+02 6.859191656113e-01
2.278254241943e+02 1.126672625542e+00
2.278242950439e+02 1.027002334595e+00
2.278231658936e+02 1.021135926247e+00
2.278220367432e+02 1.129717588425e+00
2.278209075928e+02 7.905127406120e-01
2.278197784424e+02 6.658611893654e-01
2.278186492920e+02 4.466927945614e-01
2.278175201416e+02 4.623349308968e-01
2.278163909912e+02 4.682408571243e-01
2.278152618408e+02 2.989686429501e-01
2.278141326904e+02 2.501442134380e-01
2.278130035400e+02 9.078347682953e-01
2.278118743896e+02 1.222884297371e+00
2.278107452393e+02 6.886679530144e-01
2.278096160889e+02 3.262990415096e-01
2.278084869385e+02 9.935914725065e-02
2.278073577881e+02 4.797051474452e-02
2.278062286377e+02 -2.505774609745e-02
2.278050994873e+02 -1.048675477505e-01
2.278039703369e+02 -1.630364209414e-01
2.278028411865e+02 -1.283722221851e-01
2.278017120361e+02 -3.205150738358e-02
2.278005828857e+02 -5.347071215510e-03
2.277994537354e+02 8.501762524247e-03
2.277983245850e+02 -4.812035709620e-02
2.277971954346e+02 -1.155733391643e-01
2.277960662842e+02 -1.398175656796e-01
2.277949371338e+02 -1.054355278611e-01
2.277938079834e+02 5.144963786006e-02
2.277926788330e+02 3.915114104748e-01
2.277915496826e+02 4.910767674446e-01
2.277904205322e+02 3.564586937428e-01
2.277892913818e+02 2.422084212303e-01
2.277881622314e+02 8.139640837908e-02
2.277870330811e+02 -5.270985141397e-02
2.277859039307e+02 -7.386462390423e-02
2.277847747803e+02 2.630073763430e-02
2.277836456299e+02 -2.040018513799e-02
2.277825317383e+02 3.150956332684e-02
2.277814025879e+02 9.005185961723e-02
2.277802734375e+02 4.763491824269e-02
2.277791442871e+02 3.129451349378e-02
2.277780151367e+02 -1.014102399349e-01
2.277768859863e+02 -1.476096957922e-01
2.277757568359e+02 -3.514552116394e-02
2.277746276855e+02 7.409019023180e-02
2.277734985352e+02 7.752862572670e-02
2.277723693848e+02 -3.318660892546e-03
2.277712402344e+02 -7.862419635057e-02
2.277701110840e+02 -3.495520679280e-03
2.277689819336e+02 -9.914256632328e-03
2.277678527832e+02 -6.740089505911e-02
2.277667236328e+02 1.013339161873e-01
2.277655944824e+02 2.185852732509e-03
2.277644653320e+02 4.127274453640e-02
2.277633361816e+02 8.596260845661e-02
2.277622070312e+02 1.753507107496e-01
2.277610778809e+02 3.199556767941e-01
2.277599487305e+02 2.906672656536e-01
2.277588195801e+02 1.617881208658e-01
2.277576904297e+02 -1.904015056789e-02
2.277565612793e+02 3.542647138238e-02
2.277554321289e+02 7.809363305569e-02
2.277543029785e+02 -1.760701835155e-02
2.277531738281e+02 -1.041806675494e-02
2.277520446777e+02 1.584396064281e-01
2.277509155273e+02 1.287023574114e-01
2.277497863770e+02 8.986274152994e-02
2.277486572266e+02 3.513678209856e-03
2.277475280762e+02 -5.404118448496e-02
2.277463989258e+02 -7.306115329266e-02
2.277452697754e+02 -8.299551904202e-02
2.277441406250e+02 -3.097345679998e-02
2.277430114746e+02 2.323339730501e-01
2.277418823242e+02 1.930699348450e-01
2.277407531738e+02 4.651049152017e-03
2.277396240234e+02 8.989320695400e-02
2.277384948730e+02 3.230295702815e-02
2.277373657227e+02 -5.508611793630e-04
2.277362365723e+02 1.972394734621e-01
2.277351074219e+02 2.770402133465e-01
2.277339782715e+02 2.535322010517e-01
2.277328491211e+02 1.038211584091e-01
2.277317199707e+02 -2.789183333516e-02
2.277305908203e+02 1.063849180937e-01
2.277294616699e+02 6.455456465483e-02
2.277283325195e+02 1.331791281700e-01
2.277272033691e+02 3.425030708313e-01
2.277260742188e+02 5.623944401741e-01
2.277249450684e+02 3.069865405560e-01
2.277238159180e+02 3.246542811394e-02
2.277226867676e+02 2.334387972951e-02
2.277215576172e+02 -1.316477656364e-01
2.277204284668e+02 -1.316610276699e-01
2.277192993164e+02 -6.095187738538e-02
2.277181701660e+02 -8.104269951582e-02
2.277170410156e+02 -4.390575364232e-02
2.277159118652e+02 3.256101161242e-02
2.277147827148e+02 5.353872478008e-02
2.277136535645e+02 1.046764180064e-01
2.277125396729e+02 2.356232255697e-01
2.277114105225e+02 1.887406259775e-01
2.277102813721e+02 -1.481121871620e-03
2.277091522217e+02 2.482887590304e-03
2.277080230713e+02 2.316990308464e-02
2.277068939209e+02 7.500481605530e-02
2.277057647705e+02 1.629683971405e-01
2.277046356201e+02 1.174286007881e-01
2.277035064697e+02 8.285999298096e-02
2.277023773193e+02 3.321898635477e-03
2.277012481689e+02 -5.698154214770e-03
2.277001190186e+02 1.519588101655e-02
2.276989898682e+02 1.739536412060e-02
2.276978607178e+02 -6.899917870760e-02
2.276967315674e+02 -7.955639809370e-02
2.276956024170e+02 -1.318871974945e-01
2.276944732666e+02 -1.377857029438e-01
2.276933441162e+02 -1.000594496727e-01
2.276922149658e+02 5.542749911547e-02
2.276910858154e+02 1.200742572546e-01
2.276899566650e+02 4.710909426212e-01
2.276888275146e+02 4.338307976723e-01
2.276876983643e+02 7.341754436493e-01
2.276865692139e+02 6.623695492744e-01
2.276854400635e+02 7.136173844337e-01
2.276843109131e+02 6.023405790329e-01
2.276831817627e+02 3.234854340553e-01
2.276820526123e+02 2.814789116383e-01
2.276809234619e+02 1.653465628624e-01
2.276797943115e+02 3.457264304161e-01
2.276786651611e+02 1.107230186462e+00
2.276775360107e+02 7.648914456367e-01
2.276764068604e+02 2.160885483027e-01
2.276752777100e+02 5.131245404482e-02
2.276741485596e+02 -1.506383866072e-01
2.276730194092e+02 -8.196456730366e-02
2.276718902588e+02 -1.639607250690e-01
2.276707611084e+02 -1.406822949648e-01
2.276696319580e+02 2.526695840061e-02
2.276685028076e+02 7.877300679684e-02
2.276673736572e+02 1.466390788555e-01
2.276662445068e+02 2.655418217182e-01
2.276651153564e+02 2.049707174301e-01
2.276639862061e+02 1.673265993595e-01
2.276628570557e+02 9.120469540358e-02
2.276617279053e+02 -1.068483944982e-02
2.276605987549e+02 2.537659928203e-02
2.276594696045e+02 1.304820086807e-02
2.276583404541e+02 3.587702214718e-01
2.276572113037e+02 5.104444026947e-01
2.276560821533e+02 2.451618760824e-01
2.276549530029e+02 8.940558135509e-02
2.276538238525e+02 1.346798613667e-02
2.276526947021e+02 2.393107861280e-02
2.276515655518e+02 3.830566769466e-03
2.276504364014e+02 -4.075517877936e-02
2.276493072510e+02 -3.743784874678e-02
2.276481781006e+02 -1.078141629696e-01
2.276470489502e+02 -1.216251403093e-01
2.276459197998e+02 -1.229068860412e-01
2.276447906494e+02 2.240152657032e-02
2.276436614990e+02 1.086757630110e-01
2.276425323486e+02 -1.651391014457e-02
2.276414184570e+02 -1.343597471714e-02
2.276402893066e+02 2.557758688927e-01
2.276391601562e+02 1.688053727150e+00
2.276380310059e+02 6.116110324860e+00
2.276369018555e+02 9.807336807251e+00
2.276357727051e+02 8.980131149292e+00
2.276346435547e+02 5.100258350372e+00
2.276335144043e+02 1.478753447533e+00
2.276323852539e+02 5.767334103584e-01
2.276312561035e+02 7.242746353149e-01
2.276301269531e+02 1.006564974785e+00
2.276289978027e+02 5.222018361092e-01
2.276278686523e+02 1.674761772156e-01
2.276267395020e+02 1.018474400043e-01
2.276256103516e+02 3.284253180027e-02
2.276244812012e+02 2.658063359559e-02
2.276233520508e+02 2.830169722438e-02
2.276222229004e+02 2.257301509380e-01
2.276210937500e+02 3.132725358009e-01
2.276199645996e+02 2.232141494751e-01
2.276188354492e+02 8.103215098381e-01
2.276177062988e+02 1.119062781334e+00
2.276165771484e+02 7.973716259003e-01
2.276154479980e+02 3.314371109009e-01
2.276143188477e+02 2.700862288475e-01
2.276131896973e+02 3.558513820171e-01
2.276120605469e+02 7.021796107292e-01
2.276109313965e+02 6.092820763588e-01
2.276098022461e+02 2.488576322794e-01
2.276086730957e+02 2.278800494969e-02
2.276075439453e+02 2.419923245907e-02
2.276064147949e+02 -1.156241744757e-01
2.276052856445e+02 4.771096259356e-02
2.276041564941e+02 1.570933461189e-01
2.276030273438e+02 8.617436140776e-02
2.276018981934e+02 -1.520111039281e-02
2.276007690430e+02 -8.577540516853e-02
2.275996398926e+02 2.922265557572e-03
2.275985107422e+02 7.501708716154e-02
2.275973815918e+02 2.445607483387e-01
2.275962524414e+02 7.395939826965e-01
2.275951232910e+02 2.455441474915e+00
2.275939941406e+02 6.798604965210e+00
2.275928649902e+02 8.899393081665e+00
2.275917358398e+02 7.182611465454e+00
2.275906066895e+02 2.984437227249e+00
2.275894775391e+02 1.019479632378e+00
2.275883483887e+02 4.490633010864e-01
2.275872192383e+02 1.900486797094e-01
2.275860900879e+02 2.752703726292e-01
2.275849609375e+02 2.213136553764e-01
2.275838317871e+02 2.387982010841e-01
2.275827026367e+02 6.860122084618e-02
2.275815734863e+02 -4.945989698172e-02
2.275804443359e+02 -1.356103122234e-01
2.275793151855e+02 -6.499014049768e-02
2.275781860352e+02 1.478110253811e-01
2.275770568848e+02 9.287574887276e-01
2.275759277344e+02 1.477143406868e+00
2.275747985840e+02 6.533859372139e-01
2.275736694336e+02 2.644166946411e-01
2.275725402832e+02 9.467637538910e-02
2.275714263916e+02 -9.833499789238e-02
2.275702972412e+02 1.623688079417e-02
2.275691680908e+02 -2.486777119339e-02
2.275680389404e+02 -6.024651229382e-02
2.275669097900e+02 1.358540803194e-01
2.275657806396e+02 6.180874705315e-01
2.275646514893e+02 1.614001035690e+00
2.275635223389e+02 3.020635843277e+00
2.275623931885e+02 3.061741352081e+00
2.275612640381e+02 1.238551139832e+00
2.275601348877e+02 4.262180924416e-01
2.275590057373e+02 1.542964577675e-01
2.275578765869e+02 9.512435644865e-02
2.275567474365e+02 1.926193945110e-03
2.275556182861e+02 1.336582656950e-02
2.275544891357e+02 -2.763608284295e-02
2.275533599854e+02 -1.226095184684e-01
2.275522308350e+02 -1.256336569786e-01
2.275511016846e+02 -8.240588009357e-02
2.275499725342e+02 -1.152244657278e-01
2.275488433838e+02 -5.822212249041e-02
2.275477142334e+02 4.091906920075e-02
2.275465850830e+02 1.283010542393e-01
2.275454559326e+02 2.198116630316e-01
2.275443267822e+02 2.469265758991e-01
2.275431976318e+02 1.935864090919e-01
2.275420684814e+02 9.288023412228e-02
2.275409393311e+02 -8.092170953751e-02
2.275398101807e+02 2.959079295397e-02
2.275386810303e+02 1.781612634659e-01
2.275375518799e+02 2.402437776327e-01
2.275364227295e+02 2.982871830463e-01
2.275352935791e+02 2.539881765842e-01
2.275341644287e+02 1.164386868477e-01
2.275330352783e+02 1.815771609545e-01
2.275319061279e+02 8.133927732706e-02
2.275307769775e+02 1.882121264935e-01
2.275296478271e+02 4.981490671635e-01
2.275285186768e+02 6.087625026703e-01
2.275273895264e+02 3.433966636658e-01
2.275262603760e+02 8.592335879803e-02
2.275251312256e+02 1.225062180310e-02
2.275240020752e+02 -3.435681387782e-02
2.275228729248e+02 -5.420561134815e-02
2.275217437744e+02 -1.889708936214e-01
2.275206146240e+02 -1.598104089499e-01
2.275194854736e+02 -4.447165504098e-02
2.275183563232e+02 -3.250348567963e-02
2.275172271729e+02 -1.960000256076e-03
2.275160980225e+02 -5.076466128230e-02
2.275149688721e+02 -1.439353972673e-01
2.275138397217e+02 6.697409786284e-03
2.275127105713e+02 -3.738746047020e-03
2.275115814209e+02 5.974343791604e-02
2.275104522705e+02 -7.969143241644e-02
2.275093231201e+02 -8.964309096336e-02
2.275081939697e+02 -1.094063073397e-01
2.275070648193e+02 3.892587870359e-02
2.275059356689e+02 -1.493628770113e-01
2.275048065186e+02 -4.658991098404e-02
2.275036773682e+02 -2.641538158059e-02
2.275025482178e+02 2.349086478353e-02
2.275014190674e+02 -5.020748823881e-02
2.275003051758e+02 -4.171030595899e-03
2.274991760254e+02 -4.046053439379e-02
2.274980468750e+02 -1.584074050188e-01
2.274969177246e+02 -1.056341230869e-01
2.274957885742e+02 1.122873872519e-01
2.274946594238e+02 1.586935818195e-01
2.274935302734e+02 8.130008727312e-02
2.274924011230e+02 9.888340532780e-02
2.274912719727e+02 1.191557645798e-01
2.274901428223e+02 3.069250099361e-02
2.274890136719e+02 -2.434173598886e-02
2.274878845215e+02 3.949577454478e-03
2.274867553711e+02 1.200115382671e-01
2.274856262207e+02 1.566699892282e-01
2.274844970703e+02 2.301371246576e-01
2.274833679199e+02 2.147948443890e-01
2.274822387695e+02 2.304366081953e-01
2.274811096191e+02 2.572884783149e-02
2.274799804688e+02 5.283675715327e-02
2.274788513184e+02 3.606202453375e-02
2.274777221680e+02 1.300545409322e-02
2.274765930176e+02 2.324907854199e-02
2.274754638672e+02 -6.319304555655e-02
2.274743347168e+02 -1.578800231218e-01
2.274732055664e+02 -6.262187659740e-02
2.274720764160e+02 7.586366683245e-02
2.274709472656e+02 2.640466690063e-01
2.274698181152e+02 3.694088757038e-01
2.274686889648e+02 4.939229190350e-01
2.274675598145e+02 5.604842305183e-01
2.274664306641e+02 6.190016269684e-01
2.274653015137e+02 5.266652703285e-01
2.274641723633e+02 4.959304928780e-01
2.274630432129e+02 4.080801606178e-01
2.274619140625e+02 2.591924965382e-01
2.274607849121e+02 2.989002764225e-01
2.274596557617e+02 1.857927292585e-01
2.274585266113e+02 1.843635737896e-01
2.274573974609e+02 2.201159447432e-01
2.274562683105e+02 5.089062452316e-01
2.274551391602e+02 9.236924648285e-01
2.274540100098e+02 1.494378805161e+00
2.274528808594e+02 1.885080695152e+00
2.274517517090e+02 4.178283214569e+00
2.274506225586e+02 1.004805374146e+01
2.274494934082e+02 1.248502731323e+01
2.274483642578e+02 7.712256908417e+00
2.274472351074e+02 3.257270812988e+00
2.274461059570e+02 1.578502774239e+00
2.274449768066e+02 1.469807028770e+00
2.274438476562e+02 1.258747220039e+00
2.274427185059e+02 8.322985768318e-01
2.274415893555e+02 5.668939352036e-01
2.274404602051e+02 1.671447455883e-01
2.274393310547e+02 1.343673467636e-01
2.274382019043e+02 1.578733772039e-01
2.274370727539e+02 3.427593708038e-01
2.274359436035e+02 4.038920700550e-01
2.274348144531e+02 2.515182495117e-01
2.274336853027e+02 9.110301733017e-02
2.274325561523e+02 1.756731048226e-02
2.274314270020e+02 -3.991543129086e-02
2.274303131104e+02 -4.700101539493e-02
2.274291839600e+02 2.742775250226e-03
2.274280548096e+02 -6.924425810575e-02
2.274269256592e+02 -1.636574119329e-01
2.274257965088e+02 -1.538545489311e-01
2.274246673584e+02 -5.476763844490e-02
2.274235382080e+02 -1.790099777281e-02
2.274224090576e+02 -1.706217415631e-02
2.274212799072e+02 2.428163401783e-02
2.274201507568e+02 6.370420753956e-02
2.274190216064e+02 -5.363548547029e-02
2.274178924561e+02 2.872473560274e-02
2.274167633057e+02 -9.922209382057e-02
2.274156341553e+02 -1.293053776026e-01
2.274145050049e+02 -7.621473819017e-02
2.274133758545e+02 -1.514970958233e-01
2.274122467041e+02 -8.937145769596e-02
2.274111175537e+02 -1.267907172441e-01
2.274099884033e+02 -2.557302266359e-02
2.274088592529e+02 -7.655426859856e-02
2.274077301025e+02 -9.219335764647e-02
2.274066009521e+02 -3.827583789825e-02
2.274054718018e+02 2.962974831462e-02
2.274043426514e+02 -4.949113354087e-02
2.274032135010e+02 -7.199773192406e-02
2.274020843506e+02 -6.337075959891e-03
2.274009552002e+02 -6.122782360762e-03
2.273998260498e+02 -2.818941697478e-02
2.273986968994e+02 -1.042472347617e-01
2.273975677490e+02 3.902241960168e-02
2.273964385986e+02 4.820600524545e-02
2.273953094482e+02 8.598049730062e-02
2.273941802979e+02 7.157806772739e-03
2.273930511475e+02 -3.534553200006e-02
2.273919219971e+02 8.811834454536e-02
2.273907928467e+02 3.792293369770e-01
2.273896636963e+02 4.509405493736e-01
2.273885345459e+02 2.101150304079e-01
2.273874053955e+02 2.328738272190e-01
2.273862762451e+02 3.347428143024e-01
2.273851470947e+02 1.378002613783e-01
2.273840179443e+02 2.875223755836e-02
2.273828887939e+02 5.945973843336e-02
2.273817596436e+02 6.272632628679e-02
2.273806304932e+02 1.182618588209e-01
2.273795013428e+02 8.709881454706e-02
2.273783721924e+02 3.907771036029e-02
2.273772430420e+02 2.447657287121e-02
2.273761138916e+02 -2.009092085063e-02
2.273749847412e+02 1.032207440585e-02
2.273738555908e+02 1.924503408372e-02
2.273727264404e+02 -1.570428311825e-01
2.273715972900e+02 -6.219287216663e-02
2.273704681396e+02 7.124114036560e-02
2.273693389893e+02 1.901801824570e-01
2.273682098389e+02 2.185621261597e-01
2.273670806885e+02 3.032496869564e-01
2.273659515381e+02 4.768670201302e-01
2.273648223877e+02 3.835804462433e-01
2.273636932373e+02 2.134713232517e-01
2.273625640869e+02 7.035729289055e-02
2.273614349365e+02 4.158348590136e-02
2.273603057861e+02 -5.483441427350e-02
2.273591918945e+02 -1.178453043103e-01
2.273580627441e+02 -4.758285358548e-03
2.273569335938e+02 1.778756082058e-01
2.273558044434e+02 2.081269770861e-01
2.273546752930e+02 1.146636679769e-01
2.273535461426e+02 2.972944974899e-01
2.273524169922e+02 2.760973870754e-01
2.273512878418e+02 2.655969262123e-01
2.273501586914e+02 1.748414486647e-01
2.273490295410e+02 4.761502742767e-01
2.273479003906e+02 8.219473958015e-01
2.273467712402e+02 1.079776763916e+00
2.273456420898e+02 9.198594689369e-01
2.273445129395e+02 4.758574664593e-01
2.273433837891e+02 2.767822444439e-01
2.273422546387e+02 1.832848638296e-01
2.273411254883e+02 4.864533245564e-02
2.273399963379e+02 -2.583949454129e-02
2.273388671875e+02 -2.250018995255e-03
2.273377380371e+02 -1.113934163004e-02
2.273366088867e+02 4.499765485525e-02
2.273354797363e+02 1.145815774798e-01
2.273343505859e+02 5.502104759216e-02
2.273332214355e+02 1.729190051556e-01
2.273320922852e+02 4.534572958946e-01
2.273309631348e+02 5.325410366058e-01
2.273298339844e+02 4.367283880711e-01
2.273287048340e+02 2.568334937096e-01
2.273275756836e+02 2.839055955410e-01
2.273264465332e+02 1.306602120399e+00
2.273253173828e+02 1.457771897316e+00
2.273241882324e+02 7.865754961967e-01
2.273230590820e+02 2.233401536942e-01
2.273219299316e+02 1.245903000236e-01
2.273208007812e+02 -2.051121741533e-02
2.273196716309e+02 -6.468401849270e-02
2.273185424805e+02 1.870901323855e-03
2.273174133301e+02 1.010008826852e-01
2.273162841797e+02 5.638390406966e-02
2.273151550293e+02 3.603777661920e-02
2.273140258789e+02 1.894474402070e-02
2.273128967285e+02 1.089665852487e-02
2.273117675781e+02 9.932894259691e-02
2.273106384277e+02 2.620363235474e-02
2.273095092773e+02 -9.257252514362e-02
2.273083801270e+02 -8.028477430344e-02
2.273072509766e+02 -4.250913485885e-02
2.273061218262e+02 -5.053670704365e-02
2.273049926758e+02 -4.838084056973e-02
2.273038635254e+02 -1.098653003573e-01
2.273027343750e+02 -1.138992756605e-01
2.273016052246e+02 -1.083679497242e-01
2.273004760742e+02 -9.418990463018e-03
2.272993469238e+02 -2.981241606176e-02
2.272982177734e+02 -9.794544428587e-02
2.272970886230e+02 -1.833362132311e-01
2.272959594727e+02 -2.004434317350e-01
2.272948303223e+02 -1.656637787819e-01
2.272937011719e+02 1.122285518795e-02
2.272925720215e+02 4.004609286785e-01
2.272914428711e+02 6.471127867699e-01
2.272903137207e+02 8.142728805542e-01
2.272891998291e+02 6.216694116592e-01
2.272880706787e+02 2.425012439489e-01
2.272869415283e+02 2.493272162974e-02
2.272858123779e+02 -8.735173195601e-02
2.272846832275e+02 5.329122766852e-03
2.272835540771e+02 2.034543901682e-01
2.272824249268e+02 1.951205134392e-01
2.272812957764e+02 1.974390298128e-01
2.272801666260e+02 1.345438808203e-01
2.272790374756e+02 4.873526841402e-02
2.272779083252e+02 3.047874867916e-01
2.272767791748e+02 5.101444721222e-01
2.272756500244e+02 3.001733720303e-01
2.272745208740e+02 1.815303415060e-01
2.272733917236e+02 2.266747690737e-02
2.272722625732e+02 9.590160846710e-02
2.272711334229e+02 2.787965238094e-01
2.272700042725e+02 3.565099239349e-01
2.272688751221e+02 9.357688575983e-02
2.272677459717e+02 1.297155171633e-01
2.272666168213e+02 -1.403011530638e-01
2.272654876709e+02 -1.610116660595e-01
2.272643585205e+02 -1.129743754864e-01
2.272632293701e+02 -7.906418293715e-02
2.272621002197e+02 1.273482888937e-01
2.272609710693e+02 1.051499843597e+00
2.272598419189e+02 9.541058540344e-01
2.272587127686e+02 5.202134251595e-01
2.272575836182e+02 2.036350071430e-01
2.272564544678e+02 9.575820714235e-02
2.272553253174e+02 1.006381027400e-02
2.272541961670e+02 -3.282219544053e-02
2.272530670166e+02 -7.235190831125e-03
2.272519378662e+02 -7.047629356384e-02
2.272508087158e+02 -1.294585466385e-01
2.272496795654e+02 -1.785292476416e-01
2.272485504150e+02 -1.252271682024e-01
2.272474212646e+02 -5.029996857047e-02
2.272462921143e+02 -1.604813188314e-01
2.272451629639e+02 -1.107455268502e-01
2.272440338135e+02 6.129626929760e-02
2.272429046631e+02 1.271141879261e-02
2.272417755127e+02 2.146305143833e-02
2.272406463623e+02 -6.460616737604e-02
2.272395172119e+02 -1.806040555239e-01
2.272383880615e+02 -1.401223093271e-01
2.272372589111e+02 4.513031616807e-02
2.272361297607e+02 1.052868738770e-02
2.272350006104e+02 -2.396268025041e-02
2.272338714600e+02 -2.680636011064e-02
2.272327423096e+02 1.544509362429e-02
2.272316131592e+02 -2.849588356912e-02
2.272304840088e+02 -1.707973890007e-02
2.272293548584e+02 -1.332700252533e-01
2.272282257080e+02 -9.724881500006e-02
2.272270965576e+02 -1.994866132736e-02
2.272259674072e+02 5.314014852047e-02
2.272248382568e+02 -1.021801903844e-01
2.272237091064e+02 -1.928537152708e-02
2.272225799561e+02 -4.184306040406e-02
2.272214508057e+02 -8.395829051733e-02
2.272203216553e+02 -2.907258830965e-02
2.272191925049e+02 -4.417381808162e-02
2.272180786133e+02 1.454845722765e-02
2.272169494629e+02 1.198921352625e-02
2.272158203125e+02 5.228220671415e-02
2.272146911621e+02 -8.157933503389e-02
2.272135620117e+02 -1.062134131789e-01
2.272124328613e+02 1.398373097181e-01
2.272113037109e+02 2.765642702579e-01
2.272101745605e+02 9.854052960873e-02
2.272090454102e+02 7.064470648766e-02
2.272079162598e+02 6.638619303703e-02
2.272067871094e+02 5.473479628563e-02
2.272056579590e+02 7.575549930334e-02
2.272045288086e+02 8.176261559129e-03
2.272033996582e+02 -6.849443912506e-02
2.272022705078e+02 1.367626190186e-01
2.272011413574e+02 5.813944935799e-01
2.272000122070e+02 1.149831414223e+00
2.271988830566e+02 4.112653136253e-01
2.271977539062e+02 4.085380584002e-02
2.271966247559e+02 -2.123988699168e-03
2.271954956055e+02 -5.314803496003e-02
2.271943664551e+02 -7.123483717442e-02
2.271932373047e+02 7.417146116495e-02
2.271921081543e+02 -2.039906568825e-02
2.271909790039e+02 -6.440984457731e-02
2.271898498535e+02 -3.253171220422e-02
2.271887207031e+02 -4.384889453650e-02
2.271875915527e+02 -1.733427792788e-01
2.271864624023e+02 -1.349215954542e-01
2.271853332520e+02 -3.792808577418e-02
2.271842041016e+02 -3.587138652802e-02
2.271830749512e+02 -2.439535968006e-02
2.271819458008e+02 2.707746578380e-03
2.271808166504e+02 -1.873257197440e-02
2.271796875000e+02 -9.893065690994e-02
2.271785583496e+02 -1.611694321036e-02
2.271774291992e+02 -1.044848859310e-01
2.271763000488e+02 -1.575695425272e-01
2.271751708984e+02 -1.433803737164e-01
2.271740417480e+02 -1.610417664051e-02
2.271729125977e+02 -1.052299886942e-01
2.271717834473e+02 -4.145682603121e-02
2.271706542969e+02 -2.023331634700e-02
2.271695251465e+02 1.150491274893e-02
2.271683959961e+02 -2.843232825398e-02
2.271672668457e+02 -2.378460764885e-02
2.271661376953e+02 -1.406411826611e-01
2.271650085449e+02 -4.026902839541e-02
2.271638793945e+02 9.034517221153e-03
2.271627502441e+02 2.013011090457e-02
2.271616210938e+02 -3.793004155159e-02
2.271604919434e+02 5.755948275328e-02
2.271593627930e+02 1.561684906483e-01
2.271582336426e+02 5.668213963509e-02
2.271571044922e+02 -2.290171757340e-02
2.271559753418e+02 -5.542406439781e-02
2.271548461914e+02 -3.323428332806e-02
2.271537170410e+02 -9.686776995659e-02
2.271525878906e+02 3.038164041936e-02
2.271514587402e+02 6.617375183851e-03
2.271503295898e+02 -5.204227566719e-02
2.271492004395e+02 -8.878977596760e-02
2.271480865479e+02 -9.631960093975e-02
2.271469573975e+02 -9.416415542364e-02
2.271458282471e+02 -4.050261527300e-02
2.271446990967e+02 1.958534307778e-02
2.271435699463e+02 -5.098812282085e-02
2.271424407959e+02 -5.230774730444e-02
2.271413116455e+02 7.175567746162e-02
2.271401824951e+02 2.322065681219e-01
2.271390533447e+02 3.446536064148e-01
2.271379241943e+02 6.542750597000e-01
2.271367950439e+02 5.015547871590e-01
2.271356658936e+02 8.857895731926e-01
2.271345367432e+02 5.971106290817e-01
2.271334075928e+02 3.073803782463e-01
2.271322784424e+02 2.749905884266e-01
2.271311492920e+02 2.635465264320e-01
2.271300201416e+02 4.665673077106e-01
2.271288909912e+02 9.066181778908e-01
2.271277618408e+02 1.999320149422e+00
2.271266326904e+02 6.803093910217e+00
2.271255035400e+02 1.057185077667e+01
2.271243743896e+02 6.124157905579e+00
2.271232452393e+02 2.849707365036e+00
2.271221160889e+02 1.202578544617e+00
2.271209869385e+02 6.606589555740e-01
2.271198577881e+02 2.536107897758e-01
2.271187286377e+02 1.849612444639e-01
2.271175994873e+02 6.989552080631e-02
2.271164703369e+02 -3.722605109215e-02
2.271153411865e+02 -2.605504728854e-02
2.271142120361e+02 -7.055297493935e-02
2.271130828857e+02 -5.045493319631e-02
2.271119537354e+02 -4.279047250748e-02
2.271108245850e+02 1.066332459450e-01
2.271096954346e+02 6.912826746702e-02
2.271085662842e+02 8.192511647940e-02
2.271074371338e+02 1.983364298940e-02
2.271063079834e+02 -1.127554923296e-01
2.271051788330e+02 -1.351064592600e-01
2.271040496826e+02 -9.662892669439e-02
2.271029205322e+02 -7.131376117468e-02
2.271017913818e+02 -5.861514364369e-04
2.271006622314e+02 -9.886813163757e-02
2.270995330811e+02 -1.121791377664e-01
2.270984039307e+02 -4.561051726341e-02
2.270972747803e+02 5.023590475321e-02
2.270961456299e+02 -3.198564797640e-02
2.270950164795e+02 -7.068512588739e-02
2.270938873291e+02 -2.466091886163e-02
2.270927581787e+02 -1.791362166405e-01
2.270916290283e+02 -3.666659817100e-02
2.270904998779e+02 -5.191116034985e-02
2.270893707275e+02 -1.167531162500e-01
2.270882415771e+02 -3.294962644577e-02
2.270871124268e+02 -1.507778465748e-01
2.270859832764e+02 -9.010605514050e-02
2.270848541260e+02 2.347315475345e-02
2.270837249756e+02 -6.402402371168e-02
2.270825958252e+02 -1.509132981300e-01
2.270814666748e+02 -3.755707293749e-02
2.270803375244e+02 -4.899506643414e-02
2.270792083740e+02 -3.905267640948e-02
2.270780944824e+02 9.494404308498e-03
2.270769653320e+02 6.514046341181e-02
2.270758361816e+02 3.331525251269e-02
2.270747070312e+02 9.381908923388e-02
2.270735778809e+02 1.834333389997e-01
2.270724487305e+02 -1.976417191327e-02
2.270713195801e+02 -5.938176438212e-02
2.270701904297e+02 -5.094328150153e-02
2.270690612793e+02 -1.685913465917e-02
2.270679321289e+02 9.323621541262e-02
2.270668029785e+02 1.968675665557e-02
2.270656738281e+02 -8.205525577068e-03
2.270645446777e+02 9.286241978407e-02
2.270634155273e+02 3.429041206837e-01
2.270622863770e+02 7.630001902580e-01
2.270611572266e+02 6.887575984001e-01
2.270600280762e+02 1.926572680473e+00
2.270588989258e+02 2.693998575211e+00
2.270577697754e+02 1.419284820557e+00
2.270566406250e+02 3.537107408047e-01
2.270555114746e+02 9.533233195543e-02
2.270543823242e+02 5.515114963055e-02
2.270532531738e+02 2.664164900780e-01
2.270521240234e+02 9.152485728264e-01
2.270509948730e+02 2.533221483231e+00
2.270498657227e+02 2.234752893448e+00
2.270487365723e+02 7.285959124565e-01
2.270476074219e+02 2.297443449497e-01
2.270464782715e+02 5.911732092500e-02
2.270453491211e+02 -3.970425203443e-02
2.270442199707e+02 -5.645580217242e-02
2.270430908203e+02 -7.478544116020e-02
2.270419616699e+02 -2.749091573060e-02
2.270408325195e+02 -3.718427568674e-02
2.270397033691e+02 8.007963001728e-02
2.270385742188e+02 2.501791715622e-01
2.270374450684e+02 2.381986230612e-01
2.270363159180e+02 4.379548877478e-02
2.270351867676e+02 8.085679262877e-03
2.270340576172e+02 -2.216223627329e-02
2.270329284668e+02 -2.425177022815e-02
2.270317993164e+02 -1.191733479500e-01
2.270306701660e+02 -1.026343554258e-01
2.270295410156e+02 -8.930610120296e-02
2.270284118652e+02 -9.401812218130e-03
2.270272827148e+02 -9.494703263044e-02
2.270261535645e+02 -6.511808186769e-02
2.270250244141e+02 5.666777491570e-02
2.270238952637e+02 7.430129498243e-02
2.270227661133e+02 9.865485876799e-02
2.270216369629e+02 1.077523902059e-01
2.270205078125e+02 1.680295914412e-01
2.270193786621e+02 1.005408838391e-01
2.270182495117e+02 7.573071867228e-02
2.270171203613e+02 2.396705187857e-02
2.270159912109e+02 -3.807127103209e-02
2.270148620605e+02 1.572633907199e-02
2.270137329102e+02 -3.963281959295e-02
2.270126037598e+02 1.847694069147e-01
2.270114746094e+02 1.701662689447e-01
2.270103454590e+02 2.638595737517e-02
2.270092163086e+02 3.109977021813e-02
2.270080871582e+02 -3.283318132162e-02
2.270069732666e+02 -6.010646745563e-02
2.270058441162e+02 1.442724466324e-01
2.270047149658e+02 3.714486062527e-01
2.270035858154e+02 4.971883893013e-01
2.270024566650e+02 6.907272338867e-01
2.270013275146e+02 6.557427644730e-01
2.270001983643e+02 2.439486086369e-01
2.269990692139e+02 2.481409348547e-02
2.269979400635e+02 -4.397373273969e-02
2.269968109131e+02 -1.084769726731e-03
2.269956817627e+02 6.022528931499e-02
2.269945526123e+02 4.573706164956e-02
2.269934234619e+02 3.718324005604e-02
2.269922943115e+02 -8.663244545460e-02
2.269911651611e+02 -5.445811524987e-02
2.269900360107e+02 -3.022186085582e-02
2.269889068604e+02 1.383425574750e-02
2.269877777100e+02 2.405433729291e-02
2.269866485596e+02 3.433595225215e-02
2.269855194092e+02 -7.242094725370e-02
2.269843902588e+02 -1.982843577862e-01
2.269832611084e+02 -8.377006649971e-02
2.269821319580e+02 -1.572761125863e-02
2.269810028076e+02 -7.630103826523e-02
2.269798736572e+02 -1.577069163322e-01
2.269787445068e+02 -5.964455008507e-02
2.269776153564e+02 -1.321333739907e-02
2.269764862061e+02 4.843454062939e-02
2.269753570557e+02 1.907150149345e-01
2.269742279053e+02 3.424184918404e-01
2.269730987549e+02 3.120040893555e-01
2.269719696045e+02 3.084255754948e-01
2.269708404541e+02 4.399567544460e-01
2.269697113037e+02 2.865421175957e-01
2.269685821533e+02 1.546873897314e-01
2.269674530029e+02 8.569397777319e-02
2.269663238525e+02 -6.948354188353e-03
2.269651947021e+02 -3.653325885534e-02
2.269640655518e+02 -8.852476626635e-02
2.269629364014e+02 -1.518451143056e-02
2.269618072510e+02 -6.303213536739e-02
2.269606781006e+02 5.771685391665e-02
2.269595489502e+02 1.164398118854e-01
2.269584197998e+02 1.948427967727e-02
2.269572906494e+02 -8.580884337425e-02
2.269561614990e+02 -9.181779623032e-02
2.269550323486e+02 7.334811240435e-02
2.269539031982e+02 2.665933072567e-01
2.269527740479e+02 2.175874263048e-01
2.269516448975e+02 5.152977257967e-02
2.269505157471e+02 -8.196740597486e-02
2.269493865967e+02 1.417097747326e-01
2.269482574463e+02 2.935323864222e-03
2.269471282959e+02 -7.071392983198e-02
2.269459991455e+02 -2.051283977926e-02
2.269448699951e+02 1.219309866428e-01
2.269437408447e+02 3.690235912800e-01
2.269426116943e+02 7.290394902229e-01
2.269414825439e+02 1.083168387413e+00
2.269403533936e+02 6.634309291840e-01
2.269392242432e+02 6.184138357639e-02
2.269380950928e+02 9.430573135614e-02
2.269369812012e+02 3.089992403984e-01
2.269358520508e+02 2.968497574329e-01
2.269347229004e+02 -1.135681569576e-01
2.269335937500e+02 -8.078236132860e-03
2.269324645996e+02 -8.201204985380e-02
2.269313354492e+02 2.515879226848e-03
2.269302062988e+02 7.626615464687e-02
2.269290771484e+02 1.536911129951e-01
2.269279479980e+02 3.172533586621e-02
2.269268188477e+02 -1.108503714204e-02
2.269256896973e+02 2.565588951111e-01
2.269245605469e+02 1.198234319687e+00
2.269234313965e+02 5.763542175293e+00
2.269223022461e+02 2.437330484390e+00
2.269211730957e+02 1.145748943090e-01
2.269200439453e+02 3.097845911980e-01
2.269189147949e+02 3.090209484100e+00
2.269177856445e+02 3.677882671356e+00
2.269166564941e+02 -2.647762596607e-01
2.269155273438e+02 -1.515779793262e-01
2.269143981934e+02 -9.822096675634e-02
2.269132690430e+02 -1.684577390552e-02
2.269121398926e+02 2.066588550806e-01
2.269110107422e+02 4.316636025906e-01
2.269098815918e+02 5.417166948318e-01
2.269087524414e+02 2.031104087830e+00
2.269076232910e+02 7.749977111816e+00
2.269064941406e+02 1.404652118683e+01
2.269053649902e+02 1.467105579376e+01
2.269042358398e+02 5.471985340118e+00
2.269031066895e+02 4.322689473629e-01
2.269019775391e+02 9.693218767643e-02
2.269008483887e+02 6.514981389046e-02
2.268997192383e+02 1.975336112082e-02
2.268985900879e+02 5.856171250343e-02
2.268974609375e+02 8.009721338749e-02
2.268963317871e+02 -2.091076597571e-02
2.268952026367e+02 3.600995242596e-02
2.268940734863e+02 2.925327718258e-01
2.268929443359e+02 2.190641164780e-01
2.268918151855e+02 -3.256002366543e-01
2.268906860352e+02 -4.879032969475e-01
2.268895568848e+02 1.306768059731e-01
2.268884277344e+02 4.342604875565e-01
2.268872985840e+02 5.264122486115e-01
2.268861694336e+02 3.574827611446e-01
2.268850402832e+02 1.747310906649e-01
2.268839111328e+02 -3.374483063817e-02
2.268827819824e+02 -1.649934500456e-01
2.268816528320e+02 -8.442986011505e-02
2.268805236816e+02 -9.831765294075e-02
2.268793945312e+02 1.568826474249e-02
2.268782653809e+02 1.311719417572e-01
2.268771362305e+02 1.789723634720e-01
2.268760070801e+02 1.088595539331e-01
2.268748779297e+02 2.497430294752e-01
2.268737487793e+02 1.893616765738e-01
2.268726196289e+02 6.448536366224e-02
2.268714904785e+02 -7.754903286695e-02
2.268703613281e+02 -6.079241260886e-02
2.268692321777e+02 5.292123928666e-02
2.268681030273e+02 1.188099160790e-01
2.268669738770e+02 1.473668515682e-01
2.268658599854e+02 8.526479452848e-02
2.268647308350e+02 2.839662432671e-01
2.268636016846e+02 8.605948090553e-01
2.268624725342e+02 9.424001574516e-01
2.268613433838e+02 4.405104517937e-01
2.268602142334e+02 9.594892710447e-02
2.268590850830e+02 1.125282719731e-01
2.268579559326e+02 1.634095758200e-01
2.268568267822e+02 2.644746899605e-01
2.268556976318e+02 1.485174000263e-01
2.268545684814e+02 1.418320536613e-01
2.268534393311e+02 1.392351835966e-01
2.268523101807e+02 1.171267032623e-01
2.268511810303e+02 1.375443786383e-01
2.268500518799e+02 2.202167063951e-01
2.268489227295e+02 2.806923985481e-01
2.268477935791e+02 1.480132788420e-01
2.268466644287e+02 1.522558927536e-01
2.268455352783e+02 1.579830944538e-01
2.268444061279e+02 2.268963754177e-01
2.268432769775e+02 1.068175733089e-01
2.268421478271e+02 1.271095406264e-02
2.268410186768e+02 -3.021882288158e-02
2.268398895264e+02 -7.168795913458e-02
2.268387603760e+02 3.983454033732e-02
2.268376312256e+02 1.747038774192e-02
2.268365020752e+02 8.147795451805e-04
2.268353729248e+02 -4.744336381555e-02
2.268342437744e+02 2.899648807943e-02
2.268331146240e+02 5.161242559552e-02
2.268319854736e+02 -2.221022918820e-02
2.268308563232e+02 -1.197731401771e-02
2.268297271729e+02 1.904537901282e-02
2.268285980225e+02 3.532738611102e-02
2.268274688721e+02 8.056708425283e-02
2.268263397217e+02 2.855827510357e-01
2.268252105713e+02 3.845218122005e-01
2.268240814209e+02 2.505213916302e-01
2.268229522705e+02 1.415377408266e-01
2.268218231201e+02 3.315164521337e-02
2.268206939697e+02 5.808979272842e-02
2.268195648193e+02 3.489813208580e-01
2.268184356689e+02 3.264223337173e-01
2.268173065186e+02 1.967562288046e-01
2.268161773682e+02 4.831173121929e-01
2.268150482178e+02 7.357805371284e-01
2.268139190674e+02 6.653392314911e-01
2.268127899170e+02 3.204137086868e-01
2.268116607666e+02 7.753961682320e-01
2.268105316162e+02 2.029053449631e+00
2.268094024658e+02 3.425988912582e+00
2.268082733154e+02 1.651235461235e+00
2.268071441650e+02 7.134672403336e-01
2.268060150146e+02 5.033709406853e-01
2.268048858643e+02 2.006464719772e+00
2.268037567139e+02 2.739879608154e+00
2.268026275635e+02 9.794532656670e-01
2.268014984131e+02 2.234932780266e-01
2.268003692627e+02 9.942807257175e-02
2.267992401123e+02 -9.925466030836e-03
2.267981109619e+02 1.102116480470e-01
2.267969818115e+02 1.634680330753e-01
2.267958679199e+02 3.516925275326e-01
2.267947387695e+02 2.766966819763e-01
2.267936096191e+02 1.704410016537e-01
2.267924804688e+02 1.300152242184e-01
2.267913513184e+02 1.226693615317e-01
2.267902221680e+02 1.259937435389e-01
2.267890930176e+02 7.825549691916e-02
2.267879638672e+02 -6.952138245106e-02
2.267868347168e+02 -1.020776927471e-01
2.267857055664e+02 -9.309383481741e-02
2.267845764160e+02 -1.948451064527e-02
2.267834472656e+02 7.316734641790e-03
2.267823181152e+02 -2.363972924650e-02
2.267811889648e+02 -1.398520767689e-01
2.267800598145e+02 -1.903523206711e-01
2.267789306641e+02 -9.187564253807e-02
2.267778015137e+02 -1.663023047149e-02
2.267766723633e+02 -4.656731337309e-02
2.267755432129e+02 -6.326864659786e-02
2.267744140625e+02 -1.278419047594e-01
2.267732849121e+02 -1.712044030428e-01
2.267721557617e+02 -1.112942919135e-01
2.267710266113e+02 -4.573537409306e-02
2.267698974609e+02 2.081933803856e-02
2.267687683105e+02 -3.649559989572e-02
2.267676391602e+02 -5.306764319539e-02
2.267665100098e+02 -3.796308860183e-02
2.267653808594e+02 1.395248807967e-02
2.267642517090e+02 1.637389361858e-01
2.267631225586e+02 3.003400266171e-01
2.267619934082e+02 2.541823983192e-01
2.267608642578e+02 1.560150384903e-01
2.267597351074e+02 1.482729017735e-01
2.267586059570e+02 8.753716945648e-02
2.267574768066e+02 -5.046306643635e-03
2.267563476562e+02 -1.089688837528e-01
2.267552185059e+02 -5.826557800174e-02
2.267540893555e+02 -5.277846381068e-02
2.267529602051e+02 -2.482102252543e-02
2.267518310547e+02 2.438773661852e-01
2.267507019043e+02 1.770379185677e+00
2.267495727539e+02 3.002024888992e+00
2.267484436035e+02 1.547506928444e+00
2.267473144531e+02 9.382877349854e-01
2.267461853027e+02 6.881889104843e-01
2.267450561523e+02 1.489424943924e+00
2.267439270020e+02 3.351385116577e+00
2.267427978516e+02 1.752639055252e+00
2.267416687012e+02 8.017279505730e-01
2.267405395508e+02 1.563052386045e-01
2.267394104004e+02 1.363761126995e-01
2.267382812500e+02 2.952641248703e-01
2.267371520996e+02 3.357886672020e-01
2.267360229492e+02 1.148393601179e-01
2.267348937988e+02 -3.579154610634e-02
2.267337646484e+02 3.748221695423e-02
2.267326354980e+02 -5.765268579125e-02
2.267315063477e+02 -7.997624576092e-02
2.267303771973e+02 -1.423333138227e-01
2.267292480469e+02 -1.694822758436e-01
2.267281188965e+02 1.828401535749e-02
2.267269897461e+02 2.380284518003e-01
2.267258605957e+02 3.478738963604e-01
2.267247467041e+02 4.617581367493e-01
2.267236175537e+02 7.745261788368e-01
2.267224884033e+02 8.095041513443e-01
2.267213592529e+02 4.329416155815e-01
2.267202301025e+02 2.609727531672e-02
2.267191009521e+02 -1.754318326712e-01
2.267179718018e+02 -1.686947047710e-01
2.267168426514e+02 -7.217350602150e-02
2.267157135010e+02 4.080258682370e-02
2.267145843506e+02 1.814968436956e-01
2.267134552002e+02 1.982838064432e-01
2.267123260498e+02 4.997999072075e-01
2.267111968994e+02 3.201548576355e+00
2.267100677490e+02 6.259755611420e+00
2.267089385986e+02 8.769973516464e-01
2.267078094482e+02 -4.630486294627e-02
2.267066802979e+02 -7.111491262913e-02
2.267055511475e+02 -7.905396074057e-02
2.267044219971e+02 -3.504966944456e-02
2.267032928467e+02 8.090712130070e-03
2.267021636963e+02 -1.735622808337e-02
2.267010345459e+02 4.509044811130e-02
2.266999053955e+02 1.969902813435e-01
2.266987762451e+02 1.212196350098e-01
2.266976470947e+02 2.906999588013e-01
2.266965179443e+02 5.084600448608e-01
2.266953887939e+02 1.896296739578e+00
2.266942596436e+02 3.418128728867e+00
2.266931304932e+02 1.931517601013e+00
2.266920013428e+02 4.143722057343e+00
2.266908721924e+02 1.263111495972e+01
2.266897430420e+02 5.998533725739e+00
2.266886138916e+02 6.903319954872e-01
2.266874847412e+02 7.989667356014e-02
2.266863555908e+02 -7.664772868156e-02
2.266852264404e+02 9.370538406074e-03
2.266840972900e+02 8.128191530704e-02
2.266829681396e+02 -4.891748726368e-02
2.266818389893e+02 -1.221116185188e-01
2.266807098389e+02 -2.160650938749e-01
2.266795806885e+02 -2.144713699818e-01
2.266784515381e+02 -7.528137415648e-02
2.266773223877e+02 1.208510398865e-01
2.266761932373e+02 -1.357655227184e-01
2.266750640869e+02 9.542798995972e-01
2.266739349365e+02 1.896066188812e+00
2.266728057861e+02 1.342015266418e+00
2.266716766357e+02 1.713134944439e-01
2.266705474854e+02 2.124744094908e-02
2.266694183350e+02 1.413194648921e-02
2.266682891846e+02 -5.312802270055e-02
2.266671600342e+02 2.146138064563e-02
2.266660308838e+02 4.796120226383e-01
2.266649017334e+02 5.308259725571e-01
2.266637725830e+02 4.821367740631e+00
2.266626434326e+02 4.374929428101e+00
2.266615142822e+02 4.833472669125e-01
2.266603851318e+02 4.248252511024e-01
2.266592559814e+02 6.182016804814e-02
2.266581268311e+02 -3.844881802797e-02
2.266569976807e+02 -1.047389358282e-01
2.266558685303e+02 -1.452713459730e-02
2.266547546387e+02 1.943148905411e-03
2.266536254883e+02 -1.051054820418e-01
2.266524963379e+02 -4.769097268581e-02
2.266513671875e+02 -5.893543735147e-02
2.266502380371e+02 6.176962330937e-02
2.266491088867e+02 5.342689529061e-02
2.266479797363e+02 6.720494627953e-01
2.266468505859e+02 6.065757870674e-01
2.266457214355e+02 7.200528681278e-02
2.266445922852e+02 1.006198003888e-01
2.266434631348e+02 3.098725974560e-01
2.266423339844e+02 3.739362061024e-01
2.266412048340e+02 2.798289358616e-01
2.266400756836e+02 1.032996177673e-01
2.266389465332e+02 3.124322183430e-02
2.266378173828e+02 -5.103658139706e-02
2.266366882324e+02 -1.278196871281e-01
2.266355590820e+02 -7.473976910114e-02
2.266344299316e+02 -3.597664088011e-02
2.266333007812e+02 7.443276047707e-02
2.266321716309e+02 1.984010189772e-01
2.266310424805e+02 1.577606797218e-01
2.266299133301e+02 -7.509464025497e-02
2.266287841797e+02 -1.216662302613e-01
2.266276550293e+02 -2.285124734044e-02
2.266265258789e+02 4.039447754622e-02
2.266253967285e+02 8.003717660904e-01
2.266242675781e+02 2.288696050644e+00
2.266231384277e+02 2.520973682404e+00
2.266220092773e+02 1.183468818665e+00
2.266208801270e+02 1.801338046789e-01
2.266197509766e+02 4.312196373940e-02
2.266186218262e+02 -1.301956325769e-01
2.266174926758e+02 -7.735278457403e-02
2.266163635254e+02 5.023618042469e-02
2.266152343750e+02 5.190034862608e-03
2.266141052246e+02 9.644825011492e-02
2.266129760742e+02 2.787446677685e-01
2.266118469238e+02 6.886366605759e-01
2.266107177734e+02 2.163163423538e-01
2.266095886230e+02 1.225027069449e-01
2.266084594727e+02 -3.791505843401e-02
2.266073303223e+02 6.226960569620e-02
2.266062011719e+02 6.173561140895e-02
2.266050720215e+02 1.149686612189e-02
2.266039428711e+02 3.110177256167e-02
2.266028137207e+02 5.368991568685e-02
2.266016845703e+02 -5.421652644873e-02
2.266005554199e+02 -1.467153280973e-01
2.265994262695e+02 -1.269328445196e-01
2.265982971191e+02 -1.551103144884e-01
2.265971679688e+02 -1.456521898508e-01
2.265960388184e+02 -1.407107710838e-01
2.265949096680e+02 1.729872971773e-01
2.265937805176e+02 7.818981409073e-01
2.265926513672e+02 1.442122936249e+00
2.265915222168e+02 1.208623647690e+00
2.265903930664e+02 3.106963336468e-01
2.265892639160e+02 1.088107451797e-01
2.265881347656e+02 3.450351580977e-02
2.265870056152e+02 2.214111387730e-01
2.265858764648e+02 2.053852975368e-01
2.265847625732e+02 5.370327830315e-01
2.265836334229e+02 2.027076005936e+00
2.265825042725e+02 3.976381778717e+00
2.265813751221e+02 4.900615692139e+00
2.265802459717e+02 6.339655876160e+00
2.265791168213e+02 7.299826145172e+00
2.265779876709e+02 3.911124467850e+00
2.265768585205e+02 1.507395029068e+00
2.265757293701e+02 5.349028110504e-01
2.265746002197e+02 8.570826798677e-02
2.265734710693e+02 -8.623599261045e-02
2.265723419189e+02 -5.899052321911e-02
2.265712127686e+02 1.916360408068e-01
2.265700836182e+02 5.350856184959e-01
2.265689544678e+02 5.921435952187e-01
2.265678253174e+02 3.615779578686e-01
2.265666961670e+02 1.043305918574e-01
2.265655670166e+02 5.850958079100e-02
2.265644378662e+02 -8.226451277733e-02
2.265633087158e+02 -5.377682298422e-02
2.265621795654e+02 9.351221472025e-02
2.265610504150e+02 1.912974566221e-01
2.265599212646e+02 9.850945323706e-02
2.265587921143e+02 8.883507107385e-04
2.265576629639e+02 -8.875370025635e-02
2.265565338135e+02 -7.644255459309e-02
2.265554046631e+02 -1.217021420598e-01
2.265542755127e+02 -7.590112090111e-02
2.265531463623e+02 9.431456774473e-02
2.265520172119e+02 5.845968052745e-02
2.265508880615e+02 -4.927844554186e-02
2.265497589111e+02 -3.652911633253e-02
2.265486297607e+02 -1.341548264027e-01
2.265475006104e+02 -1.623993813992e-01
2.265463714600e+02 -9.337459504604e-02
2.265452423096e+02 -1.907549425960e-02
2.265441131592e+02 1.739533245564e-01
2.265429840088e+02 3.143251240253e-01
2.265418548584e+02 2.522608935833e-01
2.265407257080e+02 4.551658779383e-02
2.265395965576e+02 -5.360620561987e-04
2.265384674072e+02 1.932898312807e-01
2.265373382568e+02 3.040789067745e-01
2.265362091064e+02 2.347631454468e-01
2.265350799561e+02 1.980787962675e-01
2.265339508057e+02 1.572852134705e-01
2.265328216553e+02 2.308076918125e-01
2.265316925049e+02 2.461827397346e-01
2.265305633545e+02 1.814697086811e-01
2.265294342041e+02 1.995895355940e-01
2.265283050537e+02 2.760346531868e-01
2.265271759033e+02 3.699752092361e-01
2.265260467529e+02 4.737433195114e-01
2.265249176025e+02 3.015846312046e-01
2.265237884521e+02 2.075238376856e-01
2.265226593018e+02 1.947268992662e-01
2.265215301514e+02 7.269173115492e-02
2.265204010010e+02 -7.346782088280e-02
2.265192718506e+02 1.463044285774e-01
2.265181427002e+02 2.931793034077e-01
2.265170135498e+02 3.628074526787e-01
2.265158843994e+02 4.001508653164e-01
2.265147552490e+02 2.444439530373e-01
2.265136413574e+02 1.133071705699e-01
2.265125122070e+02 -2.223977819085e-02
2.265113830566e+02 2.032769657671e-02
2.265102539062e+02 6.724593788385e-02
2.265091247559e+02 1.141421869397e-01
2.265079956055e+02 3.411227464676e-01
2.265068664551e+02 7.361741662025e-01
2.265057373047e+02 5.851513743401e-01
2.265046081543e+02 2.461340576410e-01
2.265034790039e+02 1.186194941401e-01
2.265023498535e+02 1.051699221134e-01
2.265012207031e+02 -9.159096516669e-03
2.265000915527e+02 2.632307447493e-02
2.264989624023e+02 3.556245937943e-02
2.264978332520e+02 1.261133980006e-02
2.264967041016e+02 -4.859485477209e-02
2.264955749512e+02 3.455318883061e-02
2.264944458008e+02 9.856154769659e-02
2.264933166504e+02 5.981051921844e-02
2.264921875000e+02 -8.972302079201e-02
2.264910583496e+02 -1.180503666401e-01
2.264899291992e+02 -4.346000775695e-02
2.264888000488e+02 1.169878393412e-01
2.264876708984e+02 2.247929424047e-01
2.264865417480e+02 3.288628160954e-01
2.264854125977e+02 4.418325424194e-01
2.264842834473e+02 4.619259536266e-01
2.264831542969e+02 2.598551809788e-01
2.264820251465e+02 1.133195161819e-01
2.264808959961e+02 1.327576935291e-01
2.264797668457e+02 3.289433196187e-02
2.264786376953e+02 -9.284738451242e-03
2.264775085449e+02 -1.010171025991e-01
2.264763793945e+02 -1.254740059376e-01
2.264752502441e+02 -6.560749560595e-02
2.264741210938e+02 -1.249576802365e-03
2.264729919434e+02 1.355324126780e-02
2.264718627930e+02 9.348245710135e-02
2.264707336426e+02 1.439984142780e-02
2.264696044922e+02 6.358484178782e-02
2.264684753418e+02 7.473723590374e-02
2.264673461914e+02 5.816974043846e-01
2.264662170410e+02 1.451803803444e+00
2.264650878906e+02 1.163346648216e+00
2.264639587402e+02 7.478826045990e-01
2.264628295898e+02 2.721538841724e-01
2.264617004395e+02 2.964221239090e-01
2.264605712891e+02 2.884520590305e-01
2.264594421387e+02 7.988397777081e-02
2.264583129883e+02 -8.329876512289e-02
2.264571838379e+02 -1.588124632835e-01
2.264560546875e+02 -4.110118746758e-02
2.264549255371e+02 -5.768818035722e-02
2.264537963867e+02 -1.074912697077e-01
2.264526672363e+02 -8.893366158009e-02
2.264515380859e+02 1.346515957266e-02
2.264504089355e+02 3.653187677264e-02
2.264492797852e+02 -2.777591347694e-02
2.264481506348e+02 -1.138011366129e-01
2.264470214844e+02 -5.707741528749e-02
2.264458923340e+02 -3.235968574882e-02
2.264447631836e+02 -1.429985556751e-02
2.264436492920e+02 4.817627742887e-02
2.264425201416e+02 -5.524138733745e-02
2.264413909912e+02 -1.361412405968e-01
2.264402618408e+02 -1.292034834623e-01
2.264391326904e+02 -1.044671609998e-01
2.264380035400e+02 -1.047713160515e-01
2.264368743896e+02 -2.260299958289e-02
2.264357452393e+02 2.030014060438e-02
2.264346160889e+02 6.036897655576e-03
2.264334869385e+02 5.638731271029e-02
2.264323577881e+02 1.778933405876e-01
2.264312286377e+02 1.933059394360e-01
2.264300994873e+02 9.533543139696e-02
2.264289703369e+02 1.664389669895e-01
2.264278411865e+02 2.486701607704e-01
2.264267120361e+02 4.514463543892e-01
2.264255828857e+02 3.069868385792e-01
2.264244537354e+02 1.426822096109e-01
2.264233245850e+02 3.599525615573e-02
2.264221954346e+02 -1.717800274491e-02
2.264210662842e+02 6.983015686274e-02
2.264199371338e+02 -8.146405220032e-03
2.264188079834e+02 2.504424005747e-02
2.264176788330e+02 -8.081509731710e-04
2.264165496826e+02 1.202119067311e-01
2.264154205322e+02 6.947512030602e-01
2.264142913818e+02 1.254572033882e+00
2.264131622314e+02 1.082136988640e+00
2.264120330811e+02 5.227383375168e-01
2.264109039307e+02 2.132726013660e-01
2.264097747803e+02 1.639103591442e-01
2.264086456299e+02 1.520742326975e-01
2.264075164795e+02 5.570317804813e-02
2.264063873291e+02 -2.071782713756e-03
2.264052581787e+02 3.360125795007e-02
2.264041290283e+02 -7.852481305599e-02
2.264029998779e+02 -2.731256885454e-03
2.264018707275e+02 3.452643379569e-02
2.264007415771e+02 7.037334889174e-02
2.263996124268e+02 1.960875093937e-01
2.263984832764e+02 1.242336928844e-01
2.263973541260e+02 5.588061735034e-02
2.263962249756e+02 -4.105972871184e-02
2.263950958252e+02 -9.079839289188e-02
2.263939666748e+02 1.001542285085e-01
2.263928375244e+02 2.687545418739e-01
2.263917083740e+02 2.173374414444e+00
2.263905792236e+02 6.041910171509e+00
2.263894500732e+02 9.019562602043e-01
2.263883209229e+02 1.885924488306e-01
2.263871917725e+02 1.002292931080e-01
2.263860626221e+02 -9.420815110207e-02
2.263849334717e+02 -9.796188026667e-02
2.263838043213e+02 -6.283097714186e-02
2.263826751709e+02 -4.252297431231e-02
2.263815460205e+02 3.894878923893e-01
2.263804168701e+02 6.677934527397e-01
2.263792877197e+02 1.030639886856e+00
2.263781585693e+02 2.370871543884e+00
2.263770294189e+02 2.111671447754e+00
2.263759002686e+02 6.424322128296e-01
2.263747711182e+02 5.377703160048e-02
2.263736419678e+02 1.139810562134e+00
2.263725280762e+02 2.343514204025e+00
2.263713989258e+02 2.532873451710e-01
2.263702697754e+02 2.441193014383e-01
2.263691406250e+02 3.220116794109e-01
2.263680114746e+02 2.902739346027e-01
2.263668823242e+02 1.315583884716e-01
2.263657531738e+02 1.099541336298e-01
2.263646240234e+02 2.025142759085e-01
2.263634948730e+02 1.081329464912e+00
2.263623657227e+02 4.417199492455e-01
2.263612365723e+02 5.662450194359e-02
2.263601074219e+02 -3.295363485813e-02
2.263589782715e+02 4.422077909112e-02
2.263578491211e+02 1.650710701942e-01
2.263567199707e+02 1.764676719904e-01
2.263555908203e+02 1.785487681627e-01
2.263544616699e+02 3.456827625632e-02
2.263533325195e+02 -4.072777181864e-02
2.263522033691e+02 -5.460225790739e-02
2.263510742188e+02 -9.528607130051e-02
2.263499450684e+02 -1.801882088184e-01
2.263488159180e+02 -7.156065851450e-02
2.263476867676e+02 2.692485153675e-01
2.263465576172e+02 1.083382010460e+00
2.263454284668e+02 1.918644547462e+00
2.263442993164e+02 7.246729731560e-01
2.263431701660e+02 -4.989716038108e-02
2.263420410156e+02 -4.352610930800e-02
2.263409118652e+02 1.237358711660e-02
2.263397827148e+02 -3.606495633721e-02
2.263386535645e+02 4.598901048303e-02
2.263375244141e+02 1.092105209827e-01
2.263363952637e+02 2.559987008572e-01
2.263352661133e+02 5.536753535271e-01
2.263341369629e+02 2.419866561890e+00
2.263330078125e+02 2.356741428375e+00
2.263318786621e+02 3.081264972687e+00
2.263307495117e+02 6.232934474945e+00
2.263296203613e+02 6.502346038818e+00
2.263284912109e+02 2.319061040878e+00
2.263273620605e+02 1.014306664467e+00
2.263262329102e+02 6.241688728333e-01
2.263251037598e+02 6.556796431541e-01
2.263239746094e+02 4.726679325104e-01
2.263228454590e+02 2.845984995365e-01
2.263217163086e+02 1.501566916704e-01
2.263205871582e+02 -1.195087358356e-01
2.263194580078e+02 9.607633203268e-02
2.263183288574e+02 8.325248956680e-01
2.263171997070e+02 4.395425617695e-01
2.263160705566e+02 8.973281830549e-02
2.263149414062e+02 6.377099081874e-03
2.263138122559e+02 6.594175845385e-02
2.263126831055e+02 4.599618259817e-03
2.263115539551e+02 6.413742899895e-02
2.263104248047e+02 1.281637996435e-01
2.263092956543e+02 1.034431066364e-02
2.263081665039e+02 -6.449247151613e-02
2.263070373535e+02 -1.609189510345e-01
2.263059082031e+02 -2.188189774752e-01
2.263047790527e+02 -1.046874597669e-01
2.263036499023e+02 -1.977003961802e-01
2.263025360107e+02 -1.413692831993e-01
2.263014068604e+02 -1.155779585242e-01
2.263002777100e+02 1.178405713290e-02
2.262991485596e+02 7.361137866974e-02
2.262980194092e+02 3.308351039886e-01
2.262968902588e+02 4.849292933941e-01
2.262957611084e+02 4.759149253368e-01
2.262946319580e+02 3.316603600979e-01
2.262935028076e+02 5.928057059646e-02
2.262923736572e+02 1.245708465576e-01
2.262912445068e+02 4.181315191090e-03
2.262901153564e+02 1.382070034742e-01
2.262889862061e+02 4.961690306664e-01
2.262878570557e+02 9.229272007942e-01
2.262867279053e+02 9.532221555710e-01
2.262855987549e+02 5.479705333710e-01
2.262844696045e+02 2.307993173599e-01
2.262833404541e+02 1.798010766506e-01
2.262822113037e+02 1.938050054014e-02
2.262810821533e+02 1.072294544429e-03
2.262799530029e+02 1.729963533580e-02
2.262788238525e+02 -2.423704415560e-02
2.262776947021e+02 -1.287999153137e-01
2.262765655518e+02 -1.345551460981e-01
2.262754364014e+02 -1.067338809371e-01
2.262743072510e+02 1.424413621426e-01
2.262731781006e+02 4.470469057560e-01
2.262720489502e+02 3.786322474480e-01
2.262709197998e+02 2.117598056793e-01
2.262697906494e+02 -4.240031912923e-02
2.262686614990e+02 -3.559943661094e-02
2.262675323486e+02 -6.583663821220e-02
2.262664031982e+02 -6.995084881783e-02
2.262652740479e+02 -1.366981770843e-02
2.262641448975e+02 1.039593573660e-02
2.262630157471e+02 -2.798401564360e-02
2.262618865967e+02 -8.878215402365e-02
2.262607574463e+02 -1.346322149038e-01
2.262596282959e+02 -1.608128100634e-02
2.262584991455e+02 -2.213840372860e-02
2.262573699951e+02 -1.444652229548e-01
2.262562408447e+02 -1.843494325876e-01
2.262551116943e+02 -9.462791681290e-02
2.262539825439e+02 -1.115410700440e-01
2.262528533936e+02 -5.103480443358e-02
2.262517242432e+02 1.565343588591e-01
2.262505950928e+02 3.391534388065e-01
2.262494659424e+02 2.734259068966e-01
2.262483367920e+02 1.282559037209e-01
2.262472076416e+02 -3.950196783990e-03
2.262460784912e+02 7.170569151640e-02
2.262449493408e+02 1.505155414343e-01
2.262438201904e+02 1.858981102705e-01
2.262426910400e+02 1.661932170391e-01
2.262415618896e+02 8.890588581562e-02
2.262404327393e+02 3.257186710835e-02
2.262393035889e+02 -1.700690686703e-01
2.262381744385e+02 2.153789438307e-02
2.262370452881e+02 8.501264266670e-03
2.262359161377e+02 -1.323283761740e-01
2.262347869873e+02 -2.054839879274e-01
2.262336578369e+02 -2.382915616035e-01
2.262325286865e+02 -5.588594079018e-02
2.262314147949e+02 -2.446451038122e-02
2.262302856445e+02 -8.071986585855e-02
2.262291564941e+02 -1.856385469437e-01
2.262280273438e+02 -1.128986477852e-01
2.262268981934e+02 1.656078360975e-02
2.262257690430e+02 1.595684736967e-01
2.262246398926e+02 4.476768895984e-02
2.262235107422e+02 -5.170588195324e-02
2.262223815918e+02 -1.182468160987e-01
2.262212524414e+02 -9.277599304914e-02
2.262201232910e+02 -1.055603399873e-01
2.262189941406e+02 -7.118272781372e-02
2.262178649902e+02 3.284930586815e-01
2.262167358398e+02 4.615866243839e-01
2.262156066895e+02 8.632843941450e-02
2.262144775391e+02 -7.475927006453e-03
2.262133483887e+02 -6.626626104116e-02
2.262122192383e+02 -1.050104275346e-01
2.262110900879e+02 3.181406855583e-02
2.262099609375e+02 8.971459418535e-02
2.262088317871e+02 4.132016748190e-02
2.262077026367e+02 -5.215447861701e-03
2.262065734863e+02 -9.609144181013e-02
2.262054443359e+02 -1.733953356743e-01
2.262043151855e+02 -2.363096550107e-02
2.262031860352e+02 1.133202090859e-01
2.262020568848e+02 -2.007998898625e-02
2.262009277344e+02 -1.099861264229e-01
2.261997985840e+02 -1.184216607362e-02
2.261986694336e+02 -9.161200374365e-02
2.261975402832e+02 -1.189050152898e-01
2.261964111328e+02 -1.140399873257e-01
2.261952819824e+02 -7.781974971294e-02
2.261941528320e+02 -7.655569352210e-03
2.261930236816e+02 -8.690660446882e-02
2.261918945312e+02 -6.208920851350e-02
2.261907653809e+02 -1.040527820587e-01
2.261896362305e+02 -5.663493648171e-02
2.261885070801e+02 -1.821777969599e-01
2.261873779297e+02 -1.705394834280e-01
2.261862487793e+02 -1.027555316687e-01
2.261851196289e+02 -1.515449285507e-01
2.261839904785e+02 -1.185720190406e-01
2.261828613281e+02 -1.773487031460e-02
2.261817321777e+02 -1.579404622316e-01
2.261806030273e+02 -9.604072570801e-02
2.261794738770e+02 -7.818371802568e-02
2.261783447266e+02 6.957876030356e-04
2.261772155762e+02 1.088495180011e-01
2.261760864258e+02 6.417669355869e-02
2.261749572754e+02 3.129197657108e-02
2.261738281250e+02 -5.260693840683e-03
2.261726989746e+02 -1.205106750131e-01
2.261715698242e+02 -1.506498306990e-01
2.261704406738e+02 -1.391387730837e-01
2.261693115234e+02 -2.547256350517e-01
2.261681823730e+02 -1.264463365078e-01
2.261670532227e+02 -1.130031719804e-01
2.261659240723e+02 3.195518255234e-02
2.261647949219e+02 -3.571846056730e-03
2.261636657715e+02 -1.033638790250e-01
2.261625366211e+02 -9.518465399742e-02
2.261614227295e+02 -1.133747026324e-02
2.261602935791e+02 -1.235035881400e-01
2.261591644287e+02 -1.003956049681e-02
2.261580352783e+02 1.199701055884e-01
2.261569061279e+02 2.971654236317e-01
2.261557769775e+02 1.821709871292e-01
2.261546478271e+02 4.154932126403e-02
2.261535186768e+02 -4.993534460664e-02
2.261523895264e+02 -2.601122111082e-02
2.261512603760e+02 3.936780244112e-02
2.261501312256e+02 1.156584098935e-01
2.261490020752e+02 3.262993991375e-01
2.261478729248e+02 2.610950171947e-01
2.261467437744e+02 1.147850155830e-01
2.261456146240e+02 2.808892726898e-02
2.261444854736e+02 4.387280344963e-02
2.261433563232e+02 3.847391158342e-02
2.261422271729e+02 2.672350592911e-02
2.261410980225e+02 -1.822611130774e-02
2.261399688721e+02 -5.781191959977e-02
2.261388397217e+02 -3.707387670875e-02
2.261377105713e+02 1.540407421999e-03
2.261365814209e+02 2.684267982841e-02
2.261354522705e+02 -6.882178783417e-02
2.261343231201e+02 -2.029316127300e-02
2.261331939697e+02 1.288515180349e-01
2.261320648193e+02 2.031059563160e-02
2.261309356689e+02 1.063644215465e-01
2.261298065186e+02 1.912754774094e-01
2.261286773682e+02 3.498648703098e-01
2.261275482178e+02 6.295571923256e-01
2.261264190674e+02 1.051121711731e+00
2.261252899170e+02 9.048867225647e-01
