#title: Spectral profile - G326.6618+00.5207_SPW_1.image.pbcor.fits-raster
#region (world): Rectangle[[15:45:02.92, -54d09m03.589], [15:45:02.807, -54d09m02.59]]
#region (pixel): Rectangle[[171, 175], [179, 183]]
#coordinate: world
#xLabel: frequency [GHz]
#yLabel: [Kelvin] Mean

# G326.6618+00.5207_SPW_1.image.pbcor.fits-raster
2.408728332520e+02 7.635737061501e-01
2.408739624023e+02 9.982881695032e-02
2.408750915527e+02 -4.076768830419e-02
2.408762207031e+02 3.303186222911e-02
2.408773498535e+02 -6.640508770943e-02
2.408784790039e+02 -4.143061861396e-02
2.408796081543e+02 -9.381804615259e-03
2.408807373047e+02 -8.228360116482e-02
2.408818664551e+02 -9.298442304134e-02
2.408829956055e+02 -2.209912426770e-02
2.408841247559e+02 -1.597707271576e-01
2.408852539062e+02 -2.238783985376e-01
2.408863830566e+02 -2.166609466076e-01
2.408875122070e+02 -1.713147014380e-01
2.408886413574e+02 -2.118129432201e-01
2.408897705078e+02 -2.040122747421e-01
2.408908996582e+02 -8.485957980156e-02
2.408920288086e+02 1.896818876266e-01
2.408931579590e+02 5.150381326675e-01
2.408942871094e+02 6.984934210777e-01
2.408954162598e+02 4.139490425587e-01
2.408965454102e+02 7.206698507071e-02
2.408976745605e+02 -7.133471779525e-03
2.408988037109e+02 1.638927757740e-01
2.408999328613e+02 8.314564824104e-01
2.409010467529e+02 1.518283843994e+00
2.409021759033e+02 2.350873947144e+00
2.409033050537e+02 2.375049591064e+00
2.409044342041e+02 2.028606653214e+00
2.409055633545e+02 3.118129730225e+00
2.409066925049e+02 6.729753017426e+00
2.409078216553e+02 9.622588157654e+00
2.409089508057e+02 8.506252288818e+00
2.409100799561e+02 5.197049140930e+00
2.409112091064e+02 3.206477642059e+00
2.409123382568e+02 2.398213863373e+00
2.409134674072e+02 1.935822486877e+00
2.409145965576e+02 1.176153182983e+00
2.409157257080e+02 5.783725976944e-01
2.409168548584e+02 1.806377172470e-01
2.409179840088e+02 -2.278118394315e-02
2.409191131592e+02 -1.209801286459e-01
2.409202423096e+02 -1.485235840082e-01
2.409213714600e+02 -8.834194391966e-02
2.409225006104e+02 1.631257236004e-01
2.409236297607e+02 1.409928202629e-01
2.409247589111e+02 8.146276324987e-02
2.409258880615e+02 1.021664440632e-01
2.409270172119e+02 -4.898610711098e-02
2.409281463623e+02 -1.145683228970e-01
2.409292755127e+02 -4.797252267599e-02
2.409304046631e+02 -9.525588154793e-02
2.409315338135e+02 -8.694978430867e-03
2.409326629639e+02 -1.083017140627e-01
2.409337921143e+02 -1.303601264954e-01
2.409349212646e+02 -9.078881889582e-02
2.409360504150e+02 -1.815265230834e-02
2.409371795654e+02 -1.075375974178e-01
2.409383087158e+02 -1.822970956564e-01
2.409394378662e+02 -1.301185786724e-01
2.409405670166e+02 -1.317979842424e-01
2.409416961670e+02 -9.521769732237e-02
2.409428253174e+02 -8.242043852806e-02
2.409439544678e+02 -2.304143644869e-02
2.409450836182e+02 1.787282228470e-01
2.409462127686e+02 5.947845578194e-01
2.409473419189e+02 1.612043857574e+00
2.409484710693e+02 3.641954421997e+00
2.409496002197e+02 2.737485170364e+00
2.409507293701e+02 9.221049547195e-01
2.409518585205e+02 2.778079509735e-01
2.409529876709e+02 1.418553441763e-01
2.409541168213e+02 -9.572802484035e-02
2.409552459717e+02 -1.572194099426e-01
2.409563751221e+02 -1.197769343853e-01
2.409575042725e+02 -1.057064011693e-01
2.409586334229e+02 -1.335045546293e-01
2.409597625732e+02 6.190467998385e-02
2.409608917236e+02 1.823973506689e-01
2.409620208740e+02 3.063745796680e-01
2.409631500244e+02 1.327677845955e+00
2.409642791748e+02 2.751535177231e+00
2.409654083252e+02 2.685194969177e+00
2.409665374756e+02 1.469745874405e+00
2.409676666260e+02 1.763326883316e+00
2.409687957764e+02 3.476065158844e+00
2.409699249268e+02 5.026228427887e+00
2.409710540771e+02 6.775718688965e+00
2.409721679688e+02 6.844265937805e+00
2.409732971191e+02 3.950936317444e+00
2.409744262695e+02 4.535863399506e+00
2.409755554199e+02 4.247418403625e+00
2.409766845703e+02 2.471811294556e+00
2.409778137207e+02 1.494363069534e+00
2.409789428711e+02 1.478161811829e+00
2.409800720215e+02 2.407710552216e+00
2.409812011719e+02 3.157199859619e+00
2.409823303223e+02 2.177587985992e+00
2.409834594727e+02 2.327557086945e+00
2.409845886230e+02 4.192552089691e+00
2.409857177734e+02 2.547882080078e+00
2.409868469238e+02 1.090286374092e+00
2.409879760742e+02 1.010657429695e+00
2.409891052246e+02 1.542284369469e+00
2.409902343750e+02 4.135859489441e+00
2.409913635254e+02 9.307465553284e+00
2.409924926758e+02 1.311177539825e+01
2.409936218262e+02 1.280674076080e+01
2.409947509766e+02 6.451018333435e+00
2.409958801270e+02 2.297163963318e+00
2.409970092773e+02 6.560673713684e-01
2.409981384277e+02 3.242738544941e-01
2.409992675781e+02 1.634592711926e-01
2.410003967285e+02 -4.705949872732e-02
2.410015258789e+02 -7.515963912010e-02
2.410026550293e+02 -1.208376660943e-01
2.410037841797e+02 -1.894932240248e-01
2.410049133301e+02 -7.208529859781e-02
2.410060424805e+02 -6.549247540534e-03
2.410071716309e+02 1.314997579902e-02
2.410083007812e+02 3.648650646210e-02
2.410094299316e+02 9.094626293518e-04
2.410105590820e+02 1.150988340378e-01
2.410116882324e+02 3.422860205173e-01
2.410128173828e+02 2.292692959309e-01
2.410139465332e+02 1.360065042973e-01
2.410150756836e+02 3.076283633709e-01
2.410162048340e+02 9.747153520584e-01
2.410173339844e+02 1.476600408554e+00
2.410184631348e+02 1.814725875854e+00
2.410195922852e+02 7.134545445442e-01
2.410207214355e+02 2.417681068182e-01
2.410218505859e+02 3.983380496502e-01
2.410229797363e+02 6.469433903694e-01
2.410241088867e+02 3.577391207218e-01
2.410252380371e+02 1.018787696958e-01
2.410263671875e+02 1.399403936375e-05
2.410274963379e+02 -1.820155419409e-02
2.410286254883e+02 9.251876175404e-02
2.410297546387e+02 3.031828999519e-01
2.410308837891e+02 6.226861476898e-01
2.410320129395e+02 7.939873337746e-01
2.410331420898e+02 3.901653289795e-01
2.410342712402e+02 5.535678938031e-03
2.410354003906e+02 5.723148211837e-02
2.410365295410e+02 3.359186053276e-01
2.410376586914e+02 4.748355150223e-01
2.410387878418e+02 4.613492786884e-01
2.410399169922e+02 4.577140510082e-01
2.410410461426e+02 4.032690227032e-01
2.410421600342e+02 9.589864611626e-01
2.410432891846e+02 1.099499464035e+00
2.410444183350e+02 1.209114789963e+00
2.410455474854e+02 2.001899480820e+00
2.410466766357e+02 4.380825042725e+00
2.410478057861e+02 1.028323936462e+01
2.410489349365e+02 1.406174564362e+01
2.410500640869e+02 7.296863555908e+00
2.410511932373e+02 2.147284984589e+00
2.410523223877e+02 1.362191796303e+00
2.410534515381e+02 6.839050054550e-01
2.410545806885e+02 2.919769585133e-01
2.410557098389e+02 1.727600842714e-01
2.410568389893e+02 1.169214323163e-01
2.410579681396e+02 2.324105938897e-03
2.410590972900e+02 4.534185677767e-02
2.410602264404e+02 -3.267002478242e-02
2.410613555908e+02 -6.156884774100e-05
2.410624847412e+02 -5.842236429453e-02
2.410636138916e+02 -2.966547198594e-02
2.410647430420e+02 -8.738417178392e-02
2.410658721924e+02 3.243305487558e-03
2.410670013428e+02 2.619481384754e-01
2.410681304932e+02 4.841712117195e-01
2.410692596436e+02 4.923577308655e-01
2.410703887939e+02 5.096021294594e-01
2.410715179443e+02 4.336735308170e-01
2.410726470947e+02 6.640906929970e-01
2.410737762451e+02 1.378210544586e+00
2.410749053955e+02 2.017139196396e+00
2.410760345459e+02 1.918444991112e+00
2.410771636963e+02 6.865900158882e-01
2.410782928467e+02 1.952422857285e-01
2.410794219971e+02 1.744327545166e-01
2.410805511475e+02 2.212220616639e-02
2.410816802979e+02 -5.497103184462e-02
2.410828094482e+02 -1.934166811407e-02
2.410839385986e+02 1.209869459271e-01
2.410850677490e+02 1.752313226461e-02
2.410861968994e+02 -1.099927350879e-02
2.410873260498e+02 -8.599733002484e-03
2.410884552002e+02 2.092253416777e-01
2.410895843506e+02 4.858998358250e-01
2.410907135010e+02 4.220723807812e-01
2.410918426514e+02 1.177156418562e-01
2.410929718018e+02 4.133397713304e-02
2.410941009521e+02 2.328612357378e-01
2.410952301025e+02 4.150738418102e-01
2.410963592529e+02 4.035443663597e-01
2.410974884033e+02 1.522879004478e-01
2.410986175537e+02 6.601908057928e-02
2.410997467041e+02 -8.031953871250e-02
2.411008758545e+02 -1.592070013285e-01
2.411020050049e+02 -1.010633707047e-01
2.411031341553e+02 -4.850582219660e-03
2.411042633057e+02 -2.670095115900e-02
2.411053924561e+02 -3.636788204312e-02
2.411065216064e+02 9.849915513769e-04
2.411076507568e+02 -4.270227998495e-02
2.411087799072e+02 -2.137989103794e-01
2.411099090576e+02 -1.888629645109e-01
2.411110382080e+02 -1.288307458162e-01
2.411121673584e+02 -1.437344551086e-01
2.411132812500e+02 -1.737077981234e-01
2.411144104004e+02 -1.544645428658e-01
2.411155395508e+02 -1.610074043274e-01
2.411166687012e+02 -6.913310289383e-02
2.411177978516e+02 -1.045333966613e-01
2.411189270020e+02 -2.015314549208e-01
2.411200561523e+02 -1.181455142796e-02
2.411211853027e+02 -8.103457093239e-02
2.411223144531e+02 -1.054523438215e-01
2.411234436035e+02 -1.375432461500e-01
2.411245727539e+02 -1.453906744719e-01
2.411257019043e+02 -1.520197391510e-01
2.411268310547e+02 -2.327082306147e-01
2.411279602051e+02 -1.396567225456e-01
2.411290893555e+02 -1.380126029253e-01
2.411302185059e+02 -1.917093247175e-01
2.411313476562e+02 -7.930887490511e-02
2.411324768066e+02 1.198471710086e-02
2.411336059570e+02 3.295116722584e-01
2.411347351074e+02 3.589943945408e-01
2.411358642578e+02 2.172023653984e-01
2.411369934082e+02 2.730358159170e-03
2.411381225586e+02 -1.361191868782e-01
2.411392517090e+02 -1.911672502756e-01
2.411403808594e+02 -1.818813681602e-01
2.411415100098e+02 -1.977782994509e-01
2.411426391602e+02 -1.691057980061e-01
2.411437683105e+02 -2.221538871527e-01
2.411448974609e+02 -2.288024872541e-01
2.411460266113e+02 -1.367487758398e-01
2.411471557617e+02 -1.072356700897e-01
2.411482849121e+02 -1.840215027332e-01
2.411494140625e+02 -1.936361044645e-01
2.411505432129e+02 -2.276920676231e-01
2.411516723633e+02 -2.975125014782e-01
2.411528015137e+02 -1.823641806841e-01
2.411539306641e+02 -1.677471697330e-01
2.411550598145e+02 -2.964075505733e-01
2.411561889648e+02 -1.110986992717e-01
2.411573181152e+02 3.068123385310e-02
2.411584472656e+02 6.592831760645e-02
2.411595764160e+02 3.343493491411e-02
2.411607055664e+02 8.442675322294e-02
2.411618347168e+02 1.819601058960e-01
2.411629638672e+02 3.496781289577e-01
2.411640930176e+02 5.137420296669e-01
2.411652221680e+02 4.629823863506e-01
2.411663513184e+02 3.141548037529e-01
2.411674804688e+02 2.663629353046e-01
2.411686096191e+02 2.374795526266e-01
2.411697387695e+02 2.771708369255e-01
2.411708679199e+02 3.053607344627e-01
2.411719970703e+02 4.673000276089e-01
2.411731262207e+02 5.016477704048e-01
2.411742553711e+02 4.804499149323e-01
2.411753845215e+02 8.811187744141e-01
2.411765136719e+02 1.479768395424e+00
2.411776428223e+02 2.615073919296e+00
2.411787719727e+02 3.248962879181e+00
2.411799011230e+02 2.281338453293e+00
2.411810302734e+02 1.331171989441e+00
2.411821594238e+02 5.812863707542e-01
2.411832733154e+02 9.291605651379e-02
2.411844024658e+02 -8.474483340979e-02
2.411855316162e+02 1.772429421544e-02
2.411866607666e+02 3.165914490819e-02
2.411877899170e+02 1.593428552151e-01
2.411889190674e+02 5.706438422203e-01
2.411900482178e+02 1.965655088425e+00
2.411911773682e+02 4.486702919006e+00
2.411923065186e+02 6.716140747070e+00
2.411934356689e+02 2.637699604034e+00
2.411945648193e+02 1.263956665993e+00
2.411956939697e+02 9.215998649597e-01
2.411968231201e+02 1.732309579849e+00
2.411979522705e+02 3.689704179764e+00
2.411990814209e+02 6.893518924713e+00
2.412002105713e+02 5.921243667603e+00
2.412013397217e+02 1.401902794838e+00
2.412024688721e+02 2.100735902786e-01
2.412035980225e+02 4.676255956292e-02
2.412047271729e+02 3.701654076576e-02
2.412058563232e+02 1.650887876749e-01
2.412069854736e+02 3.066962957382e-01
2.412081146240e+02 1.067618846893e+00
2.412092437744e+02 2.088201761246e+00
2.412103729248e+02 6.320923805237e+00
2.412115020752e+02 1.043912982941e+01
2.412126312256e+02 1.168427085876e+01
2.412137603760e+02 7.735599040985e+00
2.412148895264e+02 3.219761133194e+00
2.412160186768e+02 4.289312362671e+00
2.412171478271e+02 6.783209800720e+00
2.412182769775e+02 5.786837100983e+00
2.412194061279e+02 8.896751403809e+00
2.412205352783e+02 1.148625469208e+01
2.412216644287e+02 5.586318016052e+00
2.412227935791e+02 3.378092288971e+00
2.412239227295e+02 5.965586185455e+00
2.412250518799e+02 1.292946910858e+01
2.412261810303e+02 1.350852394104e+01
2.412273101807e+02 9.831514358521e+00
2.412284393311e+02 1.252678298950e+01
2.412295684814e+02 1.628262519836e+01
2.412306976318e+02 1.543872928619e+01
2.412318267822e+02 1.052043056488e+01
2.412329559326e+02 5.151131153107e+00
2.412340850830e+02 5.248430252075e+00
2.412352142334e+02 9.487688064575e+00
2.412363433838e+02 1.655936431885e+01
2.412374725342e+02 1.611176681519e+01
2.412386016846e+02 1.574451828003e+01
2.412397308350e+02 1.080110645294e+01
2.412408599854e+02 6.248313903809e+00
2.412419891357e+02 5.615170001984e+00
2.412431182861e+02 9.612002372742e+00
2.412442474365e+02 9.314009666443e+00
2.412453765869e+02 2.487789154053e+00
2.412465057373e+02 7.954505681992e-01
2.412476348877e+02 1.622428596020e-01
2.412487640381e+02 9.826564230025e-03
2.412498931885e+02 -6.446924060583e-02
2.412510223389e+02 -2.702628076077e-02
2.412521514893e+02 -4.336759448051e-02
2.412532806396e+02 -4.458134993911e-02
2.412543945312e+02 -9.091190248728e-02
2.412555236816e+02 -1.198566108942e-01
2.412566528320e+02 -1.756924241781e-01
2.412577819824e+02 -1.348228603601e-01
2.412589111328e+02 6.369978189468e-02
2.412600402832e+02 2.123127728701e-01
2.412611694336e+02 1.930424571037e-01
2.412622985840e+02 9.137784689665e-02
2.412634277344e+02 2.166042625904e-01
2.412645568848e+02 1.758503019810e-01
2.412656860352e+02 2.618215084076e-01
2.412668151855e+02 3.657994568348e-01
2.412679443359e+02 1.462792515755e+00
2.412690734863e+02 4.006328582764e+00
2.412702026367e+02 8.027433395386e+00
2.412713317871e+02 1.008838081360e+01
2.412724609375e+02 3.742337942123e+00
2.412735900879e+02 1.202644109726e+00
2.412747192383e+02 2.565623819828e-01
2.412758483887e+02 2.868747413158e-01
2.412769775391e+02 4.245494604111e-01
2.412781066895e+02 3.784463405609e-01
2.412792358398e+02 3.026531636715e-01
2.412803649902e+02 1.740815639496e-01
2.412814941406e+02 6.117171794176e-02
2.412826232910e+02 3.624156117439e-02
2.412837524414e+02 9.666497260332e-02
2.412848815918e+02 8.476462215185e-02
2.412860107422e+02 4.910275712609e-02
2.412871398926e+02 1.704778224230e-01
2.412882690430e+02 4.510268867016e-01
2.412893981934e+02 5.477228760719e-01
2.412905273438e+02 2.711162567139e-01
2.412916564941e+02 2.060127407312e-01
2.412927856445e+02 2.876289188862e-01
2.412939147949e+02 3.836285769939e-01
2.412950439453e+02 4.697698354721e-01
2.412961730957e+02 5.468452572823e-01
2.412973022461e+02 6.875348687172e-01
2.412984313965e+02 2.780318975449e+00
2.412995605469e+02 6.158764362335e+00
2.413006896973e+02 1.024576473236e+01
2.413018188477e+02 5.983140945435e+00
2.413029479980e+02 1.629334092140e+00
2.413040771484e+02 4.853582680225e-01
2.413052062988e+02 2.258310765028e-01
2.413063354492e+02 1.680212914944e-01
2.413074645996e+02 1.452917903662e-01
2.413085937500e+02 2.114608138800e-01
2.413097229004e+02 1.841863393784e-01
2.413108520508e+02 1.650434732437e-01
2.413119812012e+02 9.923152625561e-02
2.413131103516e+02 3.386088609695e-01
2.413142395020e+02 4.591056704521e-01
2.413153686523e+02 2.270776778460e-01
2.413164978027e+02 1.968917101622e-01
2.413176269531e+02 3.520186245441e-01
2.413187561035e+02 5.670213699341e-01
2.413198852539e+02 4.929238557816e-01
2.413210144043e+02 3.540422022343e-01
2.413221435547e+02 6.197630763054e-01
2.413232727051e+02 9.215237498283e-01
2.413243865967e+02 1.724136471748e+00
2.413255157471e+02 4.110582172871e-01
2.413266448975e+02 2.787658870220e-01
2.413277740479e+02 1.702889800072e-01
2.413289031982e+02 3.166831433773e-01
2.413300323486e+02 2.254601716995e-01
2.413311614990e+02 2.126606255770e-01
2.413322906494e+02 1.467775106430e-01
2.413334197998e+02 9.811893850565e-02
2.413345489502e+02 -1.074599102139e-01
2.413356781006e+02 -1.771767437458e-01
2.413368072510e+02 -1.599722504616e-01
2.413379364014e+02 -9.307248890400e-02
2.413390655518e+02 -6.282339990139e-02
2.413401947021e+02 3.063734248281e-02
2.413413238525e+02 4.647134616971e-02
2.413424530029e+02 1.640801690519e-02
2.413435821533e+02 -1.112619489431e-01
2.413447113037e+02 -7.454821467400e-02
2.413458404541e+02 7.742269895971e-03
2.413469696045e+02 1.063413619995e-01
2.413480987549e+02 2.367864698172e-01
2.413492279053e+02 1.964704990387e-01
2.413503570557e+02 1.322191506624e-01
2.413514862061e+02 1.298856176436e-02
2.413526153564e+02 4.068084061146e-02
2.413537445068e+02 9.732693433762e-02
2.413548736572e+02 1.092429235578e-01
2.413560028076e+02 2.406744658947e-01
2.413571319580e+02 4.804681837559e-01
2.413582611084e+02 4.532978236675e-01
2.413593902588e+02 3.699963688850e-01
2.413605194092e+02 4.526728093624e-01
2.413616485596e+02 4.986839890480e-01
2.413627777100e+02 2.942176759243e-01
2.413639068604e+02 3.980513811111e-01
2.413650360107e+02 6.322702765465e-01
2.413661651611e+02 7.412071228027e-01
2.413672943115e+02 6.522164940834e-01
2.413684234619e+02 4.955595433712e-01
2.413695526123e+02 1.314930468798e-01
2.413706817627e+02 -6.619008630514e-02
2.413718109131e+02 -8.725968748331e-02
2.413729400635e+02 -1.362579017878e-01
2.413740692139e+02 -4.253340139985e-02
2.413751983643e+02 1.020335108042e-01
2.413763275146e+02 4.110975265503e-01
2.413774566650e+02 9.117581844330e-01
2.413785858154e+02 6.899617314339e-01
2.413797149658e+02 2.623097896576e-01
2.413808441162e+02 -3.211116045713e-02
2.413819732666e+02 -8.760324120522e-02
2.413831024170e+02 -7.302997261286e-02
2.413842315674e+02 7.339476048946e-02
2.413853607178e+02 1.003287211061e-01
2.413864898682e+02 4.261999391019e-03
2.413876190186e+02 -3.749977424741e-02
2.413887481689e+02 -1.268966794014e-01
2.413898773193e+02 2.403695136309e-02
2.413910064697e+02 8.608286827803e-02
2.413921356201e+02 -4.200193285942e-02
2.413932647705e+02 1.813194453716e-01
2.413943786621e+02 6.101955771446e-01
2.413955078125e+02 1.433716773987e+00
2.413966369629e+02 2.297333478928e+00
2.413977661133e+02 1.427551388741e+00
2.413988952637e+02 2.890308201313e-01
2.414000244141e+02 -1.284321676940e-02
2.414011535645e+02 -7.872780412436e-02
2.414022827148e+02 -1.844093352556e-01
2.414034118652e+02 -2.162993550301e-01
2.414045410156e+02 -2.215613126755e-01
2.414056701660e+02 -2.334330976009e-02
2.414067993164e+02 1.264398545027e-01
2.414079284668e+02 1.568694263697e-01
2.414090576172e+02 8.491412550211e-02
2.414101867676e+02 3.281007707119e-02
2.414113159180e+02 7.288992404938e-02
2.414124450684e+02 1.995914578438e-01
2.414135742188e+02 3.401269912720e-01
2.414147033691e+02 4.577118456364e-01
2.414158325195e+02 2.880829572678e-01
2.414169616699e+02 3.102109432220e-01
2.414180908203e+02 5.331243276596e-01
2.414192199707e+02 4.250369668007e-01
2.414203491211e+02 2.666696906090e-01
2.414214782715e+02 1.731357574463e-01
2.414226074219e+02 3.071660399437e-01
2.414237365723e+02 4.695639610291e-01
2.414248657227e+02 4.458560645580e-01
2.414259948730e+02 1.360782235861e-01
2.414271240234e+02 -1.385233644396e-02
2.414282531738e+02 -9.100206941366e-02
2.414293823242e+02 -1.069233343005e-01
2.414305114746e+02 -2.560762166977e-01
2.414316406250e+02 -1.592130213976e-01
2.414327697754e+02 -2.156959325075e-01
2.414338989258e+02 -2.343096733093e-01
2.414350280762e+02 -2.065873891115e-01
2.414361572266e+02 -2.354503571987e-01
2.414372863770e+02 -1.763850897551e-01
2.414384155273e+02 -9.942229092121e-02
2.414395446777e+02 -1.524552106857e-01
2.414406738281e+02 -1.771993935108e-01
2.414418029785e+02 -1.726020127535e-01
2.414429321289e+02 -1.326956599951e-01
2.414440612793e+02 -2.340646833181e-02
2.414451904297e+02 -1.241238415241e-01
2.414463195801e+02 -2.610659897327e-01
2.414474487305e+02 -1.916680634022e-01
2.414485778809e+02 -1.079385280609e-01
2.414497070312e+02 -2.011195272207e-01
2.414508361816e+02 -1.439377367496e-01
2.414519653320e+02 -4.308382421732e-02
2.414530944824e+02 1.076651811600e-01
2.414542236328e+02 1.532727330923e-01
2.414553527832e+02 9.419623762369e-02
2.414564819336e+02 -4.994909092784e-02
2.414576110840e+02 -1.199210137129e-01
2.414587402344e+02 -5.701329186559e-02
2.414598693848e+02 -1.460407078266e-01
2.414609985352e+02 -1.914151757956e-01
2.414621276855e+02 -1.358193159103e-01
2.414632568359e+02 -4.715241864324e-02
2.414643859863e+02 -1.177986338735e-02
2.414654998779e+02 9.514261782169e-02
2.414666290283e+02 2.747798562050e-01
2.414677581787e+02 2.839352190495e-01
2.414688873291e+02 4.106156826019e-01
2.414700164795e+02 4.419560730457e-01
2.414711456299e+02 2.103839635849e+00
2.414722747803e+02 5.414819717407e+00
2.414734039307e+02 1.045452117920e+01
2.414745330811e+02 1.267923831940e+01
2.414756622314e+02 5.456019401550e+00
2.414767913818e+02 1.733276009560e+00
2.414779205322e+02 4.248560965061e-01
2.414790496826e+02 2.771600484848e-01
2.414801788330e+02 -4.723667632788e-03
2.414813079834e+02 -7.164324820042e-02
2.414824371338e+02 -9.059257805347e-02
2.414835662842e+02 -5.767607688904e-02
2.414846954346e+02 -1.296468675137e-01
2.414858245850e+02 -3.043438494205e-01
2.414869537354e+02 -2.849961221218e-01
2.414880828857e+02 -1.903569251299e-01
2.414892120361e+02 -1.508493125439e-01
2.414903411865e+02 -1.711699217558e-01
2.414914703369e+02 -1.207108423114e-01
2.414925994873e+02 1.841488629580e-01
2.414937286377e+02 2.861385047436e-01
2.414948577881e+02 6.101576685905e-01
2.414959869385e+02 6.952240467072e-01
2.414971160889e+02 5.878591537476e-01
2.414982452393e+02 4.153374433517e-01
2.414993743896e+02 2.235348075628e-01
2.415005035400e+02 3.382281959057e-02
2.415016326904e+02 5.814967304468e-02
2.415027618408e+02 6.604075431824e-02
2.415038909912e+02 1.285532712936e-01
2.415050201416e+02 2.484004348516e-01
2.415061492920e+02 3.484921753407e-01
2.415072784424e+02 5.042604207993e-01
2.415084075928e+02 1.463879585266e+00
2.415095367432e+02 3.033363103867e+00
2.415106658936e+02 4.829706192017e+00
2.415117950439e+02 4.446492195129e+00
2.415129241943e+02 2.075988769531e+00
2.415140533447e+02 1.052320718765e+00
2.415151824951e+02 1.836442947388e-01
2.415163116455e+02 7.624091207981e-02
2.415174407959e+02 1.228127852082e-01
2.415185699463e+02 1.337170004845e-01
2.415196990967e+02 3.932217955589e-01
2.415208282471e+02 6.982240080833e-01
2.415219573975e+02 1.008745789528e+00
2.415230865479e+02 1.331050872803e+00
2.415242156982e+02 1.533408999443e+00
2.415253448486e+02 1.432098746300e+00
2.415264739990e+02 1.088115692139e+00
2.415276031494e+02 9.497743248940e-01
2.415287322998e+02 1.528029680252e+00
2.415298614502e+02 1.946681976318e+00
2.415309906006e+02 2.312859296799e+00
2.415321197510e+02 2.074652671814e+00
2.415332489014e+02 1.872436404228e+00
2.415343780518e+02 1.814307570457e+00
2.415354919434e+02 1.028572320938e+00
2.415366210938e+02 3.837385773659e-01
2.415377502441e+02 1.676681339741e-01
2.415388793945e+02 1.253459155560e-01
2.415400085449e+02 3.932065367699e-01
2.415411376953e+02 4.526985883713e-01
2.415422668457e+02 2.258087098598e-01
2.415433959961e+02 7.566279172897e-02
2.415445251465e+02 9.948522597551e-02
2.415456542969e+02 1.278422027826e-01
2.415467834473e+02 2.185632437468e-01
2.415479125977e+02 2.135861665010e-01
2.415490417480e+02 3.267249464989e-01
2.415501708984e+02 3.788046836853e-01
2.415513000488e+02 1.064527779818e-01
2.415524291992e+02 1.700689494610e-01
2.415535583496e+02 3.346564173698e-01
2.415546875000e+02 4.523050189018e-01
2.415558166504e+02 6.227928400040e-01
2.415569458008e+02 5.651105642319e-01
2.415580749512e+02 1.614227145910e-01
2.415592041016e+02 2.267087250948e-01
2.415603332520e+02 1.238209128380e+00
2.415614624023e+02 2.317806959152e+00
2.415625915527e+02 2.222683668137e+00
2.415637207031e+02 1.822321772575e+00
2.415648498535e+02 8.633344769478e-01
2.415659790039e+02 3.343566954136e-01
2.415671081543e+02 2.336125224829e-01
2.415682373047e+02 9.744302183390e-02
2.415693664551e+02 2.266126498580e-02
2.415704956055e+02 1.349999457598e-01
2.415716247559e+02 7.300787419081e-02
2.415727539062e+02 -2.803135849535e-02
2.415738830566e+02 2.459114976227e-02
2.415750122070e+02 1.243100464344e-01
2.415761413574e+02 4.139362573624e-01
2.415772705078e+02 1.146262407303e+00
2.415783996582e+02 8.387430310249e-01
2.415795288086e+02 3.613186180592e-01
2.415806579590e+02 -5.615912005305e-02
2.415817871094e+02 -1.158513426781e-01
2.415829162598e+02 -1.093909293413e-01
2.415840454102e+02 -1.283887028694e-01
2.415851745605e+02 -9.652881324291e-02
2.415863037109e+02 -4.804246127605e-02
2.415874328613e+02 5.431538075209e-02
2.415885620117e+02 2.858885824680e-01
2.415896911621e+02 7.002226710320e-01
2.415908203125e+02 1.282958149910e+00
2.415919494629e+02 2.102377891541e+00
2.415930786133e+02 5.091928005219e+00
2.415942077637e+02 9.382697105408e+00
2.415953369141e+02 6.470598220825e+00
2.415964660645e+02 2.349137067795e+00
2.415975952148e+02 4.149972796440e-01
2.415987243652e+02 2.204504758120e-01
2.415998535156e+02 7.721698284149e-02
2.416009826660e+02 -3.606026992202e-02
2.416021118164e+02 -9.215661883354e-02
2.416032409668e+02 -1.166729182005e-01
2.416043701172e+02 -1.751009523869e-01
2.416054992676e+02 -8.421706408262e-02
2.416066131592e+02 -7.107993215322e-02
2.416077423096e+02 -1.800068169832e-01
2.416088714600e+02 -2.116079628468e-01
2.416100006104e+02 -2.964088022709e-01
2.416111297607e+02 -6.576962023973e-02
2.416122589111e+02 1.488631516695e-01
2.416133880615e+02 3.131616115570e-01
2.416145172119e+02 4.634684920311e-01
2.416156463623e+02 3.320496380329e-01
2.416167755127e+02 3.444383740425e-01
2.416179046631e+02 5.709152817726e-01
2.416190338135e+02 1.395686864853e+00
2.416201629639e+02 3.226245880127e+00
2.416212921143e+02 6.708300113678e+00
2.416224212646e+02 4.496868610382e+00
2.416235504150e+02 2.305602788925e+00
2.416246795654e+02 1.493747115135e+00
2.416258087158e+02 4.270361065865e-01
2.416269378662e+02 9.761570394039e-02
2.416280670166e+02 7.318097352982e-02
2.416291961670e+02 2.606274187565e-01
2.416303253174e+02 4.755546450615e-01
2.416314544678e+02 5.769832134247e-01
2.416325836182e+02 3.212937414646e-01
2.416337127686e+02 1.217006221414e-01
2.416348419189e+02 -2.905457094312e-02
2.416359710693e+02 -5.656337365508e-02
2.416371002197e+02 -1.013564877212e-03
2.416382293701e+02 -8.769813925028e-02
2.416393585205e+02 2.243707887828e-02
2.416404876709e+02 -6.457575596869e-03
2.416416168213e+02 1.250050961971e-01
2.416427459717e+02 2.964191138744e-01
2.416438751221e+02 3.618544638157e-01
2.416450042725e+02 8.239781260490e-01
2.416461334229e+02 2.099904775620e+00
2.416472625732e+02 4.629582405090e+00
2.416483917236e+02 6.065972328186e+00
2.416495208740e+02 4.203911304474e+00
2.416506500244e+02 4.947809219360e+00
2.416517791748e+02 5.713063240051e+00
2.416529083252e+02 4.128989696503e+00
2.416540374756e+02 2.597878456116e+00
2.416551666260e+02 1.630179405212e+00
2.416562957764e+02 1.196123003960e+00
2.416574249268e+02 1.207741022110e+00
2.416585540771e+02 1.578217744827e+00
2.416596832275e+02 9.013733863831e-01
2.416608123779e+02 3.783792555332e-01
2.416619415283e+02 -6.837888062000e-02
2.416630706787e+02 -1.430843323469e-01
2.416641998291e+02 -3.192741423845e-02
2.416653289795e+02 -5.996477231383e-02
2.416664581299e+02 -4.981932416558e-02
2.416675872803e+02 2.223893702030e-01
2.416687164307e+02 5.306429266930e-01
2.416698455811e+02 5.953332781792e-01
2.416709747314e+02 5.660713315010e-01
2.416721038818e+02 3.316412866116e-01
2.416732330322e+02 7.492004334927e-02
2.416743621826e+02 -8.212814480066e-02
2.416754913330e+02 -8.522456884384e-02
2.416766052246e+02 -1.325300037861e-01
2.416777343750e+02 -1.634076386690e-01
2.416788635254e+02 -1.227969974279e-01
2.416799926758e+02 -4.766733571887e-02
2.416811218262e+02 -1.140021383762e-01
2.416822509766e+02 -1.188170760870e-01
2.416833801270e+02 -1.040244009346e-02
2.416845092773e+02 -6.772877275944e-02
2.416856384277e+02 -9.827741235495e-02
2.416867675781e+02 -4.828545451164e-02
2.416878967285e+02 1.327171083540e-02
2.416890258789e+02 1.894632354379e-02
2.416901550293e+02 5.348993092775e-02
2.416912841797e+02 -5.235851183534e-02
2.416924133301e+02 -1.832778006792e-01
2.416935424805e+02 -1.475824862719e-01
2.416946716309e+02 -3.072809614241e-02
2.416958007812e+02 -2.959530241787e-02
2.416969299316e+02 -1.173432543874e-01
2.416980590820e+02 -2.250390797853e-01
2.416991882324e+02 -4.154834896326e-02
2.417003173828e+02 -1.053251177073e-01
2.417014465332e+02 -1.599373519421e-01
2.417025756836e+02 -1.474068760872e-01
2.417037048340e+02 -3.561932593584e-02
2.417048339844e+02 -3.439753130078e-02
2.417059631348e+02 3.429305553436e-02
2.417070922852e+02 8.610530197620e-02
2.417082214355e+02 1.120463833213e-01
2.417093505859e+02 1.121320426464e-01
2.417104797363e+02 1.925762742758e-01
2.417116088867e+02 2.132002711296e-01
2.417127380371e+02 1.675600707531e-01
2.417138671875e+02 1.185250431299e-01
2.417149963379e+02 1.281168963760e-02
2.417161254883e+02 -8.211285620928e-02
2.417172546387e+02 -1.721658110619e-01
2.417183837891e+02 -3.075244426727e-01
2.417195129395e+02 -1.574807465076e-01
2.417206420898e+02 -1.593489795923e-01
2.417217712402e+02 -8.311025798321e-02
2.417229003906e+02 -9.937819093466e-02
2.417240295410e+02 1.268541067839e-01
2.417251586914e+02 3.057930767536e-01
2.417262878418e+02 4.052860438824e-01
2.417274169922e+02 5.350639820099e-01
2.417285461426e+02 1.125675678253e+00
2.417296752930e+02 2.615446567535e+00
2.417308044434e+02 9.211101531982e+00
2.417319335938e+02 1.716344070435e+01
2.417330627441e+02 2.153464508057e+01
2.417341918945e+02 1.921931076050e+01
2.417353210449e+02 1.195277404785e+01
2.417364501953e+02 7.459134578705e+00
2.417375793457e+02 5.927984237671e+00
2.417387084961e+02 4.762214660645e+00
2.417398376465e+02 6.589279651642e+00
2.417409667969e+02 7.775018215179e+00
2.417420959473e+02 5.786034107208e+00
2.417432250977e+02 3.218307733536e+00
2.417443542480e+02 2.135464191437e+00
2.417454833984e+02 1.423311114311e+00
2.417466125488e+02 8.087053298950e-01
2.417477264404e+02 8.482009768486e-01
2.417488555908e+02 7.251119017601e-01
2.417499847412e+02 4.182626605034e-01
2.417511138916e+02 1.140889972448e-01
2.417522430420e+02 1.525950580835e-01
2.417533721924e+02 9.679464623332e-03
2.417545013428e+02 -5.230061337352e-02
2.417556304932e+02 -6.242007482797e-03
2.417567596436e+02 1.312324851751e-01
2.417578887939e+02 -4.485825449228e-02
2.417590179443e+02 -7.390347123146e-02
2.417601470947e+02 -1.999925374985e-01
2.417612762451e+02 -1.671899706125e-01
2.417624053955e+02 -1.420901156962e-02
2.417635345459e+02 -4.492919892073e-02
2.417646636963e+02 -5.453359335661e-03
2.417657928467e+02 1.828188821673e-02
2.417669219971e+02 8.940210938454e-02
2.417680511475e+02 3.154636025429e-01
2.417691802979e+02 6.407957673073e-01
2.417703094482e+02 6.797243952751e-01
2.417714385986e+02 4.231724441051e-01
2.417725677490e+02 4.206526875496e-01
2.417736968994e+02 3.813734352589e-01
2.417748260498e+02 3.243373334408e-01
2.417759552002e+02 3.553025722504e-01
2.417770843506e+02 5.230152010918e-01
2.417782135010e+02 5.066336989403e-01
2.417793426514e+02 3.480077981949e-01
2.417804718018e+02 2.194869518280e-01
2.417816009521e+02 1.428629606962e-01
2.417827301025e+02 4.654025286436e-02
2.417838592529e+02 -8.831074461341e-03
2.417849884033e+02 2.969071269035e-03
2.417861175537e+02 5.997677519917e-02
2.417872467041e+02 3.409885987639e-02
2.417883758545e+02 -4.545769095421e-02
2.417895050049e+02 1.066359952092e-01
2.417906341553e+02 3.902620375156e-01
2.417917633057e+02 5.178383588791e-01
2.417928924561e+02 4.402083456516e-01
2.417940216064e+02 5.072404146194e-01
2.417951507568e+02 1.038673877716e+00
2.417962799072e+02 1.449902892113e+00
2.417974090576e+02 6.265391826630e+00
2.417985382080e+02 1.374615383148e+01
2.417996673584e+02 2.090117454529e+01
2.418007965088e+02 2.212601089478e+01
2.418019256592e+02 1.392176723480e+01
2.418030548096e+02 3.732462644577e+00
2.418041839600e+02 4.637677669525e+00
2.418053131104e+02 8.856018066406e+00
2.418064422607e+02 1.221186637878e+01
2.418075714111e+02 1.026657199860e+01
2.418087005615e+02 5.698181629181e+00
2.418098297119e+02 2.828230142593e+00
2.418109588623e+02 2.045898675919e+00
2.418120880127e+02 2.291320562363e+00
2.418132171631e+02 2.682680368423e+00
2.418143463135e+02 2.410363912582e+00
2.418154754639e+02 1.251077175140e+00
2.418166046143e+02 3.768445849419e-01
2.418177185059e+02 4.591284692287e-01
2.418188476562e+02 4.837036132812e-01
2.418199768066e+02 1.258439421654e+00
2.418211059570e+02 3.624836683273e+00
2.418222351074e+02 1.050581836700e+01
2.418233642578e+02 1.935563087463e+01
2.418244934082e+02 2.354019165039e+01
2.418256225586e+02 1.812005233765e+01
2.418267517090e+02 6.577499389648e+00
2.418278808594e+02 9.449774622917e-01
2.418290100098e+02 5.435201525688e-01
2.418301391602e+02 4.674678444862e-01
2.418312683105e+02 3.024357557297e-01
2.418323974609e+02 2.342295199633e-01
2.418335266113e+02 4.301175177097e-01
2.418346557617e+02 6.847665905952e-01
2.418357849121e+02 1.696406483650e+00
2.418369140625e+02 5.766720294952e+00
2.418380432129e+02 1.311533832550e+01
2.418391723633e+02 2.016049957275e+01
2.418403015137e+02 1.698995399475e+01
2.418414306641e+02 9.406240463257e+00
2.418425598145e+02 2.528627157211e+00
2.418436889648e+02 4.613112926483e+00
2.418448181152e+02 1.105477809906e+01
2.418459472656e+02 1.746066856384e+01
2.418470764160e+02 1.343154907227e+01
2.418482055664e+02 6.692156791687e+00
2.418493347168e+02 1.739005804062e+00
2.418504638672e+02 1.150326251984e+00
2.418515930176e+02 2.792707085609e-01
2.418527221680e+02 1.813881844282e-01
2.418538513184e+02 2.136780507863e-02
2.418549804688e+02 2.330133318901e-02
2.418561096191e+02 2.650737762451e-01
2.418572387695e+02 4.860557317734e-01
2.418583679199e+02 5.779849290848e-01
2.418594970703e+02 2.986576080322e+00
2.418606262207e+02 7.826381683350e+00
2.418617553711e+02 1.480787849426e+01
2.418628845215e+02 1.909897422791e+01
2.418640136719e+02 1.933274078369e+01
2.418651428223e+02 2.179548263550e+01
2.418662719727e+02 2.232216072083e+01
2.418674011230e+02 1.668177413940e+01
2.418685302734e+02 4.677947044373e+00
2.418696594238e+02 1.376776456833e+00
2.418707885742e+02 1.511570930481e+00
2.418719177246e+02 3.310572862625e+00
2.418730468750e+02 9.217006683350e+00
2.418741760254e+02 1.770844459534e+01
2.418753051758e+02 2.335485076904e+01
2.418764343262e+02 2.426826095581e+01
2.418775634766e+02 1.795359230042e+01
2.418786926270e+02 8.696894645691e+00
2.418798217773e+02 1.348953485489e+00
2.418809509277e+02 1.539469599724e+00
2.418820800781e+02 3.293162822723e+00
2.418832092285e+02 9.152308464050e+00
2.418843383789e+02 1.590937328339e+01
2.418854675293e+02 1.870672225952e+01
2.418865966797e+02 1.374464893341e+01
2.418877258301e+02 4.251553058624e+00
2.418888397217e+02 5.020446777344e-01
2.418899688721e+02 4.719418585300e-01
2.418910980225e+02 6.890277862549e-01
2.418922271729e+02 1.222111463547e+00
2.418933563232e+02 1.194911360741e+00
2.418944854736e+02 7.619612812996e-01
2.418956146240e+02 3.483250737190e-01
2.418967437744e+02 1.588790118694e-01
2.418978729248e+02 2.435676008463e-02
2.418990020752e+02 -9.066792577505e-02
2.419001312256e+02 -2.410096861422e-02
2.419012603760e+02 1.494888514280e-01
2.419023895264e+02 4.832152724266e-01
2.419035186768e+02 7.985586524010e-01
2.419046478271e+02 8.113646507263e-01
2.419057769775e+02 8.051972389221e-01
2.419069061279e+02 9.581953883171e-01
2.419080352783e+02 1.954317092896e+00
2.419091644287e+02 5.466985702515e+00
2.419102935791e+02 1.301889324188e+01
2.419114227295e+02 1.972934913635e+01
2.419125518799e+02 2.020876121521e+01
2.419136810303e+02 1.329963874817e+01
2.419148101807e+02 3.618162393570e+00
2.419159393311e+02 1.381592392921e+00
2.419170684814e+02 2.041169166565e+00
2.419181976318e+02 7.515680313110e+00
2.419193267822e+02 1.556185626984e+01
2.419204559326e+02 1.959409713745e+01
2.419215850830e+02 1.723617172241e+01
2.419227142334e+02 9.124388694763e+00
2.419238433838e+02 7.430303096771e-01
2.419249725342e+02 5.303933024406e-01
2.419261016846e+02 4.067434370518e-01
2.419272308350e+02 3.857764005661e-01
2.419283599854e+02 6.740483045578e-01
2.419294891357e+02 9.908218979836e-01
2.419306182861e+02 1.023151993752e+00
2.419317474365e+02 8.425273299217e-01
2.419328765869e+02 1.458999633789e+00
2.419340057373e+02 4.375205039978e+00
2.419351348877e+02 1.180000591278e+01
2.419362640381e+02 1.989075851440e+01
2.419373931885e+02 2.398172378540e+01
2.419385223389e+02 2.125058746338e+01
2.419396514893e+02 9.868454933167e+00
2.419407806396e+02 1.516690135002e+00
2.419419097900e+02 5.199005603790e-01
2.419430389404e+02 1.794988065958e-01
2.419441680908e+02 8.489347249269e-02
2.419452972412e+02 7.782329618931e-02
2.419464263916e+02 6.436277925968e-02
2.419475555420e+02 1.088342256844e-02
2.419486846924e+02 -3.547526150942e-02
2.419498138428e+02 -8.689172565937e-02
2.419509429932e+02 3.616404905915e-02
2.419520721436e+02 2.625373899937e-01
2.419532012939e+02 6.276856064796e-01
2.419543304443e+02 1.243955254555e+00
2.419554595947e+02 1.584166884422e+00
2.419565887451e+02 1.131249070168e+00
2.419577178955e+02 3.505408167839e-01
2.419588317871e+02 2.989224717021e-02
2.419599609375e+02 -2.958007715642e-02
2.419610900879e+02 4.977415129542e-02
2.419622192383e+02 2.863088846207e-01
2.419633483887e+02 7.014017105103e-01
2.419644775391e+02 1.176948308945e+00
2.419656066895e+02 1.459142684937e+00
2.419667358398e+02 9.528723955154e-01
2.419678649902e+02 4.461149573326e-01
2.419689941406e+02 1.679527461529e-01
2.419701232910e+02 -3.733375295997e-02
2.419712524414e+02 -5.279257893562e-02
2.419723815918e+02 -1.727651506662e-01
2.419735107422e+02 -6.565000861883e-02
2.419746398926e+02 -3.318352857605e-03
2.419757690430e+02 4.634022712708e-02
2.419768981934e+02 1.103988051414e+00
2.419780273438e+02 3.320170879364e+00
2.419791564941e+02 5.669802188873e+00
2.419802856445e+02 4.460672855377e+00
2.419814147949e+02 8.778718709946e-01
2.419825439453e+02 9.506676346064e-02
2.419836730957e+02 -2.121909894049e-02
2.419848022461e+02 -8.928932994604e-02
2.419859313965e+02 1.091087162495e-01
2.419870605469e+02 -1.533772051334e-01
2.419881896973e+02 -9.377038478851e-02
2.419893188477e+02 -4.703429341316e-02
2.419904479980e+02 2.486603409052e-01
2.419915771484e+02 5.462744832039e-01
2.419927062988e+02 3.888625502586e-01
2.419938354492e+02 9.380864351988e-02
2.419949645996e+02 2.786915376782e-02
2.419960937500e+02 2.672245167196e-02
2.419972229004e+02 -3.952186927199e-02
2.419983520508e+02 -7.023926079273e-02
2.419994812012e+02 9.330334141850e-03
2.420006103516e+02 2.054948508739e-01
2.420017395020e+02 6.304637193680e-01
2.420028686523e+02 1.029153704643e+00
2.420039978027e+02 9.676587581635e-01
2.420051269531e+02 5.894678235054e-01
2.420062561035e+02 2.879658043385e-01
2.420073852539e+02 1.663971394300e-01
2.420085144043e+02 -1.011564489454e-02
2.420096435547e+02 5.411163344979e-02
2.420107727051e+02 1.979876160622e-01
2.420119018555e+02 1.610865145922e-01
2.420130310059e+02 1.302132904530e-01
2.420141601562e+02 7.011244446039e-02
2.420152893066e+02 5.977412220091e-03
2.420164184570e+02 5.149701610208e-02
2.420175476074e+02 2.730168104172e-01
2.420186767578e+02 3.383908271790e-01
2.420198059082e+02 3.514863550663e-01
2.420209350586e+02 4.734316766262e-01
2.420220642090e+02 3.871694803238e-01
2.420231933594e+02 2.549365758896e-01
2.420243225098e+02 4.920889437199e-02
2.420254516602e+02 -1.297128498554e-01
2.420265808105e+02 -1.241857782006e-01
2.420277099609e+02 -5.917654931545e-02
2.420288238525e+02 1.568941473961e-01
2.420299530029e+02 4.951600730419e-01
2.420310821533e+02 3.244685530663e-01
2.420322113037e+02 1.883747428656e-01
2.420333404541e+02 3.068917691708e-01
2.420344696045e+02 7.549892067909e-01
2.420355987549e+02 8.060248494148e-01
2.420367279053e+02 6.552644371986e-01
2.420378570557e+02 2.499285191298e-01
2.420389862061e+02 1.057770941406e-02
2.420401153564e+02 -1.172680035233e-01
2.420412445068e+02 -1.919303536415e-01
2.420423736572e+02 7.926051504910e-03
2.420435028076e+02 2.455752575770e-03
2.420446319580e+02 4.501673206687e-02
2.420457611084e+02 -2.673612907529e-02
2.420468902588e+02 -8.875312656164e-02
2.420480194092e+02 -3.736611455679e-02
2.420491485596e+02 -1.428449600935e-01
2.420502777100e+02 -1.717060208321e-01
2.420514068604e+02 -7.964045740664e-03
2.420525360107e+02 4.687617346644e-02
2.420536651611e+02 1.057995557785e-01
2.420547943115e+02 1.267066597939e-01
2.420559234619e+02 4.186602681875e-02
2.420570526123e+02 -7.873412966728e-02
2.420581817627e+02 -1.103783175349e-01
2.420593109131e+02 -1.915557235479e-01
2.420604400635e+02 -1.017958074808e-01
2.420615692139e+02 -1.370056718588e-01
2.420626983643e+02 -2.015875875950e-01
2.420638275146e+02 -1.670878231525e-01
2.420649566650e+02 -1.074912697077e-01
2.420660858154e+02 9.504459798336e-02
2.420672149658e+02 2.053282111883e-01
2.420683441162e+02 3.338752985001e-01
2.420694732666e+02 2.593529522419e-01
2.420706024170e+02 8.200344629586e-03
2.420717315674e+02 -1.001710444689e-01
2.420728607178e+02 -4.124900698662e-02
2.420739898682e+02 -1.494083553553e-01
2.420751190186e+02 -1.817711740732e-01
2.420762481689e+02 -8.543753623962e-02
2.420773773193e+02 1.342229545116e-01
2.420785064697e+02 1.900824904442e-01
2.420796356201e+02 9.694851934910e-02
2.420807647705e+02 2.375989556313e-01
2.420818939209e+02 2.506951093674e-01
2.420830230713e+02 6.000839471817e-01
2.420841522217e+02 1.055546760559e+00
2.420852813721e+02 1.351716279984e+00
2.420864105225e+02 8.160589337349e-01
2.420875396729e+02 2.700335085392e-01
2.420886688232e+02 1.181077584624e-01
2.420897979736e+02 8.330199122429e-02
2.420909271240e+02 1.077234372497e-01
2.420920562744e+02 1.557224541903e-01
2.420931854248e+02 1.193415746093e-01
2.420943145752e+02 1.117886677384e-01
2.420954437256e+02 3.637732565403e-01
2.420965728760e+02 5.468409061432e-01
2.420977020264e+02 4.301214516163e-01
2.420988311768e+02 3.765957057476e-01
2.420999450684e+02 1.100471496582e+00
2.421010742188e+02 1.658059000969e+00
2.421022033691e+02 1.311610460281e+00
2.421033325195e+02 6.042099595070e-01
2.421044616699e+02 1.021459579468e+00
2.421055908203e+02 9.950569868088e-01
2.421067199707e+02 1.087804079056e+00
2.421078491211e+02 6.837790012360e-01
2.421089782715e+02 2.935553789139e-01
2.421101074219e+02 1.367924213409e-01
2.421112365723e+02 1.159574091434e-02
2.421123657227e+02 4.300689697266e-02
2.421134948730e+02 2.225037813187e-01
2.421146240234e+02 3.431595265865e-01
2.421157531738e+02 8.633581548929e-02
2.421168823242e+02 -3.347271308303e-02
2.421180114746e+02 -9.439144283533e-03
2.421191406250e+02 -4.143948480487e-02
2.421202697754e+02 -1.353743672371e-01
2.421213989258e+02 -1.457010805607e-01
2.421225280762e+02 -1.338419467211e-01
2.421236572266e+02 -1.982910931110e-01
2.421247863770e+02 -1.926254481077e-01
2.421259155273e+02 -1.349111795425e-01
2.421270446777e+02 -8.845556527376e-02
2.421281738281e+02 -1.757336109877e-01
2.421293029785e+02 -1.036586314440e-01
2.421304321289e+02 6.304528564215e-02
2.421315612793e+02 -4.416159167886e-02
2.421326904297e+02 -8.898022770882e-02
2.421338195801e+02 5.812828242779e-02
2.421349487305e+02 3.208214044571e-01
2.421360778809e+02 4.317463934422e-01
2.421372070312e+02 1.423819422722e+00
2.421383361816e+02 2.452830314636e+00
2.421394653320e+02 2.956377267838e+00
2.421405944824e+02 5.676817297935e-01
2.421417236328e+02 3.067479431629e-01
2.421428527832e+02 2.363296225667e-04
2.421439819336e+02 2.349771931767e-02
2.421451110840e+02 1.594762951136e-01
2.421462402344e+02 1.182249337435e-01
2.421473693848e+02 1.151894032955e-01
2.421484985352e+02 6.266186833382e-01
2.421496276855e+02 1.675590872765e+00
2.421507568359e+02 2.839477300644e+00
2.421518859863e+02 2.410884618759e+00
2.421530151367e+02 1.126067638397e+00
2.421541442871e+02 2.635170817375e-01
2.421552734375e+02 1.049339026213e-01
2.421564025879e+02 7.556835561991e-02
2.421575317383e+02 4.064667504281e-03
2.421586608887e+02 3.223286941648e-02
2.421597900391e+02 6.279562413692e-02
2.421609191895e+02 3.393695503473e-02
2.421620483398e+02 1.128735095263e-01
2.421631774902e+02 1.095505282283e-01
2.421643066406e+02 4.304889217019e-02
2.421654357910e+02 4.138411954045e-02
2.421665649414e+02 -1.756717823446e-02
2.421676940918e+02 -9.378292411566e-02
2.421688232422e+02 -5.777590349317e-02
2.421699371338e+02 -7.130920886993e-02
2.421710662842e+02 -2.737900055945e-02
2.421721954346e+02 8.920689672232e-02
2.421733245850e+02 2.634315490723e-01
2.421744537354e+02 6.341218352318e-01
2.421755828857e+02 5.900754332542e-01
2.421767120361e+02 2.713905274868e-01
2.421778411865e+02 1.473414897919e-01
2.421789703369e+02 -1.984479749808e-04
2.421800994873e+02 -6.838753819466e-02
2.421812286377e+02 -1.905188113451e-01
2.421823577881e+02 1.027521416545e-01
2.421834869385e+02 -5.847803875804e-02
2.421846160889e+02 -1.367366127670e-02
2.421857452393e+02 -1.154066622257e-01
2.421868743896e+02 -1.112872511148e-01
2.421880035400e+02 8.162987232208e-02
2.421891326904e+02 4.070533439517e-02
2.421902618408e+02 2.092609703541e-01
2.421913909912e+02 4.473666548729e-01
2.421925201416e+02 4.853725433350e-01
2.421936492920e+02 1.307693004608e+00
2.421947784424e+02 1.624581336975e+00
2.421959075928e+02 1.495307326317e+00
2.421970367432e+02 1.171847105026e+00
2.421981658936e+02 1.007819652557e+00
2.421992950439e+02 5.209688544273e-01
2.422004241943e+02 4.231360554695e-01
2.422015533447e+02 2.088746726513e-01
2.422026824951e+02 3.554050624371e-01
2.422038116455e+02 4.383193552494e-01
2.422049407959e+02 5.812035202980e-01
2.422060699463e+02 6.582394242287e-01
2.422071990967e+02 7.653858065605e-01
2.422083282471e+02 1.057345151901e+00
2.422094573975e+02 1.045959234238e+00
2.422105865479e+02 1.118805170059e+00
2.422117156982e+02 1.124097585678e+00
2.422128448486e+02 9.368395805359e-01
2.422139739990e+02 7.477183938026e-01
2.422151031494e+02 7.263869047165e-01
2.422162322998e+02 6.260205507278e-01
2.422173614502e+02 4.297010302544e-01
2.422184906006e+02 4.950001835823e-01
2.422196197510e+02 2.909018099308e-01
2.422207489014e+02 1.889654397964e-01
2.422218780518e+02 3.391791284084e-01
2.422230072021e+02 6.095829606056e-01
2.422241363525e+02 7.968120574951e-01
2.422252655029e+02 5.406588315964e-01
2.422263946533e+02 3.196241557598e-01
2.422275238037e+02 9.353004693985e-01
2.422286529541e+02 1.728424906731e+00
2.422297821045e+02 1.973314762115e+00
2.422309112549e+02 1.520516157150e+00
2.422320404053e+02 1.064315676689e+00
2.422331695557e+02 5.489266514778e-01
2.422342987061e+02 1.680492311716e-01
2.422354278564e+02 2.742547392845e-01
2.422365570068e+02 4.631011784077e-01
2.422376861572e+02 8.067342638969e-01
2.422388153076e+02 1.205826401711e+00
2.422399444580e+02 1.771597862244e+00
2.422410583496e+02 1.707750439644e+00
2.422421875000e+02 1.808106064796e+00
2.422433166504e+02 1.942697763443e+00
2.422444458008e+02 1.505733370781e+00
2.422455749512e+02 7.984344959259e-01
2.422467041016e+02 4.529553949833e-01
2.422478332520e+02 4.790351092815e-01
2.422489624023e+02 9.787122011185e-01
2.422500915527e+02 1.185897111893e+00
2.422512207031e+02 1.033690452576e+00
2.422523498535e+02 1.091093063354e+00
2.422534790039e+02 1.535022258759e+00
2.422546081543e+02 1.837474346161e+00
2.422557373047e+02 1.100418090820e+00
2.422568664551e+02 5.726314187050e-01
2.422579956055e+02 3.222445547581e-01
2.422591247559e+02 1.663192063570e-01
2.422602539062e+02 2.279784232378e-01
2.422613830566e+02 8.682134747505e-02
2.422625122070e+02 3.170529380441e-02
2.422636413574e+02 -9.613633155823e-02
2.422647705078e+02 -6.806696951389e-02
2.422658996582e+02 1.063133776188e-02
2.422670288086e+02 3.994195163250e-02
2.422681579590e+02 1.943837404251e-01
2.422692871094e+02 3.545590937138e-01
2.422704162598e+02 5.465346574783e-01
2.422715454102e+02 6.156467199326e-01
2.422726745605e+02 3.671491146088e-01
2.422738037109e+02 2.063191533089e-01
2.422749328613e+02 3.484304249287e-01
2.422760620117e+02 1.076025843620e+00
2.422771911621e+02 1.714276432991e+00
2.422783203125e+02 2.023580312729e+00
2.422794494629e+02 1.730328917503e+00
2.422805786133e+02 1.029335379601e+00
2.422817077637e+02 4.493423700333e-01
2.422828369141e+02 1.952670216560e-01
2.422839660645e+02 7.673513144255e-02
2.422850952148e+02 5.553685501218e-02
2.422862243652e+02 -1.966891251504e-02
2.422873535156e+02 -1.329397200607e-03
2.422884826660e+02 3.246252611279e-02
2.422896118164e+02 2.701039016247e-01
2.422907409668e+02 4.253015294671e-02
2.422918701172e+02 5.502975545824e-04
2.422929992676e+02 3.401413559914e-01
2.422941284180e+02 8.420326709747e-01
2.422952575684e+02 1.280246257782e+00
2.422963867188e+02 7.548100948334e-01
2.422975158691e+02 4.457223713398e-01
2.422986450195e+02 5.787024497986e-01
2.422997741699e+02 7.155296802521e-01
2.423009033203e+02 4.630267620087e-01
2.423020324707e+02 5.659475326538e-01
2.423031616211e+02 1.095872640610e+00
2.423042907715e+02 1.398472666740e+00
2.423054199219e+02 6.201214790344e-01
2.423065490723e+02 7.527274638414e-02
2.423076782227e+02 2.758262865245e-02
2.423088073730e+02 5.491583943367e-01
2.423099365234e+02 1.165389895439e+00
2.423110504150e+02 1.117472767830e+00
2.423121795654e+02 1.113552927971e+00
2.423133087158e+02 9.705056548119e-01
2.423144378662e+02 7.375612854958e-01
2.423155670166e+02 3.418717384338e-01
2.423166961670e+02 3.291555047035e-01
2.423178253174e+02 3.449741303921e-01
2.423189544678e+02 3.878671228886e-01
2.423200836182e+02 3.805455863476e-01
2.423212127686e+02 2.632940113544e-01
2.423223419189e+02 3.163528069854e-02
2.423234710693e+02 3.717539086938e-02
2.423246002197e+02 1.784453839064e-01
2.423257293701e+02 6.993903964758e-02
2.423268585205e+02 8.183349668980e-02
2.423279876709e+02 6.971113383770e-02
2.423291168213e+02 8.372119814157e-02
2.423302459717e+02 2.217137068510e-01
2.423313751221e+02 1.827602833509e-01
2.423325042725e+02 3.005676530302e-02
2.423336334229e+02 9.548057615757e-02
2.423347625732e+02 -7.220542430878e-02
2.423358917236e+02 -1.219142600894e-01
2.423370208740e+02 6.888279318810e-02
2.423381500244e+02 6.699438393116e-02
2.423392791748e+02 1.473287343979e-01
2.423404083252e+02 4.519041478634e-01
2.423415374756e+02 9.927263259888e-01
2.423426666260e+02 1.184945225716e+00
2.423437957764e+02 6.151484251022e-01
2.423449249268e+02 2.730647027493e-01
2.423460540771e+02 7.107935845852e-02
2.423471832275e+02 -1.663546413183e-01
2.423483123779e+02 -2.441869862378e-02
2.423494415283e+02 -5.071120709181e-02
2.423505706787e+02 8.999074995518e-02
2.423516998291e+02 6.832585483789e-02
2.423528289795e+02 1.711705885828e-02
2.423539581299e+02 -4.248853400350e-02
2.423550872803e+02 -6.395041942596e-02
2.423562164307e+02 -1.946806758642e-01
2.423573455811e+02 -6.027527526021e-02
2.423584747314e+02 6.578920781612e-02
2.423596038818e+02 -6.115946546197e-02
2.423607330322e+02 -6.668889522552e-02
2.423618621826e+02 -7.000835239887e-02
2.423629913330e+02 -1.184730678797e-01
2.423641204834e+02 -2.002992182970e-01
2.423652496338e+02 -2.295977324247e-01
2.423663787842e+02 -1.543148159981e-01
2.423675079346e+02 -1.882378160954e-01
2.423686370850e+02 -1.609270423651e-01
2.423697662354e+02 -2.251763492823e-01
2.423708953857e+02 -1.665509045124e-01
2.423720245361e+02 -6.011551246047e-02
2.423731536865e+02 5.092921480536e-02
2.423742828369e+02 9.592271596193e-02
2.423754119873e+02 1.389984935522e-01
2.423765411377e+02 3.634100258350e-01
2.423776702881e+02 9.452220797539e-01
2.423787994385e+02 1.866341948509e+00
2.423799285889e+02 1.995323181152e+00
2.423810577393e+02 1.731403470039e+00
2.423821716309e+02 2.179768085480e+00
2.423833007812e+02 1.741868495941e+00
2.423844299316e+02 5.058677196503e-01
2.423855590820e+02 3.456612303853e-02
2.423866882324e+02 3.065962903202e-02
2.423878173828e+02 1.506267189980e-01
2.423889465332e+02 9.068579226732e-02
2.423900756836e+02 -1.019057631493e-02
2.423912048340e+02 -4.488253965974e-02
2.423923339844e+02 4.047310352325e-02
2.423934631348e+02 7.999754697084e-02
2.423945922852e+02 -5.031394213438e-02
2.423957214355e+02 -6.681379675865e-02
2.423968505859e+02 -7.239478174597e-03
2.423979797363e+02 2.219192683697e-02
2.423991088867e+02 1.312865465879e-01
2.424002380371e+02 1.908529400826e-01
2.424013671875e+02 3.009107410908e-01
2.424024963379e+02 3.512706756592e-01
2.424036254883e+02 4.520893692970e-01
2.424047546387e+02 6.629602909088e-01
2.424058837891e+02 1.549620389938e+00
2.424070129395e+02 1.891322851181e+00
2.424081420898e+02 1.821701526642e+00
2.424092712402e+02 1.669332504272e+00
2.424104003906e+02 1.292704939842e+00
2.424115295410e+02 1.219855070114e+00
2.424126586914e+02 1.020411968231e+00
2.424137878418e+02 8.511664271355e-01
2.424149169922e+02 7.591121792793e-01
2.424160461426e+02 5.475611090660e-01
2.424171752930e+02 5.361796021461e-01
2.424183044434e+02 9.592471718788e-01
2.424194335938e+02 1.434782743454e+00
2.424205627441e+02 1.175258994102e+00
2.424216918945e+02 6.676235198975e-01
2.424228210449e+02 7.012000679970e-01
2.424239501953e+02 9.404422044754e-01
2.424250793457e+02 8.260678052902e-01
2.424262084961e+02 4.063462316990e-01
2.424273376465e+02 2.973595559597e-01
2.424284667969e+02 3.539451062679e-01
2.424295959473e+02 1.619253158569e+00
2.424307250977e+02 3.278563261032e+00
2.424318542480e+02 4.177894115448e+00
2.424329833984e+02 2.197380781174e+00
2.424341125488e+02 5.214017629623e-01
2.424352416992e+02 5.102169141173e-02
2.424363708496e+02 -1.034382134676e-01
2.424375000000e+02 1.105278823525e-02
2.424386291504e+02 -3.904180368409e-03
2.424397583008e+02 5.060182884336e-02
2.424408874512e+02 4.283976554871e-02
2.424420166016e+02 -8.368081599474e-02
2.424431457520e+02 -2.581283450127e-01
2.424442749023e+02 -1.920697838068e-01
2.424454040527e+02 -1.039505153894e-01
2.424465332031e+02 -2.186185680330e-02
2.424476623535e+02 -1.814735680819e-01
2.424487915039e+02 7.483766414225e-03
2.424499206543e+02 -3.190125524998e-02
2.424510498047e+02 1.325500011444e-01
2.424521636963e+02 1.245633438230e-01
2.424532928467e+02 6.184763088822e-02
2.424544219971e+02 2.837415412068e-02
2.424555511475e+02 3.168565332890e-01
2.424566802979e+02 6.629995107651e-01
2.424578094482e+02 8.100305795670e-01
2.424589385986e+02 4.429256916046e-01
2.424600677490e+02 3.230767846107e-01
2.424611968994e+02 7.391775250435e-01
2.424623260498e+02 1.297236680984e+00
2.424634552002e+02 1.044233798981e+00
2.424645843506e+02 3.154631853104e-01
2.424657135010e+02 7.542619109154e-02
2.424668426514e+02 5.372149944305e-01
2.424679718018e+02 9.215121269226e-01
2.424691009521e+02 6.505167484283e-01
2.424702301025e+02 3.119881153107e-01
2.424713592529e+02 3.337341845036e-01
2.424724884033e+02 4.881542325020e-01
2.424736175537e+02 9.044021964073e-01
2.424747467041e+02 1.468785762787e+00
2.424758758545e+02 3.349210977554e+00
2.424770050049e+02 6.721884727478e+00
2.424781341553e+02 1.167785358429e+01
2.424792633057e+02 1.654743957520e+01
2.424803924561e+02 1.113799858093e+01
2.424815216064e+02 3.263816118240e+00
2.424826507568e+02 3.445136249065e-01
2.424837799072e+02 2.959217131138e-01
2.424849090576e+02 3.772234171629e-02
2.424860382080e+02 3.307020291686e-02
2.424871673584e+02 4.502337053418e-02
2.424882965088e+02 -1.071167513728e-01
2.424894256592e+02 -1.301430314779e-01
2.424905548096e+02 -1.070306450129e-01
2.424916839600e+02 -2.351167947054e-01
2.424928131104e+02 -2.672775983810e-01
2.424939422607e+02 -1.871328055859e-02
2.424950714111e+02 1.357672214508e-01
2.424962005615e+02 3.232492804527e-01
2.424973297119e+02 6.664627194405e-01
2.424984588623e+02 1.195410609245e+00
2.424995880127e+02 1.519010663033e+00
2.425007171631e+02 1.378910064697e+00
2.425018463135e+02 1.747522592545e+00
2.425029754639e+02 2.806904315948e+00
2.425041046143e+02 1.701911091805e+00
2.425052337646e+02 5.973346233368e-01
2.425063629150e+02 8.292052149773e-01
2.425074920654e+02 1.637716293335e+00
2.425086212158e+02 2.332478284836e+00
2.425097503662e+02 1.064092278481e+00
2.425108795166e+02 1.308184396476e-02
2.425120086670e+02 -4.312863573432e-02
2.425131378174e+02 -4.900427907705e-02
2.425142669678e+02 -7.513201981783e-02
2.425153961182e+02 -6.907044351101e-02
2.425165252686e+02 2.992396056652e-02
2.425176544189e+02 2.211165279150e-01
2.425187835693e+02 3.335054516792e-01
2.425199127197e+02 8.266301155090e-01
2.425210418701e+02 2.372620344162e+00
2.425221557617e+02 4.912373542786e+00
2.425232849121e+02 8.152712821960e+00
2.425244140625e+02 4.383394718170e+00
2.425255432129e+02 1.307112216949e+00
2.425266723633e+02 3.435168564320e-01
2.425278015137e+02 1.344791203737e-01
2.425289306641e+02 1.128095388412e-01
2.425300598145e+02 1.000607013702e-01
2.425311889648e+02 9.699529409409e-02
2.425323181152e+02 2.265535108745e-02
2.425334472656e+02 -7.698829472065e-02
2.425345764160e+02 -4.344073310494e-02
2.425357055664e+02 -1.099848300219e-01
2.425368347168e+02 -1.445005238056e-01
2.425379638672e+02 -1.615065783262e-01
2.425390930176e+02 -1.053045913577e-01
2.425402221680e+02 -1.482585817575e-01
2.425413513184e+02 -2.316503971815e-01
2.425424804688e+02 -1.006658896804e-01
2.425436096191e+02 4.939075931907e-02
2.425447387695e+02 3.418593481183e-02
2.425458679199e+02 -1.194323897362e-01
2.425469970703e+02 -2.444539777935e-02
2.425481262207e+02 -2.441528253257e-02
2.425492553711e+02 -6.809969246387e-02
2.425503845215e+02 -1.261340379715e-01
2.425515136719e+02 -1.008967757225e-01
2.425526428223e+02 -5.830496922135e-02
2.425537719727e+02 1.105158925056e-01
2.425549011230e+02 2.486307919025e-01
2.425560302734e+02 1.175204634666e+00
2.425571594238e+02 1.874166965485e+00
2.425582885742e+02 9.782897830009e-01
2.425594177246e+02 2.605096697807e-01
2.425605468750e+02 2.046692818403e-01
2.425616760254e+02 1.751079410315e-01
2.425628051758e+02 1.990813761950e-01
2.425639343262e+02 3.074084520340e-01
2.425650634766e+02 4.403654038906e-01
2.425661926270e+02 7.044352889061e-01
2.425673217773e+02 8.231555223465e-01
2.425684509277e+02 1.051513910294e+00
2.425695800781e+02 1.037613868713e+00
2.425707092285e+02 3.827338516712e-01
2.425718383789e+02 -8.212247490883e-02
2.425729675293e+02 -4.708025231957e-02
2.425740966797e+02 2.115104719996e-02
2.425752258301e+02 -2.494311705232e-02
2.425763549805e+02 -1.830831356347e-02
2.425774841309e+02 1.283110380173e-01
2.425786132812e+02 3.713487088680e-01
2.425797424316e+02 7.985925674438e-01
2.425808715820e+02 8.907396197319e-01
2.425820007324e+02 3.068020045757e-01
2.425831298828e+02 -5.899108946323e-03
2.425842590332e+02 -9.492656588554e-02
2.425853881836e+02 -1.402080804110e-01
2.425865173340e+02 -1.897613853216e-01
2.425876464844e+02 -1.886748522520e-01
2.425887756348e+02 -2.024254053831e-01
2.425899047852e+02 -1.506144553423e-01
2.425910339355e+02 -1.224955543876e-01
2.425921630859e+02 -3.931580483913e-02
2.425932769775e+02 8.400062471628e-02
2.425944061279e+02 -5.599007010460e-02
2.425955352783e+02 -4.980605095625e-03
2.425966644287e+02 4.261223971844e-02
2.425977935791e+02 8.828152716160e-02
2.425989227295e+02 4.517810419202e-02
2.426000518799e+02 4.184817150235e-02
2.426011810303e+02 -1.812802851200e-01
2.426023101807e+02 -2.255889326334e-01
2.426034393311e+02 -1.624360978603e-01
2.426045684814e+02 -2.647463381290e-01
2.426056976318e+02 -2.418117970228e-01
2.426068267822e+02 -1.412441283464e-01
2.426079559326e+02 7.356482557952e-03
2.426090850830e+02 -1.025161594152e-01
2.426102142334e+02 -1.494932174683e-01
2.426113433838e+02 -1.956803053617e-01
2.426124725342e+02 -2.096962779760e-01
2.426136016846e+02 -1.120807603002e-01
2.426147308350e+02 -4.696666821837e-02
2.426158599854e+02 -5.016600713134e-03
2.426169891357e+02 6.832894682884e-02
2.426181182861e+02 6.148853898048e-02
2.426192474365e+02 5.612425040454e-03
2.426203765869e+02 -7.732506841421e-02
2.426215057373e+02 -3.268617391586e-02
2.426226348877e+02 1.901175826788e-02
2.426237640381e+02 1.254295092076e-02
2.426248931885e+02 -1.017629355192e-01
2.426260223389e+02 -2.416938543320e-02
2.426271514893e+02 -1.528501883149e-02
2.426282806396e+02 -1.462548673153e-01
2.426294097900e+02 -9.934290498495e-02
2.426305389404e+02 -3.515451774001e-02
2.426316680908e+02 1.710577681661e-02
2.426327972412e+02 -2.802434377372e-03
2.426339263916e+02 5.285545438528e-02
2.426350555420e+02 1.851433813572e-01
2.426361846924e+02 -4.378946870565e-02
2.426373138428e+02 -1.432032603770e-02
2.426384429932e+02 -7.307679206133e-02
2.426395721436e+02 -7.215449586511e-03
2.426407012939e+02 1.488052010536e-01
2.426418304443e+02 4.056892395020e-01
2.426429595947e+02 6.734547615051e-01
2.426440887451e+02 3.192756175995e-01
2.426452178955e+02 3.186171129346e-02
2.426463470459e+02 -9.100674837828e-02
2.426474761963e+02 -5.718074366450e-02
2.426486053467e+02 -1.076778843999e-01
2.426497344971e+02 -3.343741595745e-02
2.426508636475e+02 -9.699297696352e-02
2.426519927979e+02 5.522563122213e-03
2.426531219482e+02 1.514199003577e-02
2.426542510986e+02 -4.367788508534e-02
2.426553802490e+02 3.767281398177e-02
2.426565093994e+02 5.854678750038e-01
2.426576385498e+02 1.614380121231e+00
2.426587677002e+02 2.434203147888e+00
2.426598968506e+02 1.217543959618e+00
2.426610260010e+02 2.417416572571e-01
2.426621551514e+02 1.937389187515e-02
2.426632690430e+02 1.631936877966e-01
2.426643981934e+02 3.877483606339e-01
2.426655273438e+02 6.480967998505e-01
2.426666564941e+02 8.407753705978e-01
2.426677856445e+02 1.623346090317e+00
2.426689147949e+02 1.744955897331e+00
2.426700439453e+02 3.356278657913e+00
2.426711730957e+02 7.799491882324e+00
2.426723022461e+02 9.458628654480e+00
2.426734313965e+02 7.531770706177e+00
2.426745605469e+02 4.285787105560e+00
2.426756896973e+02 2.113310098648e+00
2.426768188477e+02 1.489317893982e+00
2.426779479980e+02 6.623784303665e-01
2.426790771484e+02 8.675580024719e-01
2.426802062988e+02 1.103318333626e+00
2.426813354492e+02 1.201099038124e+00
2.426824645996e+02 8.698747754097e-01
2.426835937500e+02 4.652193784714e-01
2.426847229004e+02 2.367688268423e-01
2.426858520508e+02 1.536320149899e-01
2.426869812012e+02 7.939546704292e-01
2.426881103516e+02 1.603514671326e+00
2.426892395020e+02 1.615033030510e+00
2.426903686523e+02 8.784877657890e-01
2.426914978027e+02 3.244762718678e-01
2.426926269531e+02 1.354388985783e-02
2.426937561035e+02 6.253435276449e-03
2.426948852539e+02 1.545729935169e-01
2.426960144043e+02 4.860562384129e-01
2.426971435547e+02 1.064695358276e+00
2.426982727051e+02 1.025963425636e+00
2.426994018555e+02 3.168980479240e-01
2.427005310059e+02 -9.059416502714e-02
2.427016601562e+02 -1.434628665447e-01
2.427027893066e+02 3.337150812149e-02
2.427039184570e+02 -2.598232217133e-02
2.427050476074e+02 -6.500115990639e-02
2.427061767578e+02 -1.447800546885e-01
2.427073059082e+02 -1.062978133559e-01
2.427084350586e+02 3.013580664992e-02
2.427095642090e+02 5.496896058321e-02
2.427106933594e+02 -5.091213434935e-02
2.427118225098e+02 2.684178948402e-02
2.427129516602e+02 6.184205785394e-02
2.427140808105e+02 -3.421490266919e-02
2.427152099609e+02 1.527270525694e-01
2.427163391113e+02 4.904364347458e-01
2.427174682617e+02 9.386944770813e-01
2.427185974121e+02 9.795926213264e-01
2.427197265625e+02 3.621275722980e-01
2.427208557129e+02 -3.683601692319e-02
2.427219848633e+02 -1.782018691301e-02
2.427231140137e+02 3.737328052521e-01
2.427242431641e+02 6.863792538643e-01
2.427253723145e+02 1.042024254799e+00
2.427265014648e+02 1.048012018204e+00
2.427276306152e+02 3.974869847298e-01
2.427287597656e+02 5.844879522920e-02
2.427298889160e+02 -2.083429507911e-02
2.427310180664e+02 -8.699885010719e-02
2.427321472168e+02 -1.179478596896e-02
2.427332763672e+02 -1.477633714676e-01
2.427343902588e+02 -1.456156969070e-01
2.427355194092e+02 -9.392776340246e-02
2.427366485596e+02 -6.841824203730e-02
2.427377777100e+02 -4.735860228539e-02
2.427389068604e+02 4.678117111325e-02
2.427400360107e+02 1.741417348385e-01
2.427411651611e+02 1.059172153473e-01
2.427422943115e+02 -6.718962639570e-02
2.427434234619e+02 -6.765999644995e-02
2.427445526123e+02 -1.306681036949e-01
2.427456817627e+02 -3.051181733608e-01
