#title: Spectral profile - G326.6618+00.5207_SPW_0.image.pbcor.fits-raster
#region (world): Rectangle[[15:45:02.92, -54d09m03.589], [15:45:02.807, -54d09m02.59]]
#region (pixel): Rectangle[[171, 175], [179, 183]]
#coordinate: world
#xLabel: frequency [GHz]
#yLabel: [Kelvin] Mean

# G326.6618+00.5207_SPW_0.image.pbcor.fits-raster
2.388182678223e+02 -2.677717506886e-01
2.388193969727e+02 -2.329577803612e-01
2.388205261230e+02 -1.341091245413e-01
2.388216552734e+02 -4.468280076981e-02
2.388227844238e+02 -2.965084649622e-02
2.388239135742e+02 5.006270110607e-02
2.388250427246e+02 1.385992616415e-01
2.388261718750e+02 3.368376493454e-01
2.388273010254e+02 9.128029942513e-01
2.388284301758e+02 1.080490708351e+00
2.388295593262e+02 6.167637705803e-01
2.388306884766e+02 1.663631945848e-01
2.388318176270e+02 1.398925930262e-01
2.388329467773e+02 2.332230210304e-01
2.388340759277e+02 6.331825256348e-02
2.388352050781e+02 1.016851235181e-02
2.388363342285e+02 1.343163847923e-01
2.388374633789e+02 2.555673718452e-01
2.388385925293e+02 6.652827858925e-01
2.388397216797e+02 5.319573879242e-01
2.388408508301e+02 7.095932960510e-02
2.388419799805e+02 1.128973364830e-01
2.388431091309e+02 -3.060913644731e-02
2.388442382812e+02 -1.228075474501e-01
2.388453674316e+02 -2.122933268547e-01
2.388464965820e+02 -8.258297294378e-02
2.388476257324e+02 -1.965947598219e-01
2.388487548828e+02 -2.139922827482e-01
2.388498840332e+02 -1.449603736401e-01
2.388510131836e+02 -1.261204779148e-01
2.388521423340e+02 -1.432120054960e-01
2.388532714844e+02 -1.185508966446e-01
2.388544006348e+02 -2.184506654739e-01
2.388555297852e+02 -6.264843046665e-02
2.388566589355e+02 -9.276972711086e-02
2.388577880859e+02 1.792916096747e-02
2.388589172363e+02 3.148434460163e-01
2.388600463867e+02 6.637064218521e-01
2.388611755371e+02 7.762417197227e-01
2.388623046875e+02 2.624979317188e-01
2.388634338379e+02 -1.184367835522e-01
2.388645629883e+02 -1.486892253160e-01
2.388656921387e+02 -1.754145473242e-01
2.388668212891e+02 -1.749284118414e-01
2.388679504395e+02 -2.553631663322e-01
2.388690795898e+02 1.988679356873e-02
2.388702087402e+02 8.827900886536e-02
2.388713378906e+02 1.213351413608e-01
2.388724670410e+02 4.631089270115e-01
2.388735961914e+02 7.800334692001e-01
2.388747253418e+02 1.798144817352e+00
2.388758544922e+02 2.831984043121e+00
2.388769836426e+02 2.859034776688e+00
2.388781127930e+02 1.839116692543e+00
2.388792419434e+02 1.344414114952e+00
2.388803558350e+02 9.313313364983e-01
2.388814849854e+02 1.643587052822e-01
2.388826141357e+02 8.945562690496e-02
2.388837432861e+02 1.998979039490e-02
2.388848724365e+02 9.386198967695e-02
2.388860015869e+02 2.605787813663e-01
2.388871307373e+02 2.924138605595e-01
2.388882598877e+02 8.965603262186e-02
2.388893890381e+02 -1.744792163372e-01
2.388905181885e+02 -7.797645032406e-02
2.388916473389e+02 1.367563754320e-01
2.388927764893e+02 2.066760361195e-01
2.388939056396e+02 -7.949975319207e-03
2.388950347900e+02 -1.069083511829e-01
2.388961639404e+02 -1.304601430893e-01
2.388972930908e+02 -5.649775266647e-02
2.388984222412e+02 6.782680004835e-02
2.388995513916e+02 5.972157120705e-01
2.389006805420e+02 1.345993757248e+00
2.389018096924e+02 1.254844069481e+00
2.389029388428e+02 3.856367468834e-01
2.389040679932e+02 4.841481521726e-02
2.389051971436e+02 5.494325980544e-02
2.389063262939e+02 5.089647602290e-03
2.389074554443e+02 -7.596852630377e-02
2.389085845947e+02 -1.280526667833e-01
2.389097137451e+02 -1.791779100895e-01
2.389108428955e+02 -1.992671191692e-01
2.389119720459e+02 -1.552256047726e-01
2.389131011963e+02 -4.109202325344e-02
2.389142303467e+02 2.926528640091e-02
2.389153594971e+02 9.177706390619e-02
2.389164886475e+02 9.941893070936e-02
2.389176177979e+02 3.253790140152e-01
2.389187469482e+02 6.105731725693e-01
2.389198760986e+02 1.226893901825e+00
2.389210052490e+02 1.394420862198e+00
2.389221343994e+02 2.038057804108e+00
2.389232635498e+02 1.842883467674e+00
2.389243927002e+02 7.632576227188e-01
2.389255218506e+02 2.540623545647e-01
2.389266510010e+02 2.472117394209e-01
2.389277801514e+02 1.227376759052e-01
2.389289093018e+02 1.290897578001e-01
2.389300384521e+02 3.271332979202e-01
2.389311676025e+02 1.270203828812e+00
2.389322967529e+02 1.615319967270e+00
2.389334259033e+02 8.895307183266e-01
2.389345550537e+02 4.996074140072e-01
2.389356842041e+02 1.045243978500e+00
2.389368133545e+02 1.329547762871e+00
2.389379425049e+02 1.046846747398e+00
2.389390716553e+02 5.636730790138e-01
2.389402008057e+02 6.333630681038e-01
2.389413299561e+02 8.665296435356e-01
2.389424591064e+02 1.531032323837e+00
2.389435882568e+02 3.245017051697e+00
2.389447174072e+02 5.485666751862e+00
2.389458465576e+02 4.551033973694e+00
2.389469757080e+02 2.415237665176e+00
2.389481048584e+02 1.213089466095e+00
2.389492340088e+02 4.919082522392e-01
2.389503479004e+02 1.541489660740e-01
2.389514770508e+02 6.184471771121e-02
2.389526062012e+02 4.969215020537e-03
2.389537353516e+02 -7.244955748320e-02
2.389548645020e+02 -1.763128787279e-01
2.389559936523e+02 -1.101943776011e-01
2.389571228027e+02 2.313710283488e-03
2.389582519531e+02 5.559744685888e-02
2.389593811035e+02 1.603838056326e-01
2.389605102539e+02 1.710268557072e-01
2.389616394043e+02 8.385457843542e-02
2.389627685547e+02 -4.076676815748e-02
2.389638977051e+02 -6.235418468714e-02
2.389650268555e+02 1.970147043467e-01
2.389661560059e+02 1.023241207004e-01
2.389672851562e+02 -4.583290964365e-02
2.389684143066e+02 -9.223484247923e-02
2.389695434570e+02 -2.370570302010e-01
2.389706726074e+02 -9.299707412720e-02
2.389718017578e+02 1.052050217986e-01
2.389729309082e+02 1.383022069931e-01
2.389740600586e+02 1.294860839844e-01
2.389751892090e+02 1.446692198515e-01
2.389763183594e+02 3.603664636612e-01
2.389774475098e+02 7.409665584564e-01
2.389785766602e+02 1.290012240410e+00
2.389797058105e+02 1.565654039383e+00
2.389808349609e+02 5.515550374985e-01
2.389819641113e+02 5.344713479280e-02
2.389830932617e+02 1.963209826499e-03
2.389842224121e+02 -1.891442239285e-01
2.389853515625e+02 -6.042226031423e-02
2.389864807129e+02 -5.684254691005e-02
2.389876098633e+02 8.580790832639e-03
2.389887390137e+02 1.668727054494e-04
2.389898681641e+02 6.684226542711e-02
2.389909973145e+02 2.296009659767e-01
2.389921264648e+02 1.730101555586e-01
2.389932556152e+02 1.852401345968e-01
2.389943847656e+02 3.028653264046e-01
2.389955139160e+02 2.753899991512e-01
2.389966430664e+02 3.537651896477e-01
2.389977722168e+02 5.618709325790e-01
2.389989013672e+02 8.823360800743e-01
2.390000305176e+02 1.083224892616e+00
2.390011596680e+02 1.459130287170e+00
2.390022888184e+02 3.252861022949e+00
2.390034179688e+02 7.435973167419e+00
2.390045471191e+02 1.139952468872e+01
2.390056762695e+02 8.860397338867e+00
2.390068054199e+02 4.050358295441e+00
2.390079345703e+02 1.703024387360e+00
2.390090637207e+02 1.628577589989e+00
2.390101928711e+02 2.544752359390e+00
2.390113220215e+02 2.276685237885e+00
2.390124511719e+02 8.670600652695e-01
2.390135803223e+02 3.426613807678e-01
2.390147094727e+02 7.598029822111e-02
2.390158386230e+02 5.098703503609e-02
2.390169677734e+02 4.637147858739e-02
2.390180969238e+02 1.512366086245e-01
2.390192260742e+02 2.075564861298e-01
2.390203552246e+02 4.417422711849e-01
2.390214691162e+02 5.837547183037e-01
2.390225982666e+02 8.000668287277e-01
2.390237274170e+02 1.128244400024e+00
2.390248565674e+02 2.164154291153e+00
2.390259857178e+02 2.474504947662e+00
2.390271148682e+02 2.291223526001e+00
2.390282440186e+02 1.285277843475e+00
2.390293731689e+02 4.292621314526e-01
2.390305023193e+02 2.880200743675e-01
2.390316314697e+02 6.529068350792e-01
2.390327606201e+02 1.635312795639e+00
2.390338897705e+02 1.911265850067e+00
2.390350189209e+02 9.419457912445e-01
2.390361480713e+02 2.443767338991e-01
2.390372772217e+02 1.263488233089e-01
2.390384063721e+02 8.090587705374e-02
2.390395355225e+02 1.783856004477e-01
2.390406646729e+02 3.189062476158e-01
2.390417938232e+02 1.572601944208e-01
2.390429229736e+02 2.117705345154e-01
2.390440521240e+02 2.324269711971e-01
2.390451812744e+02 6.577770113945e-01
2.390463104248e+02 1.717079162598e+00
2.390474395752e+02 2.694861173630e+00
2.390485687256e+02 1.949185609818e+00
2.390496978760e+02 1.708941102028e+00
2.390508270264e+02 2.582786083221e+00
2.390519561768e+02 4.324566364288e+00
2.390530853271e+02 5.777906417847e+00
2.390542144775e+02 8.999995231628e+00
2.390553436279e+02 1.195864009857e+01
2.390564727783e+02 7.845579624176e+00
2.390576019287e+02 3.454741954803e+00
2.390587310791e+02 1.236987471581e+00
2.390598602295e+02 8.592752218246e-01
2.390609893799e+02 5.032235980034e-01
2.390621185303e+02 5.368447899818e-01
2.390632476807e+02 4.462134838104e-01
2.390643768311e+02 2.919700443745e-01
2.390655059814e+02 3.125133514404e-01
2.390666351318e+02 1.490684896708e-01
2.390677642822e+02 2.094704359770e-01
2.390688934326e+02 2.569692432880e-01
2.390700225830e+02 -2.395738661289e-02
2.390711517334e+02 -1.077151894569e-01
2.390722808838e+02 6.222629174590e-02
2.390734100342e+02 -2.258733287454e-02
2.390745391846e+02 -5.591740831733e-02
2.390756683350e+02 -1.368476897478e-01
2.390767974854e+02 -2.218581140041e-01
2.390779266357e+02 -2.626459002495e-01
2.390790557861e+02 -2.189032435417e-01
2.390801849365e+02 -1.745737791061e-01
2.390813140869e+02 -1.672458648682e-01
2.390824432373e+02 -2.877178490162e-01
2.390835723877e+02 -2.040531933308e-01
2.390847015381e+02 3.018631227314e-02
2.390858306885e+02 1.377702951431e-01
2.390869598389e+02 1.506384015083e-01
2.390880889893e+02 1.572290360928e-01
2.390892181396e+02 3.202450573444e-01
2.390903472900e+02 5.203339457512e-01
2.390914611816e+02 9.801481366158e-01
2.390925903320e+02 1.095424175262e+00
2.390937194824e+02 2.750434875488e+00
2.390948486328e+02 6.452199935913e+00
2.390959777832e+02 1.253603076935e+01
2.390971069336e+02 1.390660476685e+01
2.390982360840e+02 7.347194671631e+00
2.390993652344e+02 3.064532756805e+00
2.391004943848e+02 1.242150545120e+00
2.391016235352e+02 4.202447235584e-01
2.391027526855e+02 2.210731357336e-01
2.391038818359e+02 1.695520579815e-01
2.391050109863e+02 -1.242555975914e-01
2.391061401367e+02 -6.716883182526e-02
2.391072692871e+02 -1.285183150321e-02
2.391083984375e+02 1.449413746595e-01
2.391095275879e+02 1.403907686472e-01
2.391106567383e+02 2.292849570513e-01
2.391117858887e+02 3.197191357613e-01
2.391129150391e+02 4.700877070427e-01
2.391140441895e+02 3.946109414101e-01
2.391151733398e+02 3.850709199905e-01
2.391163024902e+02 4.012810885906e-01
2.391174316406e+02 4.208289384842e-01
2.391185607910e+02 4.220059216022e-01
2.391196899414e+02 5.546526312828e-01
2.391208190918e+02 4.753970205784e-01
2.391219482422e+02 6.954163312912e-01
2.391230773926e+02 1.031937241554e+00
2.391242065430e+02 1.382158756256e+00
2.391253356934e+02 2.020161628723e+00
2.391264648438e+02 5.978551864624e+00
2.391275939941e+02 1.313163948059e+01
2.391287231445e+02 1.798188591003e+01
2.391298522949e+02 1.629829406738e+01
2.391309814453e+02 8.567531585693e+00
2.391321105957e+02 3.028797388077e+00
2.391332397461e+02 2.152851819992e+00
2.391343688965e+02 1.157756447792e+00
2.391354980469e+02 6.001486778259e-01
2.391366271973e+02 3.512947559357e-01
2.391377563477e+02 3.416240215302e-01
2.391388854980e+02 2.508947849274e-01
2.391400146484e+02 1.404412239790e-01
2.391411437988e+02 1.080435067415e-01
2.391422729492e+02 1.604401469231e-01
2.391434020996e+02 2.387485802174e-01
2.391445312500e+02 4.897232651711e-01
2.391456604004e+02 8.670161366463e-01
2.391467895508e+02 9.185911417007e-01
2.391479187012e+02 9.075771570206e-01
2.391490478516e+02 3.446154832840e+00
2.391501770020e+02 9.328238487244e+00
2.391513061523e+02 1.551604270935e+01
2.391524353027e+02 1.774557304382e+01
2.391535644531e+02 1.040867519379e+01
2.391546936035e+02 3.177640676498e+00
2.391558227539e+02 1.635536909103e+00
2.391569519043e+02 8.421390652657e-01
2.391580810547e+02 9.332540631294e-01
2.391592102051e+02 1.044408679008e+00
2.391603393555e+02 1.317067980766e+00
2.391614532471e+02 1.650384664536e+00
2.391625823975e+02 3.202957868576e+00
2.391637115479e+02 8.825018882751e+00
2.391648406982e+02 1.538660240173e+01
2.391659698486e+02 1.898816490173e+01
2.391670989990e+02 1.436628818512e+01
2.391682281494e+02 1.037167644501e+01
2.391693572998e+02 1.540180969238e+01
2.391704864502e+02 1.968593597412e+01
2.391716156006e+02 1.437843418121e+01
2.391727447510e+02 6.467501163483e+00
2.391738739014e+02 1.725428700447e+00
2.391750030518e+02 1.517370343208e+00
2.391761322021e+02 4.648311138153e-01
2.391772613525e+02 2.082048207521e-01
2.391783905029e+02 1.474286168814e-01
2.391795196533e+02 1.114788800478e-01
2.391806488037e+02 1.070068106055e-01
2.391817779541e+02 5.511437356472e-02
2.391829071045e+02 -2.990004420280e-02
2.391840362549e+02 -7.232750207186e-02
2.391851654053e+02 -3.180449828506e-02
2.391862945557e+02 -4.885716736317e-02
2.391874237061e+02 -1.220575049520e-01
2.391885528564e+02 -1.364007592201e-01
2.391896820068e+02 -1.643821895123e-01
2.391908111572e+02 -2.288946509361e-01
2.391919403076e+02 -2.411840409040e-01
2.391930694580e+02 -2.414795160294e-01
2.391941986084e+02 -1.077858656645e-01
2.391953277588e+02 -2.018099278212e-01
2.391964569092e+02 -2.913825809956e-01
2.391975860596e+02 -1.551121026278e-01
2.391987152100e+02 -1.147593557835e-01
2.391998443604e+02 -1.782281547785e-01
2.392009735107e+02 -2.383684366941e-02
2.392021026611e+02 -1.504224985838e-01
2.392032318115e+02 -2.429227232933e-01
2.392043609619e+02 -2.677101790905e-01
2.392054901123e+02 -1.677569895983e-01
2.392066192627e+02 -9.600720554590e-02
2.392077484131e+02 -1.729608774185e-01
2.392088775635e+02 -8.784580975771e-02
2.392100067139e+02 2.647652924061e-01
2.392111358643e+02 3.856058716774e-01
2.392122650146e+02 4.140463173389e-01
2.392133941650e+02 1.809829473495e-01
2.392145233154e+02 -1.125901788473e-01
2.392156524658e+02 -4.989256337285e-02
2.392167816162e+02 -1.116551272571e-02
2.392179107666e+02 3.922530263662e-02
2.392190399170e+02 -1.920179836452e-02
2.392201690674e+02 -1.664383336902e-02
2.392212982178e+02 8.780166506767e-02
2.392224273682e+02 4.464911520481e-01
2.392235565186e+02 2.240536957979e-01
2.392246856689e+02 2.611730396748e-01
2.392258148193e+02 2.363525480032e-01
2.392269439697e+02 2.230778038502e-01
2.392280731201e+02 2.604380846024e-01
2.392292022705e+02 3.496275842190e-02
2.392303314209e+02 2.072557248175e-02
2.392314605713e+02 1.851855218410e-01
2.392325744629e+02 9.455415606499e-02
2.392337036133e+02 -5.982601642609e-02
2.392348327637e+02 -8.404157310724e-02
2.392359619141e+02 -1.025398895144e-01
2.392370910645e+02 -2.366595864296e-01
2.392382202148e+02 -1.351955980062e-01
2.392393493652e+02 1.027001515031e-01
2.392404785156e+02 1.690304279327e-01
2.392416076660e+02 1.655357599258e+00
2.392427368164e+02 2.850611448288e+00
2.392438659668e+02 2.510053873062e+00
2.392449951172e+02 1.200895786285e+00
2.392461242676e+02 2.452263087034e-01
2.392472534180e+02 3.223372995853e-01
2.392483825684e+02 1.142065599561e-01
2.392495117188e+02 -6.161468476057e-02
2.392506408691e+02 -4.384261369705e-02
2.392517700195e+02 -9.683034569025e-02
2.392528991699e+02 -1.360041052103e-01
2.392540283203e+02 -1.598403304815e-01
2.392551574707e+02 -2.033121287823e-01
2.392562866211e+02 -2.226371914148e-01
2.392574157715e+02 -1.463692337275e-01
2.392585449219e+02 -1.249029114842e-01
2.392596740723e+02 -7.188840955496e-02
2.392608032227e+02 -2.187688276172e-02
2.392619323730e+02 2.327763587236e-01
2.392630615234e+02 1.154092788696e+00
2.392641906738e+02 1.069957137108e+00
2.392653198242e+02 1.373867988586e+00
2.392664489746e+02 2.081075429916e+00
2.392675781250e+02 9.199262261391e-01
2.392687072754e+02 5.207470431924e-02
2.392698364258e+02 -1.264836341143e-01
2.392709655762e+02 -1.602404862642e-01
2.392720947266e+02 -1.221044808626e-01
2.392732238770e+02 -1.719805747271e-01
2.392743530273e+02 -2.638580203056e-01
2.392754821777e+02 -1.371271163225e-01
2.392766113281e+02 -4.764636605978e-02
2.392777404785e+02 2.090187519789e-01
2.392788696289e+02 8.818140029907e-01
2.392799987793e+02 2.305918693542e+00
2.392811279297e+02 1.309074521065e+00
2.392822570801e+02 7.310560345650e-01
2.392833862305e+02 9.345385432243e-01
2.392845153809e+02 3.281333208084e+00
2.392856445312e+02 2.216568231583e+00
2.392867736816e+02 2.457254528999e-01
2.392879028320e+02 -6.490067392588e-02
2.392890319824e+02 3.218053653836e-02
2.392901611328e+02 -1.860429905355e-02
2.392912902832e+02 7.022241130471e-03
2.392924194336e+02 -1.197611615062e-01
2.392935485840e+02 -1.551073342562e-01
2.392946777344e+02 -2.100079506636e-01
2.392958068848e+02 -1.296079456806e-01
2.392969360352e+02 -8.669209480286e-02
2.392980651855e+02 -7.923409342766e-02
2.392991943359e+02 -8.382108807564e-02
2.393003234863e+02 -1.221606135368e-02
2.393014526367e+02 -7.459512352943e-02
2.393025665283e+02 -9.979724138975e-02
2.393036956787e+02 -1.433525793254e-02
2.393048248291e+02 -4.213455691934e-02
2.393059539795e+02 -1.165986731648e-01
2.393070831299e+02 -2.852576225996e-02
2.393082122803e+02 -5.316988751292e-02
2.393093414307e+02 -7.221018522978e-02
2.393104705811e+02 -1.878655329347e-02
2.393115997314e+02 -5.144899711013e-02
2.393127288818e+02 -7.279134541750e-02
2.393138580322e+02 9.583456814289e-02
2.393149871826e+02 1.501550674438e-01
2.393161163330e+02 2.112020999193e-01
2.393172454834e+02 2.539495825768e-01
2.393183746338e+02 1.857546716928e-02
2.393195037842e+02 -1.043814420700e-01
2.393206329346e+02 -8.197634667158e-02
2.393217620850e+02 1.041910648346e-01
2.393228912354e+02 1.146205291152e-01
2.393240203857e+02 1.709693223238e-01
2.393251495361e+02 -6.726213544607e-02
2.393262786865e+02 4.647823795676e-02
2.393274078369e+02 3.589637950063e-02
2.393285369873e+02 8.411861211061e-02
2.393296661377e+02 -5.215751379728e-02
2.393307952881e+02 -1.574759930372e-01
2.393319244385e+02 -2.156341522932e-01
2.393330535889e+02 -1.293528676033e-01
2.393341827393e+02 -1.712332963943e-01
2.393353118896e+02 -6.362340599298e-02
2.393364410400e+02 6.377713382244e-02
2.393375701904e+02 2.112870216370e-01
2.393386993408e+02 2.305619865656e-01
2.393398284912e+02 -1.938953809440e-02
2.393409576416e+02 -1.553516387939e-01
2.393420867920e+02 -2.448860257864e-01
2.393432159424e+02 -2.121907025576e-01
2.393443450928e+02 -2.593092918396e-01
2.393454742432e+02 -1.320522129536e-01
2.393466033936e+02 -2.310824394226e-01
2.393477325439e+02 -1.297662705183e-01
2.393488616943e+02 -1.538685709238e-01
2.393499908447e+02 -2.180261611938e-01
2.393511199951e+02 -1.156562119722e-01
2.393522491455e+02 5.057345703244e-02
2.393533782959e+02 5.954648554325e-02
2.393545074463e+02 9.692084789276e-02
2.393556365967e+02 -3.732648864388e-02
2.393567657471e+02 -9.382154792547e-03
2.393578948975e+02 1.515828073025e-01
2.393590240479e+02 3.035149574280e-01
2.393601531982e+02 2.563414275646e-01
2.393612823486e+02 1.043994538486e-02
2.393624114990e+02 1.051074787974e-01
2.393635406494e+02 1.239024400711e-01
2.393646697998e+02 -6.039055809379e-02
2.393657989502e+02 -1.937389224768e-01
2.393669281006e+02 -1.117490306497e-01
2.393680572510e+02 3.657974675298e-02
2.393691864014e+02 1.503624916077e-01
2.393703155518e+02 3.335140347481e-01
2.393714447021e+02 5.360026359558e-01
2.393725738525e+02 3.914669454098e-01
2.393736877441e+02 5.257112979889e-01
2.393748168945e+02 7.300654053688e-01
2.393759460449e+02 1.467698335648e+00
2.393770751953e+02 2.518566131592e+00
2.393782043457e+02 1.773674726486e+00
2.393793334961e+02 5.505589842796e-01
2.393804626465e+02 2.882958948612e-01
2.393815917969e+02 8.219143003225e-02
2.393827209473e+02 1.304146274924e-02
2.393838500977e+02 -1.151477247477e-01
2.393849792480e+02 -1.639203578234e-01
2.393861083984e+02 -1.430763900280e-01
2.393872375488e+02 -2.263744771481e-01
2.393883666992e+02 -1.486741155386e-01
2.393894958496e+02 -1.497833132744e-01
2.393906250000e+02 -2.947673499584e-01
2.393917541504e+02 -3.330984115601e-01
2.393928833008e+02 -2.393370419741e-01
2.393940124512e+02 -9.113772958517e-02
2.393951416016e+02 7.135469000787e-03
2.393962707520e+02 1.362308561802e-01
2.393973999023e+02 -1.035598013550e-02
2.393985290527e+02 2.751221135259e-02
2.393996582031e+02 1.600642353296e-01
2.394007873535e+02 7.179443538189e-02
2.394019165039e+02 7.536974549294e-02
2.394030456543e+02 -2.450855448842e-03
2.394041748047e+02 -2.977415546775e-02
2.394053039551e+02 1.472121477127e-02
2.394064331055e+02 8.804303407669e-02
2.394075622559e+02 1.284384075552e-02
2.394086914062e+02 -1.579345017672e-02
2.394098205566e+02 -4.358628019691e-02
2.394109497070e+02 -1.069096624851e-01
2.394120788574e+02 -1.383872926235e-01
2.394132080078e+02 -4.555233940482e-02
2.394143371582e+02 -4.459997639060e-02
2.394154663086e+02 -8.362766355276e-03
2.394165954590e+02 3.872704925016e-03
2.394177246094e+02 1.753990501165e-01
2.394188537598e+02 5.797711014748e-01
2.394199829102e+02 1.198344230652e+00
2.394211120605e+02 2.592820882797e+00
2.394222412109e+02 3.101719379425e+00
2.394233703613e+02 1.903017878532e+00
2.394244995117e+02 9.440552592278e-01
2.394256286621e+02 1.020498752594e+00
2.394267578125e+02 1.375809788704e+00
2.394278869629e+02 1.289601206779e+00
2.394290161133e+02 8.015247583389e-01
2.394301452637e+02 8.747592568398e-01
2.394312744141e+02 4.458173513412e-01
2.394324035645e+02 1.262372080237e-02
2.394335327148e+02 -2.177400141954e-01
2.394346618652e+02 -1.699585318565e-01
2.394357910156e+02 -2.284307330847e-01
2.394369201660e+02 -1.443888843060e-01
2.394380493164e+02 -3.425624594092e-02
2.394391784668e+02 1.155836284161e-01
2.394403076172e+02 1.773618608713e-01
2.394414367676e+02 -7.195933908224e-02
2.394425659180e+02 -2.190346717834e-01
2.394436798096e+02 -1.986633837223e-01
2.394448089600e+02 -2.346717864275e-01
2.394459381104e+02 -2.456450164318e-01
2.394470672607e+02 -2.374338060617e-01
2.394481964111e+02 -1.256420612335e-01
2.394493255615e+02 -1.493082493544e-01
2.394504547119e+02 -1.529082953930e-01
2.394515838623e+02 -1.457840800285e-01
2.394527130127e+02 -1.238734200597e-01
2.394538421631e+02 -1.358598768711e-01
2.394549713135e+02 -1.152483746409e-01
2.394561004639e+02 -8.577828109264e-02
2.394572296143e+02 2.497482299805e-02
2.394583587646e+02 2.325455993414e-01
2.394594879150e+02 7.162986397743e-01
2.394606170654e+02 8.619468212128e-01
2.394617462158e+02 1.109982848167e+00
2.394628753662e+02 1.919375419617e+00
2.394640045166e+02 2.082947015762e+00
2.394651336670e+02 1.169431924820e+00
2.394662628174e+02 2.077675610781e-01
2.394673919678e+02 4.376632347703e-02
2.394685211182e+02 -2.074231579900e-02
2.394696502686e+02 -2.906139791012e-01
2.394707794189e+02 -1.409303396940e-01
2.394719085693e+02 -8.554418385029e-02
2.394730377197e+02 -6.642671674490e-02
2.394741668701e+02 -9.817346930504e-02
2.394752960205e+02 2.672077342868e-02
2.394764251709e+02 2.828481979668e-02
2.394775543213e+02 7.730333507061e-02
2.394786834717e+02 8.008747696877e-01
2.394798126221e+02 6.967675685883e-01
2.394809417725e+02 9.357643313706e-03
2.394820709229e+02 -1.766454577446e-01
2.394832000732e+02 -1.562237739563e-01
2.394843292236e+02 -9.130389243364e-02
2.394854583740e+02 -1.937133818865e-01
2.394865875244e+02 -1.679615378380e-01
2.394877166748e+02 -6.938973069191e-02
2.394888458252e+02 -6.769145280123e-02
2.394899749756e+02 4.603982716799e-02
2.394911041260e+02 2.190070748329e-01
2.394922332764e+02 2.564335167408e-01
2.394933624268e+02 3.199156001210e-02
2.394944915771e+02 -1.003963053226e-01
2.394956207275e+02 -8.122807741165e-02
2.394967498779e+02 -1.135787665844e-01
2.394978790283e+02 -1.012788712978e-01
2.394990081787e+02 -1.398828625679e-01
2.395001373291e+02 -5.531374365091e-02
2.395012664795e+02 1.198106482625e-01
2.395023956299e+02 1.749379038811e-01
2.395035247803e+02 2.002569884062e-01
2.395046539307e+02 8.758560568094e-02
2.395057830811e+02 2.876343131065e-01
2.395069122314e+02 2.065816670656e-01
2.395080413818e+02 4.836234748363e-01
2.395091705322e+02 9.675519466400e-01
2.395102996826e+02 2.040795564651e+00
2.395114288330e+02 1.524316430092e+00
2.395125579834e+02 3.697075545788e-01
2.395136871338e+02 -9.408346563578e-02
2.395148010254e+02 -2.015596479177e-01
2.395159301758e+02 -1.469326466322e-01
2.395170593262e+02 -2.412738464773e-02
2.395181884766e+02 2.586780190468e-01
2.395193176270e+02 3.252268135548e-01
2.395204467773e+02 3.506499528885e-01
2.395215759277e+02 3.220546543598e-01
2.395227050781e+02 2.597567439079e-01
2.395238342285e+02 2.168984115124e-01
2.395249633789e+02 2.350839227438e-01
2.395260925293e+02 1.435181498528e-01
2.395272216797e+02 5.770966410637e-02
2.395283508301e+02 -4.917037114501e-02
2.395294799805e+02 -8.090813457966e-02
2.395306091309e+02 -1.158377155662e-01
2.395317382812e+02 -2.064891159534e-01
2.395328674316e+02 -2.448683828115e-01
2.395339965820e+02 -2.166589051485e-01
2.395351257324e+02 -1.805338412523e-01
2.395362548828e+02 -9.473241120577e-02
2.395373840332e+02 -4.540871456265e-02
2.395385131836e+02 -1.614054664969e-02
2.395396423340e+02 -4.643012583256e-02
2.395407714844e+02 1.136770322919e-01
2.395419006348e+02 1.692662686110e-01
2.395430297852e+02 -5.241946876049e-02
2.395441589355e+02 2.751389518380e-02
2.395452880859e+02 1.304706484079e-01
2.395464172363e+02 6.476222723722e-02
2.395475463867e+02 -2.918771654367e-02
2.395486755371e+02 -7.100859284401e-02
2.395498046875e+02 5.366908386350e-02
2.395509338379e+02 -9.557474404573e-02
2.395520629883e+02 -1.131234318018e-01
2.395531921387e+02 -5.505154281855e-02
2.395543212891e+02 -1.196545511484e-01
2.395554504395e+02 -9.020090103149e-02
2.395565795898e+02 -2.122423350811e-01
2.395577087402e+02 -1.115284785628e-01
2.395588378906e+02 -1.915009766817e-01
2.395599670410e+02 -1.685114353895e-01
2.395610961914e+02 -7.925714552402e-02
2.395622253418e+02 -7.850192487240e-02
2.395633544922e+02 -7.119141519070e-02
2.395644836426e+02 -1.104342862964e-01
2.395656127930e+02 -1.901472806931e-01
2.395667419434e+02 -2.130123376846e-01
2.395678710938e+02 -1.259152740240e-01
2.395690002441e+02 -9.046236425638e-02
2.395701293945e+02 5.244955793023e-02
2.395712585449e+02 3.367418944836e-01
2.395723876953e+02 5.797260999680e-01
2.395735168457e+02 3.868172168732e-01
2.395746459961e+02 1.672680377960e-01
2.395757751465e+02 1.375852078199e-01
2.395769042969e+02 -5.673667415977e-02
2.395780334473e+02 -2.440976649523e-01
2.395791625977e+02 -2.671103179455e-01
2.395802917480e+02 -1.460599601269e-01
2.395814208984e+02 1.527733542025e-02
2.395825500488e+02 8.578447699547e-01
2.395836791992e+02 1.890642523766e+00
2.395847930908e+02 1.352632045746e+00
2.395859222412e+02 3.123460412025e-01
2.395870513916e+02 2.544151544571e-01
2.395881805420e+02 1.135241612792e-01
2.395893096924e+02 2.303943634033e-01
2.395904388428e+02 2.943884134293e-01
2.395915679932e+02 4.412232637405e-01
2.395926971436e+02 1.229418635368e+00
2.395938262939e+02 1.834159255028e+00
2.395949554443e+02 1.788824081421e+00
2.395960845947e+02 9.072644114494e-01
2.395972137451e+02 5.058972835541e-01
2.395983428955e+02 2.234788686037e-01
2.395994720459e+02 4.904934763908e-02
2.396006011963e+02 8.096130192280e-02
2.396017303467e+02 3.916467726231e-01
2.396028594971e+02 4.294515252113e-01
2.396039886475e+02 3.744272291660e-01
2.396051177979e+02 3.378078043461e-01
2.396062469482e+02 2.159871160984e-01
2.396073760986e+02 1.518692076206e-01
2.396085052490e+02 -1.060794387013e-02
2.396096343994e+02 2.493711188436e-02
2.396107635498e+02 8.193796873093e-02
2.396118927002e+02 -2.707531303167e-02
2.396130218506e+02 -1.467219591141e-01
2.396141510010e+02 4.299360141158e-02
2.396152801514e+02 1.106213927269e-01
2.396164093018e+02 1.398295313120e-01
2.396175384521e+02 8.782747387886e-02
2.396186676025e+02 5.291677638888e-02
2.396197967529e+02 2.823629789054e-02
2.396209259033e+02 2.110737934709e-02
2.396220550537e+02 2.518770098686e-02
2.396231842041e+02 -7.842455059290e-02
2.396243133545e+02 -3.825486451387e-02
2.396254425049e+02 1.809737831354e-02
2.396265716553e+02 1.112237852067e-02
2.396277008057e+02 -1.302779018879e-01
2.396288299561e+02 6.610201206058e-03
2.396299591064e+02 -1.174532249570e-02
2.396310882568e+02 -3.898708522320e-02
2.396322174072e+02 4.957417026162e-03
2.396333465576e+02 3.809102997184e-02
2.396344757080e+02 -8.494652574882e-04
2.396356048584e+02 4.096932113171e-01
2.396367340088e+02 1.187359571457e+00
2.396378631592e+02 1.445122599602e+00
2.396389923096e+02 7.065804004669e-01
2.396401214600e+02 2.589577734470e-01
2.396412506104e+02 3.989126384258e-01
2.396423797607e+02 7.702151536942e-01
2.396435089111e+02 9.399725794792e-01
2.396446380615e+02 1.179028153419e+00
2.396457672119e+02 1.355322122574e+00
2.396468963623e+02 6.797828674316e-01
2.396480255127e+02 1.572560071945e-01
2.396491546631e+02 1.478164196014e-01
2.396502838135e+02 2.719188854098e-02
2.396514129639e+02 1.036354526877e-01
2.396525421143e+02 1.136110424995e-01
2.396536712646e+02 4.008315205574e-01
2.396548004150e+02 6.978462934494e-01
2.396559143066e+02 1.180592179298e+00
2.396570434570e+02 1.740974307060e+00
2.396581726074e+02 2.674797534943e+00
2.396593017578e+02 4.425514221191e+00
2.396604309082e+02 3.890996932983e+00
2.396615600586e+02 1.951851129532e+00
2.396626892090e+02 9.642705917358e-01
2.396638183594e+02 4.973527491093e-01
2.396649475098e+02 9.600269049406e-02
2.396660766602e+02 -4.209396429360e-03
2.396672058105e+02 -4.626378044486e-02
2.396683349609e+02 -5.540455132723e-02
2.396694641113e+02 -9.661297313869e-03
2.396705932617e+02 2.229384779930e-01
2.396717224121e+02 3.083527386189e-01
2.396728515625e+02 2.986118197441e-01
2.396739807129e+02 1.945074349642e-01
2.396751098633e+02 8.768062293530e-02
2.396762390137e+02 -6.662543118000e-02
2.396773681641e+02 4.332774505019e-02
2.396784973145e+02 1.704878062010e-01
2.396796264648e+02 1.169605627656e-01
2.396807556152e+02 1.164763793349e-01
2.396818847656e+02 1.215962171555e-01
2.396830139160e+02 4.777189493179e-01
2.396841430664e+02 1.741644859314e+00
2.396852722168e+02 3.028975486755e+00
2.396864013672e+02 2.922410726547e+00
2.396875305176e+02 1.257705807686e+00
2.396886596680e+02 3.510189950466e-01
2.396897888184e+02 8.106558769941e-02
2.396909179688e+02 2.073704302311e-01
2.396920471191e+02 1.392600536346e-01
2.396931762695e+02 7.764579355717e-02
2.396943054199e+02 1.185016185045e-01
2.396954345703e+02 9.175074845552e-02
2.396965637207e+02 -4.758287593722e-02
2.396976928711e+02 -1.475655734539e-01
2.396988220215e+02 -9.196776151657e-02
2.396999511719e+02 -9.227374941111e-02
2.397010803223e+02 -1.289311349392e-01
2.397022094727e+02 -1.440155357122e-01
2.397033386230e+02 -4.361490532756e-02
2.397044677734e+02 1.648318767548e-01
2.397055969238e+02 2.207121849060e-01
2.397067260742e+02 2.364634424448e-01
2.397078552246e+02 1.672418713570e-01
2.397089843750e+02 8.229710161686e-02
2.397101135254e+02 2.491717338562e-01
2.397112426758e+02 6.264842152596e-01
2.397123718262e+02 1.122546792030e+00
2.397135009766e+02 2.520305395126e+00
2.397146301270e+02 4.244914531708e+00
2.397157592773e+02 4.723876476288e+00
2.397168884277e+02 3.346902370453e+00
2.397180175781e+02 2.121085405350e+00
2.397191467285e+02 1.187384843826e+00
2.397202758789e+02 6.805104017258e-01
2.397214050293e+02 2.941320836544e-01
2.397225341797e+02 1.988110691309e-01
2.397236633301e+02 -3.357738628983e-02
2.397247924805e+02 1.597866229713e-02
2.397259063721e+02 2.720099315047e-02
2.397270355225e+02 1.071169003844e-01
2.397281646729e+02 3.344715237617e-01
2.397292938232e+02 7.916282415390e-01
2.397304229736e+02 1.281209707260e+00
2.397315521240e+02 1.638032317162e+00
2.397326812744e+02 1.768809795380e+00
2.397338104248e+02 1.872112393379e+00
2.397349395752e+02 1.866053819656e+00
2.397360687256e+02 1.190574884415e+00
2.397371978760e+02 7.743834257126e-01
2.397383270264e+02 5.315443277359e-01
2.397394561768e+02 6.124705672264e-01
2.397405853271e+02 8.153927922249e-01
2.397417144775e+02 6.128754019737e-01
2.397428436279e+02 2.163902670145e-01
2.397439727783e+02 2.863570861518e-02
2.397451019287e+02 9.923245524988e-04
2.397462310791e+02 -1.174946203828e-01
2.397473602295e+02 -1.668641269207e-01
2.397484893799e+02 -1.422707885504e-01
2.397496185303e+02 -1.791307479143e-01
2.397507476807e+02 -1.414918154478e-01
2.397518768311e+02 -1.959291696548e-01
2.397530059814e+02 -1.274635735899e-02
2.397541351318e+02 9.137400239706e-02
2.397552642822e+02 9.623538702726e-02
2.397563934326e+02 2.102579176426e-01
2.397575225830e+02 1.610335707664e-01
2.397586517334e+02 3.019123971462e-01
2.397597808838e+02 4.870840013027e-01
2.397609100342e+02 1.250877022743e+00
2.397620391846e+02 2.564142942429e+00
2.397631683350e+02 6.310667514801e+00
2.397642974854e+02 7.679691314697e+00
2.397654266357e+02 3.458599567413e+00
2.397665557861e+02 1.854556918144e+00
2.397676849365e+02 1.899433374405e+00
2.397688140869e+02 1.520875930786e+00
2.397699432373e+02 7.600934505463e-01
2.397710723877e+02 6.166179776192e-01
2.397722015381e+02 5.635299086571e-01
2.397733306885e+02 6.332862973213e-01
2.397744598389e+02 8.413444757462e-01
2.397755889893e+02 2.928035736084e+00
2.397767181396e+02 9.419748306274e+00
2.397778472900e+02 1.738692474365e+01
2.397789764404e+02 2.060595893860e+01
2.397801055908e+02 1.671855354309e+01
2.397812347412e+02 7.342140197754e+00
2.397823638916e+02 1.419036984444e+00
2.397834930420e+02 1.535042524338e+00
2.397846221924e+02 1.022039771080e+00
2.397857513428e+02 4.921633601189e-01
2.397868804932e+02 3.377693295479e-01
2.397880096436e+02 2.199485450983e-01
2.397891387939e+02 1.344762891531e-01
2.397902679443e+02 2.469260012731e-03
2.397913970947e+02 -1.182094588876e-01
2.397925262451e+02 -1.409364789724e-01
2.397936553955e+02 -4.729467257857e-02
2.397947845459e+02 -2.187044322491e-01
2.397958984375e+02 -1.413635313511e-01
2.397970275879e+02 -5.394200980663e-02
2.397981567383e+02 -3.970879688859e-02
2.397992858887e+02 -1.057122573256e-01
2.398004150391e+02 -1.229685992002e-01
2.398015441895e+02 -2.783827111125e-02
2.398026733398e+02 -9.627173095942e-02
2.398038024902e+02 -8.948799222708e-02
2.398049316406e+02 1.251582056284e-01
2.398060607910e+02 4.865569174290e-01
2.398071899414e+02 1.089668750763e+00
2.398083190918e+02 1.591672778130e+00
2.398094482422e+02 2.206678390503e+00
2.398105773926e+02 1.880264639854e+00
2.398117065430e+02 1.474045157433e+00
2.398128356934e+02 1.258100152016e+00
2.398139648438e+02 4.171272814274e-01
2.398150939941e+02 3.574950993061e-01
2.398162231445e+02 2.774026989937e-01
2.398173522949e+02 2.446908652782e-01
2.398184814453e+02 2.968125641346e-01
2.398196105957e+02 3.428665399551e-01
2.398207397461e+02 3.984290659428e-01
2.398218688965e+02 7.078639268875e-01
2.398229980469e+02 1.636650085449e+00
2.398241271973e+02 2.665353775024e+00
2.398252563477e+02 2.382920742035e+00
2.398263854980e+02 1.416449666023e+00
2.398275146484e+02 7.300184965134e-01
2.398286437988e+02 2.311829179525e-01
2.398297729492e+02 3.706113621593e-02
2.398309020996e+02 2.923630550504e-02
2.398320312500e+02 1.694118790329e-02
2.398331604004e+02 1.105658430606e-02
2.398342895508e+02 1.217311620712e-01
2.398354187012e+02 6.644344925880e-01
2.398365478516e+02 1.381404876709e+00
2.398376770020e+02 1.802249789238e+00
2.398388061523e+02 2.089491367340e+00
2.398399353027e+02 3.344357967377e+00
2.398410644531e+02 4.791392803192e+00
2.398421936035e+02 3.610720872879e+00
2.398433227539e+02 2.385215282440e+00
2.398444519043e+02 1.686832427979e+00
2.398455810547e+02 1.021126627922e+00
2.398467102051e+02 6.756957173347e-01
2.398478393555e+02 1.015018343925e+00
2.398489685059e+02 5.737746953964e-01
2.398500976562e+02 5.615129470825e-01
2.398512268066e+02 7.274631261826e-01
2.398523559570e+02 6.109188199043e-01
2.398534851074e+02 8.903706669807e-01
2.398546142578e+02 1.612216949463e+00
2.398557434082e+02 2.931486368179e+00
2.398568725586e+02 4.470257759094e+00
2.398580017090e+02 3.512136220932e+00
2.398591308594e+02 2.656105995178e+00
2.398602600098e+02 2.642540454865e+00
2.398613891602e+02 3.824508666992e+00
2.398625183105e+02 4.247400760651e+00
2.398636474609e+02 2.560887098312e+00
2.398647766113e+02 1.726591348648e+00
2.398659057617e+02 1.723809003830e+00
2.398670196533e+02 2.542950868607e+00
2.398681488037e+02 3.544386148453e+00
2.398692779541e+02 3.026462078094e+00
2.398704071045e+02 1.363478660583e+00
2.398715362549e+02 7.368952035904e-01
2.398726654053e+02 3.276208341122e-01
2.398737945557e+02 2.109678685665e-01
2.398749237061e+02 1.443569064140e-01
2.398760528564e+02 2.515087425709e-01
2.398771820068e+02 8.021433353424e-01
2.398783111572e+02 1.760824680328e+00
2.398794403076e+02 4.162051677704e+00
2.398805694580e+02 9.873601913452e+00
2.398816986084e+02 1.001591682434e+01
2.398828277588e+02 4.400488376617e+00
2.398839569092e+02 1.777003884315e+00
2.398850860596e+02 1.052924633026e+00
2.398862152100e+02 3.771189153194e-01
2.398873443604e+02 2.991260886192e-01
2.398884735107e+02 2.832828760147e-01
2.398896026611e+02 1.078130245209e+00
2.398907318115e+02 1.674263834953e+00
2.398918609619e+02 1.323024392128e+00
2.398929901123e+02 5.740063190460e-01
2.398941192627e+02 2.597810924053e-01
2.398952484131e+02 1.063758283854e-01
2.398963775635e+02 9.705220907927e-02
2.398975067139e+02 2.128588110209e-01
2.398986358643e+02 3.964110314846e-01
2.398997650146e+02 4.262569248676e-01
2.399008941650e+02 8.282700777054e-01
2.399020233154e+02 1.969159126282e+00
2.399031524658e+02 3.847099304199e+00
2.399042816162e+02 4.970184326172e+00
2.399054107666e+02 3.349507570267e+00
2.399065399170e+02 1.448627829552e+00
2.399076690674e+02 7.361438870430e-01
2.399087982178e+02 2.114106863737e-01
2.399099273682e+02 2.254869192839e-01
2.399110565186e+02 1.885753720999e-01
2.399121856689e+02 5.699901655316e-02
2.399133148193e+02 1.993806064129e-01
2.399144439697e+02 5.158724784851e-01
2.399155731201e+02 1.636421322823e+00
2.399167022705e+02 1.130319118500e+00
2.399178314209e+02 3.061102926731e-01
2.399189605713e+02 1.072421222925e-01
2.399200897217e+02 4.331995174289e-02
2.399212188721e+02 6.029757857323e-02
2.399223480225e+02 7.615860551596e-02
2.399234771729e+02 9.013582766056e-02
2.399246063232e+02 1.337154209614e-01
2.399257354736e+02 1.042643841356e-02
2.399268646240e+02 -2.041198685765e-02
2.399279937744e+02 -1.149226631969e-02
2.399291229248e+02 1.933527179062e-02
2.399302520752e+02 -1.262832731009e-01
2.399313812256e+02 -2.643548846245e-01
2.399325103760e+02 -2.939693443477e-02
2.399336395264e+02 3.285481035709e-02
2.399347686768e+02 -8.832146227360e-02
2.399358978271e+02 -6.312619149685e-02
2.399370117188e+02 9.455370157957e-02
2.399381408691e+02 2.037988901138e-01
2.399392700195e+02 8.301832079887e-01
2.399403991699e+02 1.566941857338e+00
2.399415283203e+02 1.561222076416e+00
2.399426574707e+02 7.563018798828e-01
2.399437866211e+02 2.108839005232e-01
2.399449157715e+02 6.037824973464e-02
2.399460449219e+02 -8.920317888260e-02
2.399471740723e+02 -1.572221070528e-01
2.399483032227e+02 -2.045132517815e-01
2.399494323730e+02 -1.954396218061e-01
2.399505615234e+02 -2.419269531965e-01
2.399516906738e+02 -1.399065405130e-01
2.399528198242e+02 -1.049741357565e-01
2.399539489746e+02 -5.568470433354e-02
2.399550781250e+02 -4.096074495465e-03
2.399562072754e+02 1.704813539982e-01
2.399573364258e+02 4.733797907829e-01
2.399584655762e+02 5.554537177086e-01
2.399595947266e+02 3.884316086769e-01
2.399607238770e+02 6.378873437643e-02
2.399618530273e+02 -4.437090829015e-02
2.399629821777e+02 -1.570550501347e-01
2.399641113281e+02 -2.239245474339e-01
2.399652404785e+02 -1.757256388664e-01
2.399663696289e+02 -7.841044664383e-02
2.399674987793e+02 -5.422222241759e-02
2.399686279297e+02 -6.073268130422e-02
2.399697570801e+02 -1.511698663235e-01
2.399708862305e+02 -1.761541217566e-01
2.399720153809e+02 -1.298229545355e-01
2.399731445312e+02 -5.144952982664e-02
2.399742736816e+02 -3.705235198140e-02
2.399754028320e+02 1.339472830296e-01
2.399765319824e+02 7.071956247091e-02
2.399776611328e+02 8.971717208624e-02
2.399787902832e+02 3.605017960072e-01
2.399799194336e+02 6.635417938232e-01
2.399810485840e+02 1.391987800598e+00
2.399821777344e+02 4.384202957153e+00
2.399833068848e+02 8.276013374329e+00
2.399844360352e+02 1.003672981262e+01
2.399855651855e+02 7.150745391846e+00
2.399866943359e+02 2.582116127014e+00
2.399878234863e+02 1.179202795029e+00
2.399889526367e+02 1.332267284393e+00
2.399900817871e+02 1.283765673637e+00
2.399912109375e+02 5.020964741707e-01
2.399923400879e+02 -1.453776750714e-02
2.399934692383e+02 -1.255662292242e-01
2.399945983887e+02 -1.098231822252e-01
2.399957275391e+02 -7.931173592806e-02
2.399968566895e+02 -1.781530231237e-01
2.399979858398e+02 -6.578025966883e-02
2.399991149902e+02 -9.686892479658e-02
2.400002441406e+02 -4.407324641943e-02
2.400013732910e+02 1.907464116812e-01
2.400025024414e+02 3.522490262985e-01
2.400036315918e+02 3.433352410793e-01
2.400047607422e+02 5.988712310791e-01
2.400058898926e+02 8.489955663681e-01
2.400070190430e+02 1.453777432442e+00
2.400081329346e+02 2.648825883865e+00
2.400092620850e+02 3.786577463150e+00
2.400103912354e+02 2.725347518921e+00
2.400115203857e+02 2.176569223404e+00
2.400126495361e+02 1.797823309898e+00
2.400137786865e+02 9.475359320641e-01
2.400149078369e+02 3.832733631134e-01
2.400160369873e+02 5.235143303871e-01
2.400171661377e+02 5.945830941200e-01
2.400182952881e+02 4.059011340141e-01
2.400194244385e+02 9.511687606573e-02
2.400205535889e+02 8.989024162292e-02
2.400216827393e+02 4.122655689716e-01
2.400228118896e+02 1.177917242050e+00
2.400239410400e+02 1.276655435562e+00
2.400250701904e+02 4.057866036892e-01
2.400261993408e+02 2.707051634789e-01
2.400273284912e+02 3.955693542957e-01
2.400284576416e+02 5.900157690048e-01
2.400295867920e+02 9.764614701271e-01
2.400307159424e+02 7.715207338333e-01
2.400318450928e+02 2.375439107418e-01
2.400329742432e+02 8.196879178286e-03
2.400341033936e+02 -9.697612375021e-02
2.400352325439e+02 -1.202519014478e-01
2.400363616943e+02 -1.475564837456e-01
2.400374908447e+02 -1.636643558741e-01
2.400386199951e+02 -1.679273545742e-01
2.400397491455e+02 -1.279000490904e-01
2.400408782959e+02 -2.050998210907e-01
2.400420074463e+02 -1.687811464071e-01
2.400431365967e+02 -1.132420748472e-01
2.400442657471e+02 -1.409372240305e-01
2.400453948975e+02 -1.041010990739e-01
2.400465240479e+02 -1.273384690285e-01
2.400476531982e+02 -1.159557849169e-01
2.400487823486e+02 -1.304332762957e-01
2.400499114990e+02 -1.117270067334e-01
2.400510406494e+02 1.153274178505e-01
2.400521697998e+02 9.672502875328e-01
2.400532989502e+02 2.685838222504e+00
2.400544281006e+02 2.537323236465e+00
2.400555572510e+02 7.496617436409e-01
2.400566864014e+02 -4.994612652808e-03
2.400578155518e+02 -3.798278421164e-02
2.400589447021e+02 -7.058457285166e-02
2.400600738525e+02 -1.392182521522e-02
2.400612030029e+02 6.351155042648e-02
2.400623321533e+02 -6.433457136154e-02
2.400634613037e+02 -9.651114046574e-02
2.400645904541e+02 1.319974660873e-01
2.400657196045e+02 9.446480274200e-01
2.400668487549e+02 2.713432312012e+00
2.400679779053e+02 2.657508373260e+00
2.400691070557e+02 9.397062063217e-01
2.400702362061e+02 1.202147006989e-01
2.400713653564e+02 2.738274075091e-02
2.400724945068e+02 8.531689643860e-02
2.400736236572e+02 2.300654537976e-02
2.400747528076e+02 7.146479189396e-02
2.400758819580e+02 2.161069512367e-01
2.400770111084e+02 2.383629977703e-01
2.400781250000e+02 1.065324544907e-01
2.400792541504e+02 -3.678695857525e-02
2.400803833008e+02 7.766694575548e-02
2.400815124512e+02 4.774961248040e-02
2.400826416016e+02 7.890523225069e-02
2.400837707520e+02 1.008581668139e-01
2.400848999023e+02 -3.255795687437e-02
2.400860290527e+02 -7.111412286758e-02
2.400871582031e+02 -2.899851091206e-02
2.400882873535e+02 5.758584663272e-02
2.400894165039e+02 -4.111646115780e-02
2.400905456543e+02 -7.571800053120e-02
2.400916748047e+02 -1.466925293207e-01
2.400928039551e+02 -5.941840633750e-02
2.400939331055e+02 -1.667957454920e-01
2.400950622559e+02 -1.606438905001e-01
2.400961914062e+02 -2.647528350353e-01
2.400973205566e+02 -2.367671728134e-01
2.400984497070e+02 -2.167550474405e-01
2.400995788574e+02 -2.047657221556e-01
2.401007080078e+02 -1.742235422134e-01
2.401018371582e+02 -2.635651230812e-01
2.401029663086e+02 -2.137120217085e-01
2.401040954590e+02 -8.744028210640e-02
2.401052246094e+02 -4.748705774546e-03
2.401063537598e+02 1.139665916562e-01
2.401074829102e+02 2.647055126727e-02
2.401086120605e+02 -5.158286541700e-02
2.401097412109e+02 -6.803101301193e-02
2.401108703613e+02 -4.600367322564e-02
2.401119995117e+02 -7.806706428528e-02
2.401131286621e+02 -8.498044312000e-02
2.401142578125e+02 -1.070372238755e-01
2.401153869629e+02 -2.882966212928e-02
2.401165161133e+02 1.377979367971e-01
2.401176452637e+02 1.908272951841e-01
2.401187744141e+02 6.404382586479e-01
2.401199035645e+02 1.661572217941e+00
2.401210327148e+02 3.023452281952e+00
2.401221618652e+02 4.312323093414e+00
2.401232910156e+02 2.353020191193e+00
2.401244201660e+02 1.230375170708e+00
2.401255493164e+02 3.916204869747e-01
2.401266784668e+02 1.976234167814e-01
2.401278076172e+02 -4.029888287187e-02
2.401289367676e+02 -3.101676329970e-02
2.401300659180e+02 -6.303624808788e-02
2.401311950684e+02 -1.239912956953e-02
2.401323242188e+02 6.502459943295e-02
2.401334533691e+02 -9.672771394253e-02
2.401345825195e+02 -1.023454815149e-01
2.401357116699e+02 -1.384115368128e-01
2.401368408203e+02 -2.016668170691e-01
2.401379699707e+02 -1.397179365158e-01
2.401390991211e+02 -1.013913601637e-01
2.401402282715e+02 8.893907070160e-02
2.401413574219e+02 3.049296140671e-01
2.401424865723e+02 4.934787452221e-01
2.401436157227e+02 3.004332482815e-01
2.401447448730e+02 -5.420939996839e-03
2.401458740234e+02 -1.131466627121e-01
2.401470031738e+02 -1.138136610389e-01
2.401481323242e+02 3.490449488163e-02
2.401492462158e+02 1.287680715322e-01
2.401503753662e+02 1.215487793088e-01
2.401515045166e+02 2.078296430409e-02
2.401526336670e+02 -1.102985963225e-01
2.401537628174e+02 -5.033046007156e-02
2.401548919678e+02 -3.927678987384e-02
2.401560211182e+02 4.619385674596e-02
2.401571502686e+02 1.077759712934e-01
2.401582794189e+02 9.691900014877e-02
2.401594085693e+02 3.240685462952e-01
2.401605377197e+02 1.028960943222e+00
2.401616668701e+02 2.198893308640e+00
2.401627960205e+02 3.322240352631e+00
2.401639251709e+02 3.555224895477e+00
2.401650543213e+02 3.269251585007e+00
2.401661834717e+02 1.937716722488e+00
2.401673126221e+02 9.659755825996e-01
2.401684417725e+02 1.877997517586e-01
2.401695709229e+02 8.245770633221e-02
2.401707000732e+02 3.901799768209e-02
2.401718292236e+02 7.534411549568e-02
2.401729583740e+02 6.749282032251e-02
2.401740875244e+02 6.504144519567e-02
2.401752166748e+02 6.572881713510e-03
2.401763458252e+02 2.516558580101e-02
2.401774749756e+02 1.359389424324e-01
2.401786041260e+02 5.547674298286e-01
2.401797332764e+02 1.046805262566e+00
2.401808624268e+02 1.016083598137e+00
2.401819915771e+02 5.519412159920e-01
2.401831207275e+02 2.707042992115e-01
2.401842498779e+02 1.239435523748e-01
2.401853790283e+02 -3.383035957813e-02
2.401865081787e+02 4.799553658813e-03
2.401876373291e+02 1.083885803819e-01
2.401887664795e+02 2.418054044247e-01
2.401898956299e+02 1.879282444715e-01
2.401910247803e+02 -1.539398543537e-02
2.401921539307e+02 -8.321202546358e-02
2.401932830811e+02 -3.678123652935e-02
2.401944122314e+02 -1.014027372003e-01
2.401955413818e+02 -1.099254190922e-01
2.401966705322e+02 -7.127244770527e-02
2.401977996826e+02 9.450720995665e-02
2.401989288330e+02 1.777175962925e-01
2.402000579834e+02 2.728879153728e-01
2.402011871338e+02 2.579470872879e-01
2.402023162842e+02 2.220385819674e-01
2.402034454346e+02 2.557289600372e-01
2.402045745850e+02 4.260825216770e-01
2.402057037354e+02 6.146754026413e-01
2.402068328857e+02 6.144360303879e-01
2.402079620361e+02 4.778472185135e-01
2.402090911865e+02 3.846976757050e-01
2.402102203369e+02 2.830507755280e-01
2.402113494873e+02 3.595546185970e-01
2.402124786377e+02 2.840159833431e-01
2.402136077881e+02 3.543369770050e-01
2.402147369385e+02 2.541399896145e-01
2.402158660889e+02 8.563579320908e-01
2.402169952393e+02 2.258943796158e+00
2.402181243896e+02 4.594162464142e+00
2.402192382812e+02 3.485933065414e+00
2.402203674316e+02 1.365007281303e+00
2.402214965820e+02 1.630328595638e-01
2.402226257324e+02 -3.687573969364e-02
2.402237548828e+02 -2.467069402337e-02
2.402248840332e+02 2.572989277542e-02
2.402260131836e+02 -2.264370582998e-02
2.402271423340e+02 8.978968113661e-02
2.402282714844e+02 9.569826722145e-02
2.402294006348e+02 1.041334643960e-01
2.402305297852e+02 3.710744380951e-01
2.402316589355e+02 5.974680781364e-01
2.402327880859e+02 7.968130707741e-01
2.402339172363e+02 7.570842504501e-01
2.402350463867e+02 5.288809537888e-01
2.402361755371e+02 3.551322817802e-01
2.402373046875e+02 1.643143892288e-01
2.402384338379e+02 1.397378742695e-01
2.402395629883e+02 2.410565018654e-01
2.402406921387e+02 7.638530433178e-02
2.402418212891e+02 -7.328976690769e-02
2.402429504395e+02 -1.424096375704e-01
2.402440795898e+02 -1.227388996631e-02
2.402452087402e+02 -3.079041838646e-02
2.402463378906e+02 5.482696741819e-02
2.402474670410e+02 1.013891920447e-01
2.402485961914e+02 2.142287641764e-01
2.402497253418e+02 3.009134232998e-01
2.402508544922e+02 4.389317929745e-01
2.402519836426e+02 4.398305118084e-01
2.402531127930e+02 2.371466010809e-01
2.402542419434e+02 8.636514097452e-02
2.402553710938e+02 1.138374432921e-01
2.402565002441e+02 1.079982370138e-01
2.402576293945e+02 8.871186524630e-02
2.402587585449e+02 5.684382095933e-02
2.402598876953e+02 -1.546793431044e-02
2.402610168457e+02 -6.508556008339e-02
2.402621459961e+02 -2.009118050337e-01
2.402632751465e+02 -1.632258892059e-01
2.402644042969e+02 -1.655063033104e-01
2.402655334473e+02 -5.941670387983e-02
2.402666625977e+02 1.373175829649e-01
2.402677917480e+02 5.410159826279e-01
2.402689208984e+02 7.685463428497e-01
2.402700500488e+02 8.543838262558e-01
2.402711791992e+02 2.778049945831e+00
2.402723083496e+02 7.227978706360e+00
2.402734375000e+02 1.439165973663e+01
2.402745666504e+02 1.595729637146e+01
2.402756958008e+02 8.943975448608e+00
2.402768249512e+02 2.228192567825e+00
2.402779541016e+02 6.032269001007e-01
2.402790832520e+02 3.348442912102e-01
2.402802124023e+02 3.130899071693e-01
2.402813415527e+02 1.462039351463e-01
2.402824707031e+02 1.077120602131e-01
2.402835998535e+02 6.826642900705e-02
2.402847290039e+02 2.125170268118e-02
2.402858581543e+02 -6.264318525791e-02
2.402869873047e+02 7.311492413282e-02
2.402881164551e+02 1.869135349989e-01
2.402892303467e+02 2.078612446785e-01
2.402903594971e+02 6.680722832680e-01
2.402914886475e+02 1.066504001617e+00
2.402926177979e+02 1.706371307373e+00
2.402937469482e+02 2.683842420578e+00
2.402948760986e+02 3.134633064270e+00
2.402960052490e+02 2.816013336182e+00
2.402971343994e+02 3.890125989914e+00
2.402982635498e+02 5.816177845001e+00
2.402993927002e+02 7.236292839050e+00
2.403005218506e+02 4.516265869141e+00
2.403016510010e+02 1.834762096405e+00
2.403027801514e+02 1.105423808098e+00
2.403039093018e+02 6.407805681229e-01
2.403050384521e+02 1.687149852514e-01
2.403061676025e+02 1.807809025049e-01
2.403072967529e+02 7.070010155439e-02
2.403084259033e+02 -2.163582295179e-02
2.403095550537e+02 8.415496349335e-02
2.403106842041e+02 1.530760060996e-02
2.403118133545e+02 -1.362223029137e-01
2.403129425049e+02 -7.323193550110e-02
2.403140716553e+02 9.560539573431e-02
2.403152008057e+02 1.793033331633e-01
2.403163299561e+02 1.302314251661e-01
2.403174591064e+02 -2.340165153146e-02
2.403185882568e+02 -3.520277142525e-02
2.403197174072e+02 -7.431441545486e-02
2.403208465576e+02 -1.141005232930e-01
2.403219757080e+02 -1.895164139569e-02
2.403231048584e+02 -2.648782171309e-02
2.403242340088e+02 -1.441594362259e-01
2.403253631592e+02 -8.299510180950e-02
2.403264923096e+02 -4.412377625704e-02
2.403276214600e+02 -5.582113936543e-02
2.403287506104e+02 -1.679424345493e-01
2.403298797607e+02 -1.356778889894e-01
2.403310089111e+02 -8.136636577547e-03
2.403321380615e+02 1.226039156318e-01
2.403332672119e+02 2.017129659653e-01
2.403343963623e+02 4.235110878944e-01
2.403355255127e+02 4.056693613529e-01
2.403366546631e+02 8.842875808477e-02
2.403377838135e+02 -5.171297583729e-03
2.403389129639e+02 -3.429517894983e-02
2.403400421143e+02 -1.120923683047e-01
2.403411712646e+02 -7.515136897564e-02
2.403423004150e+02 -4.342781379819e-02
2.403434295654e+02 -1.157105937600e-01
2.403445587158e+02 5.739498883486e-02
2.403456878662e+02 -1.199399679899e-02
2.403468170166e+02 -5.987767595798e-03
2.403479461670e+02 -2.118678763509e-02
2.403490753174e+02 1.332497596741e-01
2.403502044678e+02 7.550235986710e-01
2.403513336182e+02 1.397918462753e+00
2.403524627686e+02 1.523235082626e+00
2.403535919189e+02 7.867912054062e-01
2.403547210693e+02 2.163387387991e-01
2.403558502197e+02 1.065157428384e-01
2.403569793701e+02 4.228226840496e-02
2.403581085205e+02 2.278563827276e-01
2.403592376709e+02 2.019498199224e-01
2.403603515625e+02 3.030465245247e-01
2.403614807129e+02 6.823011040688e-01
2.403626098633e+02 1.247980594635e+00
2.403637390137e+02 2.165378332138e+00
2.403648681641e+02 2.667115688324e+00
2.403659973145e+02 1.707755923271e+00
2.403671264648e+02 7.891592383385e-01
2.403682556152e+02 2.256051748991e-01
2.403693847656e+02 1.063513979316e-01
2.403705139160e+02 1.115865111351e-01
2.403716430664e+02 -2.462003938854e-02
2.403727722168e+02 4.969736561179e-02
2.403739013672e+02 1.746275648475e-02
2.403750305176e+02 8.092766255140e-02
2.403761596680e+02 2.533144690096e-02
2.403772888184e+02 -3.938234876841e-03
2.403784179688e+02 1.215113513172e-02
2.403795471191e+02 7.222908735275e-02
2.403806762695e+02 6.590333580971e-02
2.403818054199e+02 -1.538387779146e-02
2.403829345703e+02 -8.963181823492e-02
2.403840637207e+02 -1.306488513947e-01
2.403851928711e+02 -9.557910263538e-02
2.403863220215e+02 -4.737557470798e-02
2.403874511719e+02 1.805726885796e-01
2.403885803223e+02 1.050665229559e-01
2.403897094727e+02 1.749191135168e-01
2.403908386230e+02 1.736612170935e-01
2.403919677734e+02 1.823269426823e-01
2.403930969238e+02 1.251006275415e-01
2.403942260742e+02 1.295977681875e-01
2.403953552246e+02 4.113511741161e-02
2.403964843750e+02 4.740460962057e-02
2.403976135254e+02 2.450685203075e-01
2.403987426758e+02 3.953821957111e-01
2.403998718262e+02 1.421670317650e-01
2.404010009766e+02 -1.244725435972e-01
2.404021301270e+02 -1.889575123787e-01
2.404032592773e+02 -1.707039028406e-01
2.404043884277e+02 -1.792117059231e-01
2.404055175781e+02 -5.381950363517e-02
2.404066467285e+02 1.540309004486e-02
2.404077758789e+02 1.598732769489e-01
2.404089050293e+02 2.109631150961e-01
2.404100341797e+02 2.866654992104e-01
2.404111633301e+02 7.264834642410e-01
2.404122924805e+02 1.641354799271e+00
2.404134216309e+02 3.431219339371e+00
2.404145507812e+02 4.993011951447e+00
2.404156799316e+02 3.446722984314e+00
2.404168090820e+02 1.763245344162e+00
2.404179382324e+02 1.183872580528e+00
2.404190673828e+02 1.167993903160e+00
2.404201965332e+02 1.306680798531e+00
2.404213256836e+02 1.374137043953e+00
2.404224548340e+02 1.694880962372e+00
2.404235839844e+02 3.527347326279e+00
2.404247131348e+02 6.710117816925e+00
2.404258422852e+02 9.679973602295e+00
2.404269714355e+02 7.140204906464e+00
2.404281005859e+02 2.930626869202e+00
2.404292297363e+02 1.434595942497e+00
2.404303436279e+02 9.133220911026e-01
2.404314727783e+02 6.647340059280e-01
2.404326019287e+02 8.493416309357e-01
2.404337310791e+02 4.403818547726e-01
2.404348602295e+02 1.936026215553e-01
2.404359893799e+02 5.474478006363e-02
2.404371185303e+02 2.982946857810e-02
2.404382476807e+02 1.630820892751e-02
2.404393768311e+02 -1.469493005425e-02
2.404405059814e+02 -2.287476323545e-03
2.404416351318e+02 -5.204875022173e-02
2.404427642822e+02 -8.427376300097e-02
2.404438934326e+02 -5.472899600863e-02
2.404450225830e+02 1.992713660002e-02
2.404461517334e+02 4.341813176870e-02
2.404472808838e+02 7.423696666956e-02
2.404484100342e+02 9.162390232086e-02
2.404495391846e+02 1.585030257702e-01
2.404506683350e+02 3.733066916466e-01
2.404517974854e+02 5.179011225700e-01
2.404529266357e+02 6.112560629845e-01
2.404540557861e+02 4.360451698303e-01
2.404551849365e+02 3.166737258434e-01
2.404563140869e+02 1.100219264627e-01
2.404574432373e+02 6.129681423772e-05
2.404585723877e+02 2.874717116356e-01
2.404597015381e+02 6.338002085686e-01
2.404608306885e+02 9.958443641663e-01
2.404619598389e+02 1.534035921097e+00
2.404630889893e+02 4.691451191902e-01
2.404642181396e+02 3.432960212231e-01
2.404653472900e+02 1.917590498924e-01
2.404664764404e+02 1.350544393063e-01
2.404676055908e+02 1.655443459749e-01
2.404687347412e+02 2.260299026966e-01
2.404698638916e+02 1.422885060310e-01
2.404709930420e+02 9.652372449636e-02
2.404721221924e+02 4.236673563719e-02
2.404732513428e+02 6.865438818932e-02
2.404743804932e+02 1.336769666523e-02
2.404755096436e+02 1.205088719726e-01
2.404766387939e+02 2.148316204548e-01
2.404777679443e+02 2.197532206774e-01
2.404788970947e+02 2.188499867916e-01
2.404800262451e+02 9.951014816761e-02
2.404811553955e+02 1.345634311438e-01
2.404822845459e+02 3.286173641682e-01
2.404834136963e+02 8.313103914261e-01
2.404845428467e+02 8.101487755775e-01
2.404856719971e+02 1.017913937569e+00
2.404868011475e+02 2.073499917984e+00
2.404879302979e+02 2.353076219559e+00
2.404890594482e+02 1.290726661682e+00
2.404901885986e+02 7.044271826744e-01
2.404913177490e+02 4.359562695026e-01
2.404924468994e+02 4.836872518063e-01
2.404935760498e+02 3.011012673378e-01
2.404947052002e+02 1.263176053762e-01
2.404958343506e+02 1.085519865155e-01
2.404969635010e+02 -2.828273735940e-02
2.404980926514e+02 -1.685634553432e-01
2.404992218018e+02 -1.369383186102e-01
2.405003509521e+02 -1.316469162703e-01
2.405014648438e+02 -7.960403710604e-02
2.405025939941e+02 7.172797620296e-02
2.405037231445e+02 2.292778901756e-02
2.405048522949e+02 1.335376352072e-01
2.405059814453e+02 1.604023873806e-01
2.405071105957e+02 -5.343915894628e-03
2.405082397461e+02 2.691229619086e-02
2.405093688965e+02 1.201086118817e-01
2.405104980469e+02 -5.945818871260e-02
2.405116271973e+02 -6.680191308260e-02
2.405127563477e+02 -1.666262298822e-01
2.405138854980e+02 -2.524014748633e-02
2.405150146484e+02 1.480188369751e-01
2.405161437988e+02 9.514970332384e-02
2.405172729492e+02 6.424890831113e-03
2.405184020996e+02 -3.396151959896e-02
2.405195312500e+02 -1.273359358311e-01
2.405206604004e+02 -2.044655829668e-01
2.405217895508e+02 -2.178818285465e-01
2.405229187012e+02 -1.924726516008e-01
2.405240478516e+02 -1.719716787338e-01
2.405251770020e+02 -1.099432706833e-01
2.405263061523e+02 -1.511923596263e-02
2.405274353027e+02 1.072860322893e-02
2.405285644531e+02 -2.044984139502e-03
2.405296936035e+02 3.942384198308e-02
2.405308227539e+02 1.668976992369e-01
2.405319519043e+02 2.055317759514e-01
2.405330810547e+02 2.238890379667e-01
2.405342102051e+02 1.304315179586e-01
2.405353393555e+02 7.875611633062e-02
2.405364685059e+02 7.698252797127e-02
2.405375976562e+02 -7.930043339729e-02
2.405387268066e+02 -6.348218023777e-02
2.405398559570e+02 -1.039763838053e-01
2.405409851074e+02 8.018843084574e-02
2.405421142578e+02 1.993889659643e-01
2.405432434082e+02 1.850652694702e-01
2.405443725586e+02 2.518105506897e-01
2.405455017090e+02 3.630217015743e-01
2.405466308594e+02 5.651698708534e-01
2.405477600098e+02 6.023953557014e-01
2.405488891602e+02 7.477660775185e-01
2.405500183105e+02 8.847559690475e-01
2.405511474609e+02 8.407685756683e-01
2.405522766113e+02 4.613361656666e-01
2.405534057617e+02 4.600248932838e-01
2.405545349121e+02 2.660273313522e-01
2.405556640625e+02 1.542546153069e-01
2.405567932129e+02 3.022451400757e-01
2.405579223633e+02 2.764956951141e-01
2.405590515137e+02 1.818575561047e-01
2.405601806641e+02 9.586536884308e-02
2.405613098145e+02 1.151206791401e-01
2.405624389648e+02 3.045342564583e-01
2.405635681152e+02 2.396602034569e-01
2.405646972656e+02 2.639468908310e-01
2.405658264160e+02 2.083686888218e-01
2.405669555664e+02 2.637169510126e-02
2.405680847168e+02 -7.674081623554e-02
2.405692138672e+02 -1.552783995867e-01
2.405703430176e+02 -1.663317978382e-01
2.405714569092e+02 -1.238549351692e-01
2.405725860596e+02 -3.575609624386e-02
2.405737152100e+02 1.574591845274e-01
2.405748443604e+02 3.341047763824e-01
2.405759735107e+02 7.067706584930e-01
2.405771026611e+02 8.159669041634e-01
2.405782318115e+02 9.510751366615e-01
2.405793609619e+02 1.812058210373e+00
2.405804901123e+02 3.595860958099e+00
2.405816192627e+02 4.591118812561e+00
2.405827484131e+02 3.050554513931e+00
2.405838775635e+02 1.175521850586e+00
2.405850067139e+02 5.511655807495e-01
2.405861358643e+02 1.254280656576e-01
2.405872650146e+02 2.014885097742e-02
2.405883941650e+02 -1.108940504491e-02
2.405895233154e+02 5.698734428734e-03
2.405906524658e+02 -5.032621696591e-02
2.405917816162e+02 1.014773920178e-01
2.405929107666e+02 2.916463017464e-01
2.405940399170e+02 3.651754260063e-01
2.405951690674e+02 5.484760403633e-01
2.405962982178e+02 6.808633804321e-01
2.405974273682e+02 8.018938302994e-01
2.405985565186e+02 7.060649991035e-01
2.405996856689e+02 5.005512833595e-01
2.406008148193e+02 3.343668580055e-01
2.406019439697e+02 3.381815254688e-01
2.406030731201e+02 3.581089675426e-01
2.406042022705e+02 3.599123358727e-01
2.406053314209e+02 5.371218323708e-01
2.406064605713e+02 5.667260289192e-01
2.406075897217e+02 4.599197506905e-01
2.406087188721e+02 4.073888659477e-01
2.406098480225e+02 4.282950758934e-01
2.406109771729e+02 6.532336473465e-01
2.406121063232e+02 5.995725989342e-01
2.406132354736e+02 5.817885398865e-01
2.406143646240e+02 4.523812234402e-01
2.406154937744e+02 3.209196925163e-01
2.406166229248e+02 1.880529373884e-01
2.406177520752e+02 1.307086646557e-01
2.406188812256e+02 1.504844725132e-01
2.406200103760e+02 1.235283315182e-01
2.406211395264e+02 1.847052872181e-01
2.406222686768e+02 1.755933314562e-01
2.406233978271e+02 1.977709680796e-01
2.406245269775e+02 2.573273479939e-01
2.406256561279e+02 2.669315338135e-01
2.406267852783e+02 3.533897697926e-01
2.406279144287e+02 2.619353234768e-01
2.406290435791e+02 3.007254898548e-01
2.406301727295e+02 2.409517765045e-01
2.406313018799e+02 5.068608745933e-02
2.406324310303e+02 -6.100826337934e-02
2.406335601807e+02 -6.508201360703e-02
2.406346893311e+02 1.591727286577e-01
2.406358184814e+02 1.301045715809e-01
2.406369476318e+02 7.957469671965e-02
2.406380767822e+02 1.740996688604e-01
2.406392059326e+02 5.328873991966e-01
2.406403350830e+02 6.272547245026e-01
2.406414642334e+02 6.126257181168e-01
2.406425781250e+02 5.125474333763e-01
2.406437072754e+02 4.797016084194e-01
2.406448364258e+02 3.973686993122e-01
2.406459655762e+02 3.157391846180e-01
2.406470947266e+02 9.036444872618e-02
2.406482238770e+02 -1.362808793783e-01
2.406493530273e+02 -1.422459334135e-01
2.406504821777e+02 -1.808599680662e-01
2.406516113281e+02 -1.701671034098e-01
2.406527404785e+02 -8.163675665855e-02
2.406538696289e+02 -2.081057280302e-01
2.406549987793e+02 -3.203408122063e-01
2.406561279297e+02 -1.895647644997e-01
2.406572570801e+02 -1.719528138638e-01
2.406583862305e+02 -1.490057259798e-01
2.406595153809e+02 -1.842266917229e-01
2.406606445312e+02 -1.477604359388e-01
2.406617736816e+02 -1.660782545805e-01
2.406629028320e+02 -1.337845474482e-01
2.406640319824e+02 -1.890764236450e-01
2.406651611328e+02 -1.732252240181e-01
2.406662902832e+02 -1.353804767132e-01
2.406674194336e+02 -1.423208042979e-02
2.406685485840e+02 3.443394973874e-02
2.406696777344e+02 -9.973983466625e-02
2.406708068848e+02 -1.463979016989e-02
2.406719360352e+02 -8.815784007311e-02
2.406730651855e+02 -2.476991340518e-02
2.406741943359e+02 8.879745379090e-03
2.406753234863e+02 -1.512121856213e-01
2.406764526367e+02 -1.992459874600e-03
2.406775817871e+02 5.103571340442e-02
2.406787109375e+02 1.409250125289e-02
2.406798400879e+02 5.971091985703e-02
2.406809692383e+02 1.296077817678e-01
2.406820983887e+02 2.774600386620e-01
2.406832275391e+02 3.916289806366e-01
2.406843566895e+02 6.498540639877e-01
2.406854858398e+02 8.964819312096e-01
2.406866149902e+02 7.922235131264e-01
2.406877441406e+02 3.379246890545e-01
2.406888732910e+02 -4.382443800569e-02
2.406900024414e+02 -1.421621292830e-01
2.406911315918e+02 -6.199377775192e-02
