#title: Spectral profile - SDC18.816-0.447_1_SPW_3.image.pbcor.fits-raster
#region (world): Ellipse[[18:26:59.072, -12d44m46.978], [18:26:59.015, -12d44m46.369]]
#region (pixel): Ellipse[[171, 163], [178, 168]]
#coordinate: world
#xLabel: frequency [GHz]
#yLabel: [Kelvin] Mean

# SDC18.816-0.447_1_SPW_3.image.pbcor.fits-raster
2.261095581055e+02 5.074399044732e-02
2.261084289551e+02 -7.085694458867e-02
2.261072998047e+02 -1.747707907719e-01
2.261061706543e+02 -6.339796367408e-02
2.261050415039e+02 -4.355994622182e-02
2.261039123535e+02 -7.089439728820e-02
2.261027832031e+02 -2.637592202534e-03
2.261016540527e+02 4.313566031299e-02
2.261005249023e+02 -1.100734286138e-02
2.260993957520e+02 -4.567699649327e-02
2.260982666016e+02 -7.446144934514e-03
2.260971374512e+02 -6.088545516241e-02
2.260960083008e+02 1.280264724506e-02
2.260948791504e+02 5.238418827913e-02
2.260937500000e+02 3.984536550950e-02
2.260926208496e+02 -1.311177888205e-01
2.260914916992e+02 -1.290261444341e-01
2.260903625488e+02 4.697683557479e-02
2.260892333984e+02 1.367253082367e-02
2.260881042480e+02 1.511176276458e-02
2.260869750977e+02 1.430013648244e-01
2.260858459473e+02 1.068994453660e-03
2.260847167969e+02 6.023136425000e-02
2.260835876465e+02 1.079862951071e-01
2.260824584961e+02 8.917876094963e-02
2.260813293457e+02 -1.527982402898e-01
2.260802001953e+02 -2.345079457088e-01
2.260790710449e+02 -1.082961629807e-01
2.260779418945e+02 1.062679150511e-02
2.260768127441e+02 -9.718321308153e-03
2.260756835938e+02 2.222594557472e-02
2.260745544434e+02 -4.196402176857e-02
2.260734252930e+02 -6.557260443289e-02
2.260722961426e+02 -6.732164225858e-03
2.260711822510e+02 -3.680270131392e-03
2.260700531006e+02 2.062821295489e-01
2.260689239502e+02 1.191439952220e-01
2.260677947998e+02 -1.352918879873e-02
2.260666656494e+02 7.479308674340e-02
2.260655364990e+02 2.494446872935e-03
2.260644073486e+02 -7.960297771893e-02
2.260632781982e+02 -8.985707519083e-02
2.260621490479e+02 -3.627331333788e-02
2.260610198975e+02 -1.325878206286e-02
2.260598907471e+02 1.188915785993e-02
2.260587615967e+02 -1.146972806096e-02
2.260576324463e+02 6.441337891396e-02
2.260565032959e+02 7.519823812983e-02
2.260553741455e+02 6.323197092938e-02
2.260542449951e+02 -1.564738943988e-03
2.260531158447e+02 -1.078128865906e-01
2.260519866943e+02 -7.729349884947e-02
2.260508575439e+02 6.747606216490e-02
2.260497283936e+02 1.128759437768e-01
2.260485992432e+02 6.047942258087e-02
2.260474700928e+02 -7.091404298005e-02
2.260463409424e+02 1.805678644115e-02
2.260452117920e+02 -5.683845408518e-02
2.260440826416e+02 -1.410724611531e-02
2.260429534912e+02 2.086349586401e-02
2.260418243408e+02 -8.282315456865e-02
2.260406951904e+02 -1.006711473597e-01
2.260395660400e+02 1.676251147733e-01
2.260384368896e+02 1.611793136859e-01
2.260373077393e+02 1.820593348192e-01
2.260361785889e+02 -1.289444488736e-01
2.260350494385e+02 -2.333709827642e-01
2.260339202881e+02 1.871084302129e-02
2.260327911377e+02 5.265864813103e-02
2.260316619873e+02 -1.522836948246e-02
2.260305328369e+02 -2.442451211591e-02
2.260294036865e+02 4.729690776406e-02
2.260282745361e+02 4.587348774406e-02
2.260271453857e+02 -1.271659530005e-01
2.260260162354e+02 -1.224570218076e-01
2.260248870850e+02 -4.887269442948e-02
2.260237579346e+02 8.479700872735e-02
2.260226287842e+02 -2.461434862700e-02
2.260214996338e+02 9.245573864434e-02
2.260203704834e+02 1.117997718507e-01
2.260192413330e+02 -1.946313187538e-02
2.260181121826e+02 -3.333474317572e-03
2.260169830322e+02 2.794757517998e-01
2.260158538818e+02 1.050925571767e-01
2.260147247314e+02 -1.554996564337e-01
2.260135955811e+02 -7.016103696284e-02
2.260124664307e+02 -3.884586137267e-02
2.260113372803e+02 7.864588538831e-02
2.260102081299e+02 3.822544660931e-02
2.260090789795e+02 -8.333801665366e-02
2.260079498291e+02 -1.472945168838e-01
2.260068206787e+02 -6.230225286765e-02
2.260056915283e+02 -8.209640892867e-02
2.260045623779e+02 -1.307800202498e-01
2.260034332275e+02 -1.035702182372e-01
2.260023040771e+02 -1.524986244155e-02
2.260011901855e+02 1.678787158596e-01
2.260000610352e+02 1.081989644898e-01
2.259989318848e+02 1.567426221910e-01
2.259978027344e+02 1.521403423093e-01
2.259966735840e+02 1.531390606184e-01
2.259955444336e+02 1.391055516511e-01
2.259944152832e+02 1.359127109233e-01
2.259932861328e+02 -4.342281070963e-03
2.259921569824e+02 -2.444345819225e-01
2.259910278320e+02 -2.154226176539e-01
2.259898986816e+02 -9.132400946461e-02
2.259887695312e+02 -1.564863565385e-02
2.259876403809e+02 -1.029726077352e-01
2.259865112305e+02 -5.068472912248e-02
2.259853820801e+02 1.512747264234e-02
2.259842529297e+02 7.813977421925e-02
2.259831237793e+02 -9.538262629557e-02
2.259819946289e+02 -9.769261633449e-02
2.259808654785e+02 -8.794740713138e-02
2.259797363281e+02 -4.743456493613e-02
2.259786071777e+02 -9.636540679879e-02
2.259774780273e+02 -8.765778767182e-02
2.259763488770e+02 1.415926123161e-01
2.259752197266e+02 5.867234508720e-03
2.259740905762e+02 -3.931511112030e-02
2.259729614258e+02 2.036159039889e-02
2.259718322754e+02 -1.599188003203e-01
2.259707031250e+02 3.450261089172e-02
2.259695739746e+02 1.219536419619e-01
2.259684448242e+02 -4.511494660085e-02
2.259673156738e+02 2.449526426313e-03
2.259661865234e+02 1.631630631698e-01
2.259650573730e+02 1.583104475828e-01
2.259639282227e+02 1.059521839875e-01
2.259627990723e+02 -3.596663455134e-02
2.259616699219e+02 3.408797235273e-02
2.259605407715e+02 -9.455312033576e-02
2.259594116211e+02 3.726686654669e-02
2.259582824707e+02 1.613666000717e-01
2.259571533203e+02 -9.020138215299e-02
2.259560241699e+02 3.478888867631e-02
2.259548950195e+02 1.274660857662e-01
2.259537658691e+02 3.739196192007e-02
2.259526367188e+02 -1.334773012617e-01
2.259515075684e+02 -1.754731070894e-01
2.259503784180e+02 -4.260143863845e-02
2.259492492676e+02 -1.061387455809e-01
2.259481201172e+02 -1.530615764839e-01
2.259469909668e+02 -1.767570121797e-01
2.259458618164e+02 -3.517002654231e-02
2.259447326660e+02 -1.146966683506e-01
2.259436035156e+02 -1.794084557871e-01
2.259424743652e+02 -1.787043084148e-01
2.259413452148e+02 -6.834697285080e-02
2.259402160645e+02 -6.280507576750e-02
2.259390869141e+02 8.928879208279e-02
2.259379577637e+02 1.489313730407e-01
2.259368286133e+02 5.694598659151e-02
2.259356994629e+02 -1.203671092938e-01
2.259345703125e+02 -6.273785698379e-02
2.259334411621e+02 -3.686671622861e-02
2.259323120117e+02 -2.831849232711e-02
2.259311828613e+02 2.443446084685e-02
2.259300689697e+02 1.075064595741e-01
2.259289398193e+02 -9.187107522546e-02
2.259278106689e+02 5.123749022662e-03
2.259266815186e+02 9.217749461257e-02
2.259255523682e+02 2.285270608728e-02
2.259244232178e+02 2.126176172155e-02
2.259232940674e+02 5.753692518769e-02
2.259221649170e+02 -4.264604771039e-02
2.259210357666e+02 9.020589112537e-02
2.259199066162e+02 -3.785902203136e-02
2.259187774658e+02 3.127400661239e-01
2.259176483154e+02 8.077387621204e-02
2.259165191650e+02 -5.371798198262e-02
2.259153900146e+02 -2.688036092641e-02
2.259142608643e+02 -1.057846806226e-01
2.259131317139e+02 -3.699538597350e-02
2.259120025635e+02 -1.475531686295e-01
2.259108734131e+02 7.117601732721e-03
2.259097442627e+02 1.469395363982e-01
2.259086151123e+02 1.410673284777e-01
2.259074859619e+02 4.841097107992e-02
2.259063568115e+02 -1.366325138139e-01
2.259052276611e+02 -1.092464193735e-01
2.259040985107e+02 1.078156713197e-01
2.259029693604e+02 1.265029967312e-01
2.259018402100e+02 8.755947528922e-02
2.259007110596e+02 -9.270253621771e-03
2.258995819092e+02 -7.753052602900e-03
2.258984527588e+02 -3.385769814136e-02
2.258973236084e+02 2.217097731039e-01
2.258961944580e+02 1.657636187132e-01
2.258950653076e+02 2.273267281741e-02
2.258939361572e+02 -4.199389466428e-02
2.258928070068e+02 -9.377935854974e-03
2.258916778564e+02 2.969082782625e-02
2.258905487061e+02 2.063934614938e-02
2.258894195557e+02 -6.428795929131e-02
2.258882904053e+02 -8.736616168141e-02
2.258871612549e+02 -1.362939212685e-01
2.258860321045e+02 -7.177588231542e-02
2.258849029541e+02 -3.020550489843e-02
2.258837738037e+02 1.148778969969e-01
2.258826446533e+02 8.127026753201e-02
2.258815155029e+02 -5.924454779688e-02
2.258803863525e+02 1.179138907172e-02
2.258792572021e+02 -7.924466032672e-03
2.258781280518e+02 -1.002239808956e-01
2.258769989014e+02 -5.478480789999e-02
2.258758697510e+02 6.130293898885e-04
2.258747406006e+02 3.406869668654e-02
2.258736114502e+02 -1.212761974717e-01
2.258724822998e+02 -7.950348278012e-03
2.258713531494e+02 1.163042276311e-01
2.258702239990e+02 8.591716411503e-02
2.258690948486e+02 1.415172033770e-01
2.258679656982e+02 7.687907774824e-02
2.258668365479e+02 -1.124462181095e-01
2.258657073975e+02 -5.987682626929e-02
2.258645782471e+02 -8.247980509556e-03
2.258634490967e+02 4.527867341527e-02
2.258623199463e+02 2.151003558283e-02
2.258611907959e+02 6.917631096392e-02
2.258600769043e+02 1.290745758329e-01
2.258589477539e+02 3.746906077016e-02
2.258578186035e+02 -6.138531022766e-02
2.258566894531e+02 3.257821428542e-02
2.258555603027e+02 3.826252928319e-02
2.258544311523e+02 2.861729185607e-02
2.258533020020e+02 -3.299576916060e-03
2.258521728516e+02 -6.732979140600e-03
2.258510437012e+02 1.629597397958e-01
2.258499145508e+02 8.235554895562e-02
2.258487854004e+02 -4.225683794459e-02
2.258476562500e+02 -6.924119133810e-02
2.258465270996e+02 7.843552771230e-02
2.258453979492e+02 8.934060521086e-03
2.258442687988e+02 -1.115609870494e-01
2.258431396484e+02 9.572989918499e-03
2.258420104980e+02 -8.757653461620e-02
2.258408813477e+02 2.369385641104e-02
2.258397521973e+02 1.850111477036e-02
2.258386230469e+02 1.058553211900e-01
2.258374938965e+02 3.731114755466e-02
2.258363647461e+02 1.024112292295e-01
2.258352355957e+02 -1.369393890574e-02
2.258341064453e+02 -7.022478818657e-02
2.258329772949e+02 2.985788716036e-01
2.258318481445e+02 2.938170610747e-01
2.258307189941e+02 2.053975927637e-01
2.258295898438e+02 8.510625861997e-02
2.258284606934e+02 4.105629162292e-03
2.258273315430e+02 4.370276467953e-02
2.258262023926e+02 9.409981983815e-02
2.258250732422e+02 1.135408169316e-02
2.258239440918e+02 8.112112049123e-02
2.258228149414e+02 5.401429242150e-02
2.258216857910e+02 -1.126878639339e-01
2.258205566406e+02 -1.791346215455e-01
2.258194274902e+02 1.091844763164e-01
2.258182983398e+02 -2.963689563375e-02
2.258171691895e+02 -1.060582859823e-01
2.258160400391e+02 -6.688822491774e-02
2.258149108887e+02 -1.942310272919e-01
2.258137817383e+02 -1.802121209864e-01
2.258126525879e+02 -1.724191032288e-03
2.258115234375e+02 4.709425577690e-02
2.258103942871e+02 -7.093250611570e-02
2.258092651367e+02 -1.050173923782e-01
2.258081359863e+02 -1.247518369801e-01
2.258070068359e+02 -3.020212316914e-03
2.258058776855e+02 1.584375838193e-01
2.258047485352e+02 5.227442036010e-02
2.258036193848e+02 -2.331414095035e-03
2.258024902344e+02 5.186318834594e-02
2.258013610840e+02 -8.185284049669e-02
2.258002319336e+02 -1.628484421831e-02
2.257991027832e+02 6.942541070720e-02
2.257979736328e+02 1.767625663792e-01
2.257968444824e+02 -1.718689656829e-01
2.257957153320e+02 -9.954959579280e-02
2.257945861816e+02 -8.085799792014e-02
2.257934570312e+02 -3.256123125239e-02
2.257923278809e+02 1.255899717855e-01
2.257911987305e+02 1.883285306736e-01
2.257900848389e+02 2.317489123747e-01
2.257889556885e+02 -6.991373012736e-02
2.257878265381e+02 -1.398777193704e-03
2.257866973877e+02 -7.694536574577e-03
2.257855682373e+02 1.674093325975e-02
2.257844390869e+02 1.204633388516e-01
2.257833099365e+02 -2.196413907425e-02
2.257821807861e+02 -4.692026838002e-03
2.257810516357e+02 -4.907686085153e-02
2.257799224854e+02 3.464245007072e-02
2.257787933350e+02 -3.530684066624e-02
2.257776641846e+02 -1.120905662371e-01
2.257765350342e+02 -1.910468688154e-01
2.257754058838e+02 3.360923163786e-02
2.257742767334e+02 -8.746036182016e-02
2.257731475830e+02 -1.976487978400e-01
2.257720184326e+02 -2.719811187229e-02
2.257708892822e+02 2.749186837122e-02
2.257697601318e+02 1.580029371922e-01
2.257686309814e+02 8.228355035601e-02
2.257675018311e+02 1.124330345151e-01
2.257663726807e+02 2.136271768948e-02
2.257652435303e+02 4.081083110101e-02
2.257641143799e+02 2.574082687570e-02
2.257629852295e+02 -7.414865464492e-02
2.257618560791e+02 -9.348302140798e-02
2.257607269287e+02 4.512692856553e-02
2.257595977783e+02 -7.237597332445e-03
2.257584686279e+02 -5.967796990608e-02
2.257573394775e+02 1.200354919227e-02
2.257562103271e+02 2.415247459689e-02
2.257550811768e+02 1.170544641780e-01
2.257539520264e+02 1.561397321477e-01
2.257528228760e+02 8.423587436232e-02
2.257516937256e+02 -5.325635781519e-02
2.257505645752e+02 9.020899247439e-03
2.257494354248e+02 -9.256544934291e-02
2.257483062744e+02 6.408591098001e-03
2.257471771240e+02 1.026436892625e-01
2.257460479736e+02 1.110472998912e-01
2.257449188232e+02 -1.862185375925e-02
2.257437896729e+02 1.364751499148e-01
2.257426605225e+02 3.625250034861e-02
2.257415313721e+02 -5.175215013266e-02
2.257404022217e+02 -1.382962197187e-02
2.257392730713e+02 1.326717592313e-01
2.257381439209e+02 1.196419200504e-01
2.257370147705e+02 -1.589322280079e-01
2.257358856201e+02 7.811531437922e-03
2.257347564697e+02 1.031878634827e-01
2.257336273193e+02 7.664870054003e-02
2.257324981689e+02 9.716755374851e-03
2.257313690186e+02 9.611369017307e-02
2.257302398682e+02 -1.455195496059e-02
2.257291107178e+02 -8.663492232783e-02
2.257279815674e+02 -4.889955752890e-02
2.257268524170e+02 -2.986121128772e-02
2.257257232666e+02 -9.607419279570e-02
2.257245941162e+02 1.725939069710e-02
2.257234649658e+02 1.876996892436e-02
2.257223358154e+02 1.199511699430e-01
2.257212066650e+02 7.745663057108e-02
2.257200775146e+02 3.002337026148e-02
2.257189636230e+02 4.305285086082e-02
2.257178344727e+02 -1.735285078454e-02
2.257167053223e+02 2.199072560810e-02
2.257155761719e+02 -8.084495165487e-02
2.257144470215e+02 -9.700415499807e-02
2.257133178711e+02 1.040637256459e-01
2.257121887207e+02 -7.363084665981e-03
2.257110595703e+02 1.868760006974e-02
2.257099304199e+02 2.966458461517e-02
2.257088012695e+02 4.492528055905e-04
2.257076721191e+02 4.853076211649e-03
2.257065429688e+02 1.118868461347e-01
2.257054138184e+02 6.850722066114e-02
2.257042846680e+02 4.467220900048e-02
2.257031555176e+02 -1.613370895723e-01
2.257020263672e+02 -1.127332054278e-01
2.257008972168e+02 -8.127251057410e-02
2.256997680664e+02 1.506533503563e-02
2.256986389160e+02 2.970297382292e-02
2.256975097656e+02 -3.175196226253e-02
2.256963806152e+02 6.485084078777e-02
2.256952514648e+02 9.065885974430e-03
2.256941223145e+02 4.718569788939e-02
2.256929931641e+02 3.135191112659e-02
2.256918640137e+02 -1.697493252318e-02
2.256907348633e+02 -2.236790000346e-02
2.256896057129e+02 -5.121198134479e-02
2.256884765625e+02 -4.851788560526e-02
2.256873474121e+02 -1.662634661490e-01
2.256862182617e+02 -1.552408826177e-01
2.256850891113e+02 -1.890418028022e-01
2.256839599609e+02 -2.632583552470e-02
2.256828308105e+02 2.492270206572e-02
2.256817016602e+02 -1.692739795977e-01
2.256805725098e+02 -1.805079584028e-01
2.256794433594e+02 -1.159252832161e-01
2.256783142090e+02 -1.123834510777e-01
2.256771850586e+02 -1.602388839537e-01
2.256760559082e+02 -4.319661536350e-02
2.256749267578e+02 8.488048193688e-02
2.256737976074e+02 1.390984715726e-01
2.256726684570e+02 1.210759868909e-01
2.256715393066e+02 6.209974965368e-02
2.256704101562e+02 -5.778066528106e-02
2.256692810059e+02 8.065867997854e-02
2.256681518555e+02 1.514519114905e-01
2.256670227051e+02 8.869997827308e-02
2.256658935547e+02 7.883569710387e-02
2.256647644043e+02 9.091781285108e-02
2.256636352539e+02 1.127073913702e-02
2.256625061035e+02 -6.460503694309e-02
2.256613769531e+02 -2.795093478402e-02
2.256602478027e+02 -2.226482191934e-01
2.256591186523e+02 -2.255138046566e-01
2.256579895020e+02 -1.293043293380e-02
2.256568603516e+02 -7.532532096057e-02
2.256557312012e+02 -9.000895355498e-02
2.256546020508e+02 1.301720490295e-01
2.256534729004e+02 1.269603408081e-01
2.256523437500e+02 7.701195891910e-02
2.256512145996e+02 4.393264063649e-01
2.256500854492e+02 3.777996517336e+00
2.256489715576e+02 2.828441052312e+00
2.256478424072e+02 -6.327744975234e-02
2.256467132568e+02 1.060315754708e-01
2.256455841064e+02 1.140259682455e-01
2.256444549561e+02 -5.367986552573e-02
2.256433258057e+02 1.254643080222e-01
2.256421966553e+02 6.240799246617e-02
2.256410675049e+02 1.480986398468e-01
2.256399383545e+02 8.739045367475e-02
2.256388092041e+02 2.610584955234e-02
2.256376800537e+02 -1.069905064856e-01
2.256365509033e+02 -8.218639764144e-03
2.256354217529e+02 -8.870935479941e-02
2.256342926025e+02 1.090959791503e-02
2.256331634521e+02 5.174251039221e-02
2.256320343018e+02 -9.993944642778e-03
2.256309051514e+02 -3.032720900577e-02
2.256297760010e+02 2.608903818069e-02
2.256286468506e+02 6.456936308466e-04
2.256275177002e+02 2.713437447683e-03
2.256263885498e+02 2.197717008072e-02
2.256252593994e+02 -4.513250565320e-02
2.256241302490e+02 2.730525527947e-02
2.256230010986e+02 -1.058923771610e-01
2.256218719482e+02 -1.058919098605e-02
2.256207427979e+02 -1.081979802978e-02
2.256196136475e+02 4.467239973535e-02
2.256184844971e+02 -1.337153975102e-02
2.256173553467e+02 8.783871877172e-02
2.256162261963e+02 4.953634020533e-03
2.256150970459e+02 -7.038714170991e-02
2.256139678955e+02 4.923022313299e-02
2.256128387451e+02 1.269733679999e-02
2.256117095947e+02 -5.118960051487e-02
2.256105804443e+02 -5.090224698560e-02
2.256094512939e+02 2.738545547860e-02
2.256083221436e+02 -8.124677662513e-02
2.256071929932e+02 2.493249057937e-02
2.256060638428e+02 5.597098044168e-02
2.256049346924e+02 9.368204180317e-02
2.256038055420e+02 8.312318815224e-02
2.256026763916e+02 2.425317498009e-01
2.256015472412e+02 2.879511016286e-02
2.256004180908e+02 -1.496329569363e-01
2.255992889404e+02 6.457429048166e-02
2.255981597900e+02 5.329142251412e-02
2.255970306396e+02 1.585250929788e-01
2.255959014893e+02 7.983469007124e-02
2.255947723389e+02 -1.895395445251e-01
2.255936431885e+02 -2.598928384246e-02
2.255925140381e+02 6.454671021912e-02
2.255913848877e+02 1.118846259807e-01
2.255902557373e+02 -4.856928483866e-02
2.255891265869e+02 -1.430833808195e-01
2.255879974365e+02 5.025602579402e-02
2.255868682861e+02 2.250344802931e-01
2.255857391357e+02 7.228763160731e-02
2.255846099854e+02 -6.241239081233e-02
2.255834808350e+02 -1.074498418346e-01
2.255823516846e+02 8.771112477152e-02
2.255812225342e+02 1.390006322125e-01
2.255800933838e+02 1.915832305353e-01
2.255789642334e+02 8.460156651836e-02
2.255778503418e+02 -3.978919933480e-03
2.255767211914e+02 1.685034107134e-01
2.255755920410e+02 2.021669865311e-01
2.255744628906e+02 1.754508139975e-01
2.255733337402e+02 5.101969007589e-02
2.255722045898e+02 -6.265277778664e-02
2.255710754395e+02 -1.963619935796e-01
2.255699462891e+02 -1.130711113276e-01
2.255688171387e+02 -2.633620768706e-02
2.255676879883e+02 -2.603329286249e-01
2.255665588379e+02 -2.363055074397e-01
2.255654296875e+02 -1.023083926157e-01
2.255643005371e+02 7.675453550600e-02
2.255631713867e+02 -1.657915003368e-02
2.255620422363e+02 -9.933134169308e-02
2.255609130859e+02 -4.414564723841e-02
2.255597839355e+02 -5.696159633346e-02
2.255586547852e+02 -1.479947732647e-01
2.255575256348e+02 -1.793087243370e-01
2.255563964844e+02 1.142389351746e-01
2.255552673340e+02 1.201121806928e-01
2.255541381836e+02 -2.364526622548e-03
2.255530090332e+02 -2.667312367291e-02
2.255518798828e+02 -4.762771832665e-02
2.255507507324e+02 -8.831237449491e-02
2.255496215820e+02 8.163944632151e-02
2.255484924316e+02 9.922599500839e-02
2.255473632812e+02 -3.715081200627e-02
2.255462341309e+02 8.382284944036e-02
2.255451049805e+02 8.946178098260e-02
2.255439758301e+02 5.390519970391e-02
2.255428466797e+02 -3.025782156656e-02
2.255417175293e+02 -6.444032593673e-02
2.255405883789e+02 -1.447240669326e-01
2.255394592285e+02 -1.111665702215e-01
2.255383300781e+02 1.045486042090e-01
2.255372009277e+02 1.106834082723e-01
2.255360717773e+02 -4.706353220366e-02
2.255349426270e+02 2.648405200866e-02
2.255338134766e+02 -1.636164552201e-02
2.255326843262e+02 -4.412404842146e-02
2.255315551758e+02 1.755785605856e-01
2.255304260254e+02 1.726171956989e-01
2.255292968750e+02 3.687698157944e-02
2.255281677246e+02 1.718054738586e-01
2.255270385742e+02 -9.220311412062e-02
2.255259094238e+02 -1.599714431451e-01
2.255247802734e+02 1.252397215247e-01
2.255236511230e+02 7.305457652899e-02
2.255225219727e+02 1.268393614933e-01
2.255213928223e+02 4.779661787080e-02
2.255202636719e+02 -6.100308517288e-02
2.255191345215e+02 -7.467242786316e-02
2.255180053711e+02 -8.435202427018e-02
2.255168762207e+02 -7.873891060025e-02
2.255157470703e+02 1.414534063769e-01
2.255146179199e+02 1.149447304962e-02
2.255134887695e+02 8.455914064545e-04
2.255123596191e+02 -3.580651262601e-02
2.255112304688e+02 -2.624953585372e-02
2.255101013184e+02 -3.764631831642e-02
2.255089721680e+02 9.372563616560e-02
2.255078582764e+02 1.978617952866e-01
2.255067291260e+02 1.026160555942e-01
2.255055999756e+02 -1.777876823947e-01
2.255044708252e+02 -1.639093858370e-01
2.255033416748e+02 -8.782091176404e-02
2.255022125244e+02 5.867524234991e-02
2.255010833740e+02 -6.354751125809e-02
2.254999542236e+02 8.027728652781e-02
2.254988250732e+02 6.281818688263e-02
2.254976959229e+02 -3.775073802964e-02
2.254965667725e+02 1.266379149505e-01
2.254954376221e+02 1.823143091966e-01
2.254943084717e+02 1.725650564142e-01
2.254931793213e+02 1.555806653487e-01
2.254920501709e+02 1.598712539314e-01
2.254909210205e+02 -1.087653021021e-01
2.254897918701e+02 -1.576063154693e-01
2.254886627197e+02 4.671949131665e-03
2.254875335693e+02 7.428885240548e-02
2.254864044189e+02 -3.042291976471e-02
2.254852752686e+02 -1.047154819635e-01
2.254841461182e+02 8.831487693643e-02
2.254830169678e+02 -7.112755922555e-02
2.254818878174e+02 -5.453869506481e-02
2.254807586670e+02 1.082646840974e-01
2.254796295166e+02 1.275411284944e-01
2.254785003662e+02 -2.875669043752e-02
2.254773712158e+02 -9.642056923122e-03
2.254762420654e+02 4.740036617352e-02
2.254751129150e+02 -7.945349498478e-02
2.254739837646e+02 -9.904019635455e-02
2.254728546143e+02 -8.211470421762e-02
2.254717254639e+02 -1.207893276366e-01
2.254705963135e+02 -2.080008491129e-01
2.254694671631e+02 -1.593980483425e-01
2.254683380127e+02 -1.811967859501e-01
2.254672088623e+02 2.765530002343e-03
2.254660797119e+02 -1.193259334021e-01
2.254649505615e+02 1.989763926601e-02
2.254638214111e+02 1.318504243534e-01
2.254626922607e+02 1.591213149309e-01
2.254615631104e+02 8.842165031797e-02
2.254604339600e+02 1.256929991342e-01
2.254593048096e+02 -3.813717451039e-02
2.254581756592e+02 -1.052592804359e-02
2.254570465088e+02 1.573961256400e-01
2.254559173584e+02 1.706505379669e-03
2.254547882080e+02 -4.398283976607e-02
2.254536590576e+02 -7.788103855022e-02
2.254525299072e+02 -1.111355109549e-01
2.254514007568e+02 -1.839398738490e-01
2.254502716064e+02 -4.604111317927e-02
2.254491424561e+02 5.604278449172e-02
2.254480133057e+02 1.489243692561e-01
2.254468841553e+02 -1.883686918084e-02
2.254457550049e+02 -1.619429550796e-01
2.254446258545e+02 -1.674087603929e-01
2.254434967041e+02 -1.904533357482e-03
2.254423675537e+02 4.479064009741e-02
2.254412384033e+02 -3.988150213841e-02
2.254401092529e+02 -2.473267863446e-02
2.254389801025e+02 -8.689598496230e-02
2.254378509521e+02 -1.303157563117e-01
2.254367370605e+02 -1.575831831440e-01
2.254356079102e+02 1.449448768796e-01
2.254344787598e+02 1.034567462469e-01
2.254333496094e+02 -1.100817065073e-02
2.254322204590e+02 -2.668394024752e-02
2.254310913086e+02 -7.858663550757e-02
2.254299621582e+02 -4.786110914584e-02
2.254288330078e+02 -4.063390543342e-02
2.254277038574e+02 2.114006083286e-04
2.254265747070e+02 -1.162206228145e-02
2.254254455566e+02 1.350862643508e-01
2.254243164062e+02 1.713615956637e-01
2.254231872559e+02 5.300941337597e-02
2.254220581055e+02 4.692725595207e-02
2.254209289551e+02 -6.231302175854e-02
2.254197998047e+02 8.125796131804e-02
2.254186706543e+02 -1.852804081229e-02
2.254175415039e+02 1.755180561463e-03
2.254164123535e+02 -3.600464801140e-02
2.254152832031e+02 1.626284867283e-02
2.254141540527e+02 -2.250995742903e-02
2.254130249023e+02 -1.656912157557e-01
2.254118957520e+02 -1.800673303301e-01
2.254107666016e+02 -6.425963134807e-02
2.254096374512e+02 6.065174009394e-02
2.254085083008e+02 -2.756189477225e-02
2.254073791504e+02 -9.847355356640e-02
2.254062500000e+02 -8.506702827142e-02
2.254051208496e+02 -9.714678653561e-02
2.254039916992e+02 -9.265795194130e-03
2.254028625488e+02 -8.968829008760e-02
2.254017333984e+02 -1.400319890730e-01
2.254006042480e+02 -7.556677605017e-02
2.253994750977e+02 1.208133659526e-02
2.253983459473e+02 -3.587699679074e-02
2.253972167969e+02 1.737837683251e-02
2.253960876465e+02 4.193467339377e-03
2.253949584961e+02 -7.795887363693e-02
2.253938293457e+02 5.384622829608e-02
2.253927001953e+02 -5.838089648022e-02
2.253915710449e+02 5.579877164749e-03
2.253904418945e+02 -4.248830997097e-02
2.253893127441e+02 6.047997189730e-02
2.253881835938e+02 1.087886194403e-02
2.253870544434e+02 2.987406109607e-02
2.253859252930e+02 -1.563606794238e-01
2.253847961426e+02 -7.586382654035e-02
2.253836669922e+02 -2.056760647236e-03
2.253825378418e+02 -5.656745416386e-02
2.253814086914e+02 -5.375704543815e-03
2.253802795410e+02 7.074562408778e-02
2.253791503906e+02 8.934120602571e-03
2.253780212402e+02 9.593359067721e-02
2.253768920898e+02 1.754019858702e-01
2.253757629395e+02 4.165531737769e-02
2.253746337891e+02 -1.097274450921e-02
2.253735046387e+02 -9.046057558571e-02
2.253723754883e+02 -1.066728413704e-01
2.253712463379e+02 -3.842753783595e-01
2.253701171875e+02 -7.110129121893e-02
2.253689880371e+02 8.111390308366e-02
2.253678588867e+02 1.185532206578e-01
2.253667449951e+02 5.164008958046e-02
2.253656158447e+02 -4.308603014554e-03
2.253644866943e+02 -1.313404431738e-02
2.253633575439e+02 -1.155231912170e-01
2.253622283936e+02 3.185499151852e-02
2.253610992432e+02 -1.189153823114e-02
2.253599700928e+02 -3.600929812759e-02
2.253588409424e+02 1.202767238525e-02
2.253577117920e+02 1.533151775702e-01
2.253565826416e+02 7.186632116249e-02
2.253554534912e+02 -8.165084273014e-03
2.253543243408e+02 -1.213325252942e-01
2.253531951904e+02 -7.025316190618e-02
2.253520660400e+02 -1.536413952370e-01
2.253509368896e+02 -6.548503423830e-02
2.253498077393e+02 -1.708365254483e-01
2.253486785889e+02 -1.645905076956e-01
2.253475494385e+02 -1.996946048219e-02
2.253464202881e+02 1.378677147545e-02
2.253452911377e+02 5.295160545086e-02
2.253441619873e+02 1.188265952283e-02
2.253430328369e+02 -9.394900958929e-02
2.253419036865e+02 -8.026956558018e-02
2.253407745361e+02 1.379801148148e-02
2.253396453857e+02 -6.185777576523e-02
2.253385162354e+02 -1.504509959156e-01
2.253373870850e+02 -1.730417715247e-01
2.253362579346e+02 -2.890462058981e-02
2.253351287842e+02 -8.661630660429e-02
2.253339996338e+02 -8.953812070791e-02
2.253328704834e+02 -8.466064092302e-02
2.253317413330e+02 2.441257211290e-02
2.253306121826e+02 2.362932317433e-02
2.253294830322e+02 1.252022001607e-01
2.253283538818e+02 5.690347941786e-02
2.253272247314e+02 -1.330561891812e-01
2.253260955811e+02 2.199143895652e-02
2.253249664307e+02 2.496246647191e-02
2.253238372803e+02 7.939520640779e-02
2.253227081299e+02 -5.885160725697e-02
2.253215789795e+02 -3.240395127665e-02
2.253204498291e+02 -6.361297146628e-02
2.253193206787e+02 -2.362652700111e-02
2.253181915283e+02 -6.259855949183e-02
2.253170623779e+02 -4.518054032345e-02
2.253159332275e+02 -3.411665124814e-02
2.253148040771e+02 -8.563449312687e-03
2.253136749268e+02 2.557550742510e-02
2.253125457764e+02 -9.229710063632e-02
2.253114166260e+02 1.892856878541e-02
2.253102874756e+02 2.694617971615e-02
2.253091583252e+02 -1.308218445926e-01
2.253080291748e+02 -1.886702970473e-01
2.253069000244e+02 -3.237162934519e-02
2.253057708740e+02 2.413642082415e-01
2.253046417236e+02 -1.370086277234e-01
2.253035125732e+02 -1.361497867402e-01
2.253023834229e+02 3.869109909725e-02
2.253012542725e+02 7.145188480247e-02
2.253001251221e+02 -1.332059923499e-02
2.252989959717e+02 -1.567585981439e-01
2.252978668213e+02 1.319339204511e-01
2.252967376709e+02 1.781396874163e-01
2.252956237793e+02 -1.029130145317e-01
2.252944946289e+02 -9.694859011506e-02
2.252933654785e+02 2.207975568740e-01
2.252922363281e+02 1.016797609941e-01
2.252911071777e+02 6.398283308663e-02
2.252899780273e+02 1.321462884727e-02
2.252888488770e+02 -1.011466169716e-02
2.252877197266e+02 9.386578052040e-02
2.252865905762e+02 3.717541299010e-02
2.252854614258e+02 -3.531426025278e-02
2.252843322754e+02 -8.703847344868e-03
2.252832031250e+02 6.225255498931e-02
2.252820739746e+02 -9.287089979687e-02
2.252809448242e+02 -1.343666293069e-01
2.252798156738e+02 -1.611368332151e-01
2.252786865234e+02 -7.337318005975e-02
2.252775573730e+02 2.789945258095e-03
2.252764282227e+02 1.775154388820e-02
2.252752990723e+02 1.124893241906e-01
2.252741699219e+02 -1.000728654710e-02
2.252730407715e+02 4.000874900114e-02
2.252719116211e+02 3.927689929597e-02
2.252707824707e+02 -1.564050367257e-02
2.252696533203e+02 1.038870517483e-01
2.252685241699e+02 -1.804378476016e-03
2.252673950195e+02 4.739219509158e-02
2.252662658691e+02 1.024684878382e-01
2.252651367188e+02 6.779390275617e-02
2.252640075684e+02 -3.969750402176e-02
2.252628784180e+02 -8.872584955117e-02
2.252617492676e+02 -8.225420770325e-02
2.252606201172e+02 7.010133599412e-04
2.252594909668e+02 2.216915426648e-02
2.252583618164e+02 6.425549621603e-02
2.252572326660e+02 1.130327125831e-01
2.252561035156e+02 -1.699624561929e-01
2.252549743652e+02 -2.178259571540e-02
2.252538452148e+02 -1.345608894365e-03
2.252527160645e+02 -3.410317773676e-02
2.252515869141e+02 7.556238533341e-03
2.252504577637e+02 1.082842000895e-01
2.252493286133e+02 1.685735095937e-01
2.252481994629e+02 -6.699900468527e-03
2.252470703125e+02 9.975845047802e-02
2.252459411621e+02 2.078131965161e-01
2.252448120117e+02 1.149703347455e-01
2.252436828613e+02 6.334087672679e-02
2.252425537109e+02 -4.108293728459e-03
2.252414245605e+02 2.391944388514e-01
2.252402954102e+02 -1.860254376077e-02
2.252391662598e+02 -7.058233214887e-02
2.252380371094e+02 -2.295757021274e-02
2.252369079590e+02 -3.434562464769e-02
2.252357788086e+02 -5.005378579418e-02
2.252346496582e+02 -3.898014253749e-03
2.252335205078e+02 1.934004756281e-03
2.252323913574e+02 -6.966817805271e-02
2.252312622070e+02 -1.182802027616e-01
2.252301330566e+02 -5.876489536931e-02
2.252290039062e+02 5.612652091538e-02
2.252278747559e+02 3.724485574242e-02
2.252267456055e+02 1.785144127759e-01
2.252256317139e+02 3.220045624135e-02
2.252245025635e+02 -1.238129560151e-01
2.252233734131e+02 -1.226709347816e-01
2.252222442627e+02 -2.117973428235e-01
2.252211151123e+02 -1.311842713676e-01
2.252199859619e+02 1.169084451891e-01
2.252188568115e+02 -7.692108519652e-02
2.252177276611e+02 -5.051377345640e-02
2.252165985107e+02 -8.671622115981e-02
2.252154693604e+02 3.159813077329e-02
2.252143402100e+02 -1.957703683379e-02
2.252132110596e+02 -7.724689087606e-02
2.252120819092e+02 -6.698157056427e-02
2.252109527588e+02 -8.535826516270e-02
2.252098236084e+02 -1.111587195742e-01
2.252086944580e+02 -8.646803694393e-02
2.252075653076e+02 2.622793083789e-03
2.252064361572e+02 1.344430319747e-02
2.252053070068e+02 -4.381764047844e-02
2.252041778564e+02 2.287439645696e-02
2.252030487061e+02 1.069657872461e-01
2.252019195557e+02 1.624731827659e-01
2.252007904053e+02 7.663904172610e-02
2.251996612549e+02 1.230042401564e-01
2.251985321045e+02 -3.083296922267e-02
2.251974029541e+02 -6.559071661637e-02
2.251962738037e+02 -3.397740048622e-03
2.251951446533e+02 3.421240396875e-02
2.251940155029e+02 -2.553854348368e-03
2.251928863525e+02 -4.115147595361e-02
2.251917572021e+02 -1.027435351535e-01
2.251906280518e+02 3.393191689488e-02
2.251894989014e+02 9.562244869465e-02
2.251883697510e+02 2.856371443043e-02
2.251872406006e+02 -4.339933982991e-02
2.251861114502e+02 -4.321944251302e-02
2.251849822998e+02 -5.592166403309e-02
2.251838531494e+02 7.092930176984e-02
2.251827239990e+02 -1.973666666315e-02
2.251815948486e+02 2.119948869308e-02
2.251804656982e+02 -1.693704113345e-02
2.251793365479e+02 -4.290761388493e-02
2.251782073975e+02 4.338464180065e-02
2.251770782471e+02 -4.027736092186e-02
2.251759490967e+02 -5.142677932863e-02
2.251748199463e+02 5.409717816762e-03
2.251736907959e+02 8.161543661578e-02
2.251725616455e+02 6.834940281307e-03
2.251714324951e+02 -9.018845032864e-02
2.251703033447e+02 9.805238808009e-02
2.251691741943e+02 2.551506621434e-01
2.251680450439e+02 1.618755112287e-01
2.251669158936e+02 -1.196459159459e-02
2.251657867432e+02 -1.704006581180e-01
2.251646575928e+02 -5.768505751895e-02
2.251635284424e+02 1.299219574649e-01
2.251623992920e+02 7.210779914027e-02
2.251612701416e+02 2.186133221512e-01
2.251601409912e+02 2.650322086333e-01
2.251590118408e+02 2.111115365165e-01
2.251578826904e+02 -5.046448470437e-03
2.251567535400e+02 -3.483888791574e-02
2.251556396484e+02 6.746985946685e-02
2.251545104980e+02 1.195082835694e-01
2.251533813477e+02 -6.875477926665e-02
2.251522521973e+02 1.997947787769e-02
2.251511230469e+02 -4.606544713428e-02
2.251499938965e+02 -1.463611481566e-02
2.251488647461e+02 -1.518367744085e-02
2.251477355957e+02 -1.791201409540e-01
2.251466064453e+02 4.951562735187e-02
2.251454772949e+02 -2.789933527900e-02
2.251443481445e+02 2.044669439158e-01
2.251432189941e+02 2.032704564322e-01
2.251420898438e+02 9.102461675019e-02
2.251409606934e+02 -6.691649277950e-03
2.251398315430e+02 -1.028745852696e-01
2.251387023926e+02 -1.135988289430e-01
2.251375732422e+02 -6.252160178553e-02
2.251364440918e+02 1.030812960948e-01
2.251353149414e+02 7.180573613764e-02
2.251341857910e+02 7.541937709450e-03
2.251330566406e+02 1.460871575125e-02
2.251319274902e+02 -1.243670713368e-01
2.251307983398e+02 -1.556629407432e-01
2.251296691895e+02 3.355325858222e-02
2.251285400391e+02 3.288924564175e-02
2.251274108887e+02 1.345048396101e-02
2.251262817383e+02 -1.682280048166e-02
2.251251525879e+02 -1.170870645823e-01
2.251240234375e+02 -1.575302961786e-01
2.251228942871e+02 -4.942320867682e-02
2.251217651367e+02 2.136629396834e-02
2.251206359863e+02 5.480681488956e-02
2.251195068359e+02 4.659875709613e-02
2.251183776855e+02 -3.862661545161e-03
2.251172485352e+02 -5.735581098231e-02
2.251161193848e+02 1.083096670097e-01
2.251149902344e+02 1.158937585564e-01
2.251138610840e+02 4.790032805029e-02
2.251127319336e+02 1.702593502805e-02
2.251116027832e+02 -3.584647158177e-02
2.251104736328e+02 -2.463898966516e-02
2.251093444824e+02 -1.463434517752e-01
2.251082153320e+02 -1.343785159041e-02
2.251070861816e+02 1.162539728069e-01
2.251059570312e+02 9.677751619336e-02
2.251048278809e+02 -8.846807518589e-02
2.251036987305e+02 -5.320227303478e-02
2.251025695801e+02 -7.646842556809e-02
2.251014404297e+02 -1.673601916650e-01
2.251003112793e+02 -9.285244429063e-02
2.250991821289e+02 -1.078420003615e-01
2.250980529785e+02 -2.669450200034e-01
2.250969238281e+02 -4.491591964915e-04
2.250957946777e+02 1.035485354969e-01
2.250946655273e+02 1.433748122604e-02
2.250935363770e+02 -6.659257823622e-02
2.250924072266e+02 8.277259456869e-02
2.250912780762e+02 1.697067188761e-01
2.250901489258e+02 3.031723471636e-01
2.250890197754e+02 -3.206411513991e-02
2.250878906250e+02 -8.298948300673e-02
2.250867614746e+02 8.256139765925e-02
2.250856323242e+02 -1.514436221529e-02
2.250845184326e+02 -6.955536981982e-02
2.250833892822e+02 2.417073936826e-01
2.250822601318e+02 1.182109202265e-01
2.250811309814e+02 1.034841968098e-01
2.250800018311e+02 -3.356422345319e-03
2.250788726807e+02 -5.456669494407e-02
2.250777435303e+02 8.449020787049e-03
2.250766143799e+02 8.477398321356e-02
2.250754852295e+02 4.403327388102e-02
2.250743560791e+02 8.391829317048e-02
2.250732269287e+02 1.729986044084e-01
2.250720977783e+02 -7.328316082940e-02
2.250709686279e+02 -1.221512204015e-01
2.250698394775e+02 -1.004562616379e-02
2.250687103271e+02 -1.415695410259e-01
2.250675811768e+02 -8.031554794320e-02
2.250664520264e+02 1.388042058116e-01
2.250653228760e+02 1.619448319107e-01
2.250641937256e+02 2.562542274119e-02
2.250630645752e+02 -1.672496875094e-02
2.250619354248e+02 7.292032969644e-02
2.250608062744e+02 3.686237748711e-03
2.250596771240e+02 -7.934190745506e-02
2.250585479736e+02 3.529754567908e-03
2.250574188232e+02 -1.708769917588e-01
2.250562896729e+02 -3.908333391813e-02
2.250551605225e+02 -1.988330744770e-02
2.250540313721e+02 2.602969178810e-01
2.250529022217e+02 1.977764376165e-01
2.250517730713e+02 1.844507228723e-01
2.250506439209e+02 1.339022432985e-01
2.250495147705e+02 -3.218002090713e-02
2.250483856201e+02 -2.014113712609e-01
2.250472564697e+02 -8.284696591012e-02
2.250461273193e+02 1.118439613060e-01
2.250449981689e+02 5.031025934762e-02
2.250438690186e+02 2.052745916592e-01
2.250427398682e+02 1.334057108347e-02
2.250416107178e+02 -1.659840777080e-01
2.250404815674e+02 -1.612820358587e-01
2.250393524170e+02 6.521663975534e-02
2.250382232666e+02 8.197519310260e-02
2.250370941162e+02 -9.944479842455e-02
2.250359649658e+02 -2.331037441346e-02
2.250348358154e+02 1.681039890026e-02
2.250337066650e+02 -6.075207426618e-02
2.250325775146e+02 -1.067810109312e-01
2.250314483643e+02 -2.429083367328e-02
2.250303192139e+02 -5.896871083919e-02
2.250291900635e+02 -6.123049454648e-02
2.250280609131e+02 -2.607369546756e-02
2.250269317627e+02 4.289024079908e-03
2.250258026123e+02 -6.686058362004e-02
2.250246734619e+02 -8.502035926286e-02
2.250235443115e+02 -1.430910559908e-02
2.250224151611e+02 -1.597798327997e-02
2.250212860107e+02 1.224318142869e-01
2.250201568604e+02 9.711377414391e-02
2.250190277100e+02 -4.119877438726e-02
2.250178985596e+02 -1.577458265843e-01
2.250167694092e+02 7.875365822058e-02
2.250156402588e+02 2.793427409292e-02
2.250145263672e+02 9.080041172246e-02
2.250133972168e+02 1.208950176441e-01
2.250122680664e+02 1.241118299306e-01
2.250111389160e+02 -1.038269168578e-01
2.250100097656e+02 9.827573289355e-03
2.250088806152e+02 -1.252383177161e-01
2.250077514648e+02 -1.135504509500e-01
2.250066223145e+02 -3.810419263627e-02
2.250054931641e+02 -2.986422680605e-02
2.250043640137e+02 -1.060425160231e-01
2.250032348633e+02 6.262605964572e-02
2.250021057129e+02 -1.710020680587e-01
2.250009765625e+02 -1.869367306808e-01
2.249998474121e+02 -1.607260589646e-02
2.249987182617e+02 6.682695324735e-02
2.249975891113e+02 1.823146448899e-01
2.249964599609e+02 -4.889800494704e-02
2.249953308105e+02 -2.786000193363e-02
2.249942016602e+02 -1.943612936069e-04
2.249930725098e+02 9.205706461417e-02
2.249919433594e+02 -7.878868477253e-02
2.249908142090e+02 8.105996516911e-03
2.249896850586e+02 6.401593321637e-02
2.249885559082e+02 -3.228392563619e-02
2.249874267578e+02 -1.687735675866e-01
2.249862976074e+02 5.125956182763e-04
2.249851684570e+02 -4.344623772032e-02
2.249840393066e+02 -4.485930083676e-02
2.249829101562e+02 -6.446020909349e-04
2.249817810059e+02 9.545667148036e-03
2.249806518555e+02 7.112629274599e-02
2.249795227051e+02 1.575233686880e-01
2.249783935547e+02 2.330766407092e-01
2.249772644043e+02 1.656450426578e-01
2.249761352539e+02 1.648862154122e-02
2.249750061035e+02 -8.916769069764e-02
2.249738769531e+02 1.177876795448e-01
2.249727478027e+02 -2.738468872441e-02
2.249716186523e+02 6.084736636208e-03
2.249704895020e+02 7.865275756576e-03
2.249693603516e+02 2.162110240634e-02
2.249682312012e+02 1.150449731157e-01
2.249671020508e+02 -1.327658907055e-01
2.249659729004e+02 -1.414365301554e-01
2.249648437500e+02 2.731392227207e-02
2.249637145996e+02 -5.201996096691e-02
2.249625854492e+02 1.677064212347e-02
2.249614562988e+02 -2.926274247877e-02
2.249603271484e+02 -8.789385640862e-02
2.249591979980e+02 -2.162995250442e-01
2.249580688477e+02 -3.367884080635e-03
2.249569396973e+02 4.786854017647e-02
2.249558105469e+02 -6.080834868292e-02
2.249546813965e+02 -1.321086793705e-01
2.249535522461e+02 -6.111349777578e-02
2.249524230957e+02 5.104834608311e-02
2.249512939453e+02 -7.567571522618e-03
2.249501647949e+02 -8.574044444110e-02
2.249490356445e+02 -1.279401992531e-01
2.249479064941e+02 -7.999398134620e-03
2.249467773438e+02 1.483326181294e-01
2.249456481934e+02 -5.295667899846e-02
2.249445190430e+02 -1.085715383600e-01
2.249434051514e+02 -3.062356331367e-02
2.249422760010e+02 -2.640778190158e-03
2.249411468506e+02 -5.574902227074e-02
2.249400177002e+02 3.161557538472e-02
2.249388885498e+02 -4.846410981535e-03
2.249377593994e+02 4.168517310726e-03
2.249366302490e+02 1.057625630069e-01
2.249355010986e+02 8.684798843902e-02
2.249343719482e+02 1.517006755404e-01
2.249332427979e+02 1.969113557883e-01
2.249321136475e+02 6.130742554989e-02
2.249309844971e+02 1.018200808250e-01
2.249298553467e+02 1.571165235759e-01
2.249287261963e+02 -9.412446469101e-03
2.249275970459e+02 3.685074790510e-02
2.249264678955e+02 4.852511064222e-02
2.249253387451e+02 2.060996954582e-01
2.249242095947e+02 3.285162509552e-02
2.249230804443e+02 -7.684512503361e-03
2.249219512939e+02 1.714045186393e-01
2.249208221436e+02 2.878985541713e-02
2.249196929932e+02 2.169776447358e-02
2.249185638428e+02 1.415528479099e-01
2.249174346924e+02 1.152480523490e-01
2.249163055420e+02 6.239966116695e-02
2.249151763916e+02 -8.466794988333e-02
2.249140472412e+02 -1.411559057524e-01
2.249129180908e+02 -2.081031898160e-02
2.249117889404e+02 -3.662114126578e-02
2.249106597900e+02 2.062817480791e-01
2.249095306396e+02 6.227660284201e-02
2.249084014893e+02 -6.170723254519e-02
2.249072723389e+02 -4.885864108409e-02
2.249061431885e+02 3.971896360225e-03
2.249050140381e+02 6.933382745089e-02
2.249038848877e+02 4.477059767703e-02
2.249027557373e+02 -1.614592819609e-02
2.249016265869e+02 3.629181843519e-02
2.249004974365e+02 4.928106542056e-02
2.248993682861e+02 7.157663303838e-02
2.248982391357e+02 -6.507465671637e-02
2.248971099854e+02 1.231599179592e-01
2.248959808350e+02 1.167544840001e-01
2.248948516846e+02 -2.018084049711e-01
2.248937225342e+02 -1.481205819865e-01
2.248925933838e+02 -3.351283041868e-02
2.248914642334e+02 2.706934103792e-02
2.248903350830e+02 3.927462192160e-02
2.248892059326e+02 1.179312266097e-01
2.248880767822e+02 6.486358187724e-02
2.248869476318e+02 1.300639405039e-01
2.248858184814e+02 1.112704825800e-01
2.248846893311e+02 -2.645763904354e-02
2.248835601807e+02 -4.580912616874e-02
2.248824310303e+02 3.288039554367e-02
2.248813018799e+02 1.026539279105e-01
2.248801727295e+02 2.483907741270e-01
2.248790435791e+02 2.535760999959e-02
2.248779144287e+02 -8.366198364902e-02
2.248767852783e+02 -1.516534781962e-02
2.248756561279e+02 6.923377842728e-03
2.248745269775e+02 -5.082069256888e-02
2.248734130859e+02 -4.745972286579e-02
2.248722839355e+02 7.338790765291e-03
2.248711547852e+02 -8.184594352370e-02
2.248700256348e+02 1.174861124528e-01
2.248688964844e+02 5.793950165335e-02
2.248677673340e+02 2.978732488971e-03
2.248666381836e+02 1.484311593939e-01
2.248655090332e+02 2.029732152071e-01
2.248643798828e+02 6.314266123276e-02
2.248632507324e+02 -6.562967135302e-03
2.248621215820e+02 2.026538563663e-02
2.248609924316e+02 4.181031425700e-03
2.248598632812e+02 -7.715493377941e-02
2.248587341309e+02 -2.440829774441e-02
2.248576049805e+02 1.310274720438e-01
2.248564758301e+02 -1.847601787585e-02
2.248553466797e+02 -1.287387146109e-01
2.248542175293e+02 -9.383658282614e-02
2.248530883789e+02 -2.693032392622e-02
2.248519592285e+02 4.794698561476e-02
2.248508300781e+02 -1.341598116701e-01
2.248497009277e+02 -3.932581134664e-02
2.248485717773e+02 -7.891829293299e-02
2.248474426270e+02 -3.137984615599e-02
2.248463134766e+02 4.046718408151e-02
2.248451843262e+02 8.104550555844e-02
2.248440551758e+02 7.071935512748e-03
2.248429260254e+02 8.636690931461e-02
2.248417968750e+02 4.550298906923e-02
2.248406677246e+02 1.120829978774e-01
2.248395385742e+02 2.026065312297e-01
2.248384094238e+02 1.857787869002e-01
2.248372802734e+02 1.391490544608e-01
2.248361511230e+02 6.826264514904e-02
2.248350219727e+02 1.802297487033e-02
2.248338928223e+02 1.157044351221e-01
2.248327636719e+02 1.039492923519e-01
2.248316345215e+02 2.264741051478e-02
2.248305053711e+02 -7.731397614536e-02
2.248293762207e+02 -7.539022422293e-02
2.248282470703e+02 4.181936844139e-02
2.248271179199e+02 -4.042503548942e-02
2.248259887695e+02 -8.119272999170e-02
2.248248596191e+02 7.311468090196e-02
2.248237304688e+02 1.926972862217e-02
2.248226013184e+02 -1.134516865258e-02
2.248214721680e+02 -6.306029428549e-02
2.248203430176e+02 1.115082755600e-01
2.248192138672e+02 7.779713046518e-02
2.248180847168e+02 1.257195799460e-01
2.248169555664e+02 1.098419165331e-01
2.248158264160e+02 3.099518684741e-03
2.248146972656e+02 -4.371023385713e-02
2.248135681152e+02 9.574819638129e-02
2.248124389648e+02 4.535178590654e-02
2.248113098145e+02 -2.016834354828e-03
2.248101806641e+02 -4.049500085529e-02
2.248090515137e+02 -2.924379296921e-02
2.248079223633e+02 2.199037656329e-02
2.248067932129e+02 -3.275689519067e-03
2.248056640625e+02 2.302856363957e-02
2.248045349121e+02 1.014375200768e-01
2.248034057617e+02 1.438656303074e-02
2.248022918701e+02 8.686050827604e-02
2.248011627197e+02 -2.822879353135e-02
2.248000335693e+02 -1.854753010154e-02
2.247989044189e+02 -4.690490563973e-02
2.247977752686e+02 6.424959106439e-02
2.247966461182e+02 -1.386790532178e-02
2.247955169678e+02 -1.296441559380e-01
2.247943878174e+02 -1.307984223503e-01
2.247932586670e+02 -6.163129717782e-02
2.247921295166e+02 5.808450974739e-02
2.247910003662e+02 8.797524679335e-02
2.247898712158e+02 9.680533296715e-02
2.247887420654e+02 1.572472265545e-02
2.247876129150e+02 2.257110321440e-02
2.247864837646e+02 -4.020475578536e-02
2.247853546143e+02 2.516073727906e-01
2.247842254639e+02 2.148688761725e-01
2.247830963135e+02 2.709555754613e-02
2.247819671631e+02 5.223641834413e-02
2.247808380127e+02 1.502513804276e-01
2.247797088623e+02 1.525108562429e-01
2.247785797119e+02 9.118250707752e-02
2.247774505615e+02 -1.726785818102e-01
2.247763214111e+02 -8.667567092596e-02
2.247751922607e+02 -2.376842420938e-02
2.247740631104e+02 -1.351277530003e-01
2.247729339600e+02 2.741490494289e-02
2.247718048096e+02 1.163896768539e-01
2.247706756592e+02 -1.354781711077e-01
2.247695465088e+02 2.806878461643e-03
2.247684173584e+02 -8.114320758945e-02
2.247672882080e+02 -5.913545507929e-02
2.247661590576e+02 1.802024621724e-01
2.247650299072e+02 1.682361224927e-01
2.247639007568e+02 -6.907125324256e-03
2.247627716064e+02 8.936420865131e-02
2.247616424561e+02 -1.807376642242e-01
2.247605133057e+02 -6.252442656899e-03
2.247593841553e+02 6.138481813169e-02
2.247582550049e+02 3.598030642699e-02
2.247571258545e+02 1.086962637077e-01
2.247559967041e+02 6.655849009984e-02
2.247548675537e+02 7.196902616920e-03
2.247537384033e+02 8.836158409197e-02
2.247526092529e+02 6.751135574568e-02
2.247514801025e+02 -1.852610866803e-02
2.247503509521e+02 -1.603852767829e-01
2.247492218018e+02 5.035774851613e-02
2.247480926514e+02 -9.150999503863e-03
2.247469635010e+02 -1.102470984371e-01
2.247458343506e+02 4.269955647148e-02
2.247447052002e+02 7.305221141657e-02
2.247435760498e+02 1.031649371510e-01
2.247424468994e+02 -1.170821283638e-01
2.247413177490e+02 -1.420748053322e-01
2.247401885986e+02 -8.179449088454e-02
2.247390594482e+02 2.841603604818e-02
2.247379302979e+02 2.873209326839e-02
2.247368011475e+02 6.841045704571e-03
2.247356719971e+02 -1.029048281909e-01
2.247345428467e+02 4.978561637836e-03
2.247334136963e+02 9.415936321218e-04
2.247322998047e+02 -4.754993187734e-03
2.247311706543e+02 -1.187175120475e-01
2.247300415039e+02 -8.839983787797e-02
2.247289123535e+02 -6.498878024745e-02
2.247277832031e+02 1.115672584120e-01
2.247266540527e+02 1.671005023216e-01
2.247255249023e+02 1.243761274285e-01
2.247243957520e+02 2.330186573080e-02
2.247232666016e+02 -1.496874002982e-01
2.247221374512e+02 5.452614852491e-02
2.247210083008e+02 6.640484934547e-02
2.247198791504e+02 1.524577861720e-01
2.247187500000e+02 -1.887716192262e-02
2.247176208496e+02 3.156891972759e-02
2.247164916992e+02 1.315542970200e-01
2.247153625488e+02 -2.773469865925e-02
2.247142333984e+02 -2.406029624778e-01
2.247131042480e+02 -6.679601605106e-02
2.247119750977e+02 -1.784205254423e-01
2.247108459473e+02 -5.732251248830e-02
2.247097167969e+02 6.588395908483e-03
2.247085876465e+02 1.023022585822e-01
2.247074584961e+02 -6.137351518315e-02
2.247063293457e+02 1.151734979021e-02
2.247052001953e+02 1.282204803333e-01
2.247040710449e+02 6.337412181504e-02
2.247029418945e+02 1.614745560095e-01
2.247018127441e+02 4.280416310487e-02
2.247006835938e+02 -1.511050176866e-03
2.246995544434e+02 1.121857353090e-01
2.246984252930e+02 8.198602684335e-02
2.246972961426e+02 -9.565124203098e-02
2.246961669922e+02 8.459767552696e-02
2.246950378418e+02 8.275277340076e-02
2.246939086914e+02 -1.493735741992e-03
2.246927795410e+02 3.514226317429e-02
2.246916503906e+02 -3.860344879401e-02
2.246905212402e+02 3.552977921443e-02
2.246893920898e+02 2.661080105337e-02
2.246882629395e+02 -4.949868246581e-02
2.246871337891e+02 8.881817285877e-04
2.246860046387e+02 -3.113106112525e-02
2.246848754883e+02 -6.129033189063e-02
2.246837463379e+02 4.378569238733e-02
2.246826171875e+02 4.064489080840e-03
2.246814880371e+02 -4.732995830274e-02
2.246803588867e+02 4.503348373688e-02
2.246792297363e+02 -8.951251645865e-02
2.246781005859e+02 -2.578192871481e-01
2.246769714355e+02 -4.890705722408e-02
2.246758422852e+02 3.121273646788e-01
2.246747131348e+02 9.559523464307e-02
2.246735839844e+02 1.102289786243e-01
2.246724548340e+02 1.205804576926e-01
2.246713256836e+02 2.569954803463e-02
2.246701965332e+02 -6.815530719228e-02
2.246690673828e+02 2.296366686220e-01
2.246679382324e+02 2.004082980931e+00
2.246668090820e+02 2.903050430856e+00
2.246656799316e+02 7.270738260381e-01
2.246645507812e+02 -5.712585339082e-02
2.246634216309e+02 -2.383032149016e-02
2.246623077393e+02 9.296495497712e-02
2.246611785889e+02 7.792736423602e-02
2.246600494385e+02 -4.190993317348e-02
2.246589202881e+02 -1.208652401158e-01
2.246577911377e+02 -2.623360415130e-01
2.246566619873e+02 -1.748486716349e-01
2.246555328369e+02 1.234800321101e-01
2.246544036865e+02 2.374140127414e-01
2.246532745361e+02 6.115951351741e-03
2.246521453857e+02 -7.300229991518e-02
2.246510162354e+02 4.321877875566e-02
2.246498870850e+02 8.391062562861e-02
2.246487579346e+02 -7.570476128621e-02
2.246476287842e+02 -6.442411347258e-02
2.246464996338e+02 8.862485925096e-02
2.246453704834e+02 1.613611069074e-01
2.246442413330e+02 1.756034171542e-02
2.246431121826e+02 2.369925039323e-02
2.246419830322e+02 9.179801613996e-02
2.246408538818e+02 -6.389048307614e-02
2.246397247314e+02 1.537194706497e-02
2.246385955811e+02 -3.433663340580e-02
2.246374664307e+02 -1.169250238642e-01
2.246363372803e+02 -8.736281237705e-02
2.246352081299e+02 5.327488198599e-02
2.246340789795e+02 -7.314555706309e-02
2.246329498291e+02 2.603121881149e-02
2.246318206787e+02 1.123813835117e-01
2.246306915283e+02 -8.173211295189e-02
2.246295623779e+02 -1.754677970306e-01
2.246284332275e+02 -1.240516244682e-02
2.246273040771e+02 -8.533041405664e-03
2.246261749268e+02 5.845415392999e-03
2.246250457764e+02 1.043186237293e-01
2.246239166260e+02 -2.135398584702e-02
2.246227874756e+02 9.651371460613e-03
2.246216583252e+02 3.110213045982e-02
2.246205291748e+02 -2.696348890582e-02
2.246194000244e+02 -9.639207153394e-02
2.246182708740e+02 -3.618595676635e-02
2.246171417236e+02 6.706314405447e-02
2.246160125732e+02 3.693182882250e-03
2.246148834229e+02 -1.181871775496e-01
2.246137542725e+02 -2.364671743175e-01
2.246126251221e+02 -8.296815121861e-02
2.246114959717e+02 -4.338497749403e-02
2.246103668213e+02 5.671518213719e-02
2.246092376709e+02 6.408256835138e-02
2.246081085205e+02 -2.532071424588e-02
2.246069793701e+02 -6.889658682954e-02
2.246058502197e+02 -1.489407266788e-01
2.246047210693e+02 -1.879917043332e-02
2.246035919189e+02 -5.293611396453e-02
2.246024627686e+02 8.550937295796e-02
2.246013336182e+02 1.338496004737e-01
2.246002044678e+02 -1.332952753436e-02
2.245990753174e+02 5.741054807598e-02
2.245979461670e+02 6.117686752977e-02
2.245968170166e+02 5.656759912236e-02
2.245956878662e+02 2.885283607197e-02
2.245945587158e+02 -6.402199095592e-02
2.245934295654e+02 -2.931418748854e-02
2.245923004150e+02 8.535814309238e-02
2.245911865234e+02 -3.332053581192e-03
2.245900573730e+02 2.060437491054e-02
2.245889282227e+02 1.120069022927e-01
2.245877990723e+02 6.749087844979e-02
2.245866699219e+02 -5.833331575896e-02
2.245855407715e+02 8.149835592175e-02
2.245844116211e+02 -2.896935219079e-02
2.245832824707e+02 -9.886169903162e-02
2.245821533203e+02 1.095916418630e-01
2.245810241699e+02 3.129993968857e-02
2.245798950195e+02 8.202802666224e-02
2.245787658691e+02 1.283889068550e-01
2.245776367188e+02 1.606543045057e-01
2.245765075684e+02 -9.013289879707e-03
2.245753784180e+02 -1.064824421914e-01
2.245742492676e+02 -8.851306572758e-02
2.245731201172e+02 -1.146816765897e-01
2.245719909668e+02 -3.240690461542e-01
2.245708618164e+02 -3.776176631995e-02
2.245697326660e+02 1.869643796079e-01
2.245686035156e+02 1.736750265597e-01
2.245674743652e+02 9.996909044164e-02
2.245663452148e+02 8.936473507956e-02
2.245652160645e+02 1.504479002886e-02
2.245640869141e+02 -2.197351941527e-01
2.245629577637e+02 -2.065317480910e-01
2.245618286133e+02 -8.310206998718e-02
2.245606994629e+02 7.588329675612e-02
2.245595703125e+02 7.344350782188e-02
2.245584411621e+02 6.506771396702e-02
2.245573120117e+02 8.218396386447e-02
2.245561828613e+02 7.832131567075e-02
2.245550537109e+02 1.143607003171e-02
2.245539245605e+02 -1.067078602930e-01
2.245527954102e+02 -3.046496726732e-02
2.245516662598e+02 -6.962919947420e-02
2.245505371094e+02 -6.681646282937e-02
2.245494079590e+02 -6.073781492713e-02
2.245482788086e+02 -9.840472879507e-02
2.245471496582e+02 4.339305702322e-02
2.245460205078e+02 -1.920384002346e-01
2.245448913574e+02 -8.392187135668e-02
2.245437622070e+02 8.482762548906e-02
2.245426330566e+02 8.902617877380e-03
2.245415039062e+02 4.729595408970e-03
2.245403747559e+02 5.343727747100e-02
2.245392456055e+02 2.677616437300e-02
2.245381164551e+02 -1.397260808554e-01
2.245369873047e+02 4.608944921062e-02
2.245358581543e+02 2.485498927869e-02
2.245347290039e+02 1.310122933626e-02
2.245335998535e+02 9.323853744861e-02
2.245324707031e+02 1.331264406493e-01
2.245313415527e+02 -8.239635095951e-02
2.245302124023e+02 -2.019190693441e-02
2.245290832520e+02 9.326097549899e-02
2.245279541016e+02 8.487215826705e-02
2.245268249512e+02 2.234682570741e-02
2.245256958008e+02 -1.012631121095e-01
2.245245666504e+02 -1.688818439590e-02
2.245234375000e+02 -5.682609065075e-02
2.245223083496e+02 -1.736497198568e-02
2.245211944580e+02 -3.620903187120e-02
2.245200653076e+02 1.053822147832e-01
2.245189361572e+02 3.385146111103e-02
2.245178070068e+02 -3.299415745093e-02
2.245166778564e+02 1.486273721717e-01
2.245155487061e+02 6.287285912644e-02
2.245144195557e+02 -1.037222530039e-02
2.245132904053e+02 -7.347098127289e-02
2.245121612549e+02 -9.107978490467e-02
2.245110321045e+02 -1.475157998533e-01
2.245099029541e+02 2.227517043057e-02
2.245087738037e+02 6.477564547170e-02
2.245076446533e+02 1.072898534236e-01
2.245065155029e+02 1.382416600085e-01
2.245053863525e+02 1.034859820882e-01
2.245042572021e+02 -1.771364677641e-01
2.245031280518e+02 1.314320893726e-01
2.245019989014e+02 -1.522647624812e-01
2.245008697510e+02 -1.357395541768e-01
2.244997406006e+02 1.484712900110e-01
2.244986114502e+02 1.807315149319e-01
2.244974822998e+02 1.161070688082e-01
2.244963531494e+02 -9.785457122194e-03
2.244952239990e+02 1.654503862764e-01
2.244940948486e+02 -7.293277323951e-02
2.244929656982e+02 1.042396785656e-02
2.244918365479e+02 9.215537699677e-02
2.244907073975e+02 3.576767900600e-02
2.244895782471e+02 -1.254407942272e-01
2.244884490967e+02 6.663344890466e-02
2.244873199463e+02 5.203189334052e-02
2.244861907959e+02 1.031870776550e-01
2.244850616455e+02 -1.057906296433e-02
2.244839324951e+02 1.344042117061e-01
2.244828033447e+02 7.952003093764e-02
2.244816741943e+02 8.771368085723e-04
2.244805450439e+02 -7.942675967772e-03
2.244794158936e+02 -3.958777043501e-02
2.244782867432e+02 4.189859589266e-02
2.244771575928e+02 9.718732151068e-02
2.244760284424e+02 -4.193057736238e-03
2.244748992920e+02 -2.669839604350e-01
2.244737701416e+02 -1.161315667953e-01
2.244726409912e+02 4.815689697117e-02
2.244715118408e+02 8.464055272627e-02
2.244703826904e+02 2.016251421374e-03
2.244692535400e+02 -1.920991912531e-01
2.244681243896e+02 -1.227203427430e-01
2.244669952393e+02 9.240018902012e-02
2.244658660889e+02 5.498137163003e-02
2.244647369385e+02 3.725708184774e-02
2.244636077881e+02 6.245033560783e-02
2.244624786377e+02 1.028499652123e-01
2.244613494873e+02 -4.411696834300e-02
2.244602203369e+02 -2.601063661142e-01
2.244590911865e+02 4.761195599680e-02
2.244579620361e+02 5.309768928958e-02
2.244568328857e+02 -1.284283203090e-01
2.244557037354e+02 -1.778508080080e-01
2.244545745850e+02 -1.465313942890e-01
2.244534454346e+02 3.003568029014e-02
2.244523162842e+02 -9.101680424982e-02
2.244511871338e+02 -5.827434053644e-02
2.244500732422e+02 1.666914446850e-02
2.244489440918e+02 7.072231628638e-02
2.244478149414e+02 -3.652163679023e-03
2.244466857910e+02 1.180583399581e-01
2.244455566406e+02 -3.931226023000e-04
2.244444274902e+02 6.886317770930e-02
2.244432983398e+02 2.929957338262e-02
2.244421691895e+02 6.829938259280e-03
2.244410400391e+02 -7.614480189549e-02
2.244399108887e+02 1.296209682996e-02
2.244387817383e+02 -4.087294295851e-03
2.244376525879e+02 3.944664951766e-02
2.244365234375e+02 3.023246908733e-02
2.244353942871e+02 -8.716496690867e-02
2.244342651367e+02 -2.633100405827e-01
2.244331359863e+02 -1.908500151684e-01
2.244320068359e+02 3.743803965053e-02
2.244308776855e+02 5.929819388707e-02
2.244297485352e+02 5.811194457459e-04
2.244286193848e+02 1.356533114969e-02
2.244274902344e+02 -7.076420166434e-03
2.244263610840e+02 -1.259902785062e-01
2.244252319336e+02 -2.670160038935e-01
2.244241027832e+02 -9.728310856357e-02
2.244229736328e+02 4.184839828896e-02
2.244218444824e+02 -1.437934028259e-01
2.244207153320e+02 -1.489455179388e-01
2.244195861816e+02 -1.097702841445e-01
2.244184570312e+02 2.937174173627e-02
2.244173278809e+02 1.314571900818e-01
2.244161987305e+02 -7.651549702724e-03
2.244150695801e+02 -1.059749501019e-01
2.244139404297e+02 -7.140757327693e-02
2.244128112793e+02 1.402147283395e-01
2.244116821289e+02 1.716184010958e-01
2.244105529785e+02 -2.682346852869e-02
2.244094238281e+02 2.363607137412e-02
2.244082946777e+02 -4.956518408640e-02
2.244071655273e+02 -1.987927950867e-01
2.244060363770e+02 -6.918313927235e-02
2.244049072266e+02 -1.110809989284e-01
2.244037780762e+02 -9.256856976542e-02
2.244026489258e+02 -1.714194569945e-01
2.244015197754e+02 2.853469030491e-02
2.244003906250e+02 -4.218000993801e-02
2.243992614746e+02 -9.572269131416e-02
2.243981323242e+02 -7.374471633228e-02
2.243970031738e+02 -1.483182901258e-01
2.243958740234e+02 6.223266134212e-02
2.243947448730e+02 1.312460236899e-01
2.243936157227e+02 1.587670973848e-02
2.243924865723e+02 -7.692596800926e-03
2.243913574219e+02 1.286694397052e-01
2.243902282715e+02 5.046117640801e-02
2.243890991211e+02 -2.551563384132e-02
2.243879699707e+02 -1.560371778215e-01
2.243868408203e+02 -1.283225616370e-01
2.243857116699e+02 -3.894698518728e-02
2.243845825195e+02 -1.956846330128e-02
2.243834533691e+02 2.234845076853e-02
2.243823242188e+02 -1.602858352499e-01
2.243811950684e+02 -8.688303024977e-02
2.243800811768e+02 -9.679270631860e-02
2.243789520264e+02 1.240723954958e-02
2.243778228760e+02 -2.604947023142e-02
2.243766937256e+02 -1.325468698515e-02
2.243755645752e+02 -1.395751866832e-01
2.243744354248e+02 -9.085377933974e-02
2.243733062744e+02 -1.836046992725e-01
2.243721771240e+02 8.980731627734e-02
2.243710479736e+02 3.777514064920e-02
2.243699188232e+02 -6.038206005794e-02
2.243687896729e+02 1.044407245652e-01
2.243676605225e+02 1.001509828453e-01
2.243665313721e+02 6.163170153575e-02
2.243654022217e+02 -1.424361334743e-01
2.243642730713e+02 -1.454939796889e-01
2.243631439209e+02 -2.254189407605e-02
2.243620147705e+02 4.204770097177e-02
2.243608856201e+02 -7.080368378292e-02
2.243597564697e+02 -1.550891186945e-01
2.243586273193e+02 6.375720517674e-02
2.243574981689e+02 -3.334005895661e-02
2.243563690186e+02 -8.245145807883e-02
2.243552398682e+02 -1.706227383593e-03
2.243541107178e+02 -3.527099395433e-02
2.243529815674e+02 1.883262532993e-02
2.243518524170e+02 1.005752840129e-01
2.243507232666e+02 4.979819343584e-02
2.243495941162e+02 3.740257202418e-03
2.243484649658e+02 8.135296254326e-02
2.243473358154e+02 2.521399808481e-02
2.243462066650e+02 1.320454469457e-01
2.243450775146e+02 2.324678302555e-01
2.243439483643e+02 1.290485901139e-01
2.243428192139e+02 9.235722789747e-02
2.243416900635e+02 -2.207458791677e-02
2.243405609131e+02 5.006404733031e-02
2.243394317627e+02 4.798240889525e-03
2.243383026123e+02 6.652652293523e-02
2.243371734619e+02 2.416852302905e-02
2.243360443115e+02 3.120599322720e-02
2.243349151611e+02 1.535916363235e-01
2.243337860107e+02 -6.289161980848e-02
2.243326568604e+02 -2.773034227476e-02
2.243315277100e+02 2.113532967819e-01
2.243303985596e+02 1.282861236470e-01
2.243292694092e+02 -4.730047832087e-02
2.243281402588e+02 2.005260562774e-01
2.243270111084e+02 2.571475341865e-01
2.243258819580e+02 -1.268843615717e-02
2.243247528076e+02 -2.409484062198e-01
2.243236236572e+02 -8.505245612718e-03
2.243224945068e+02 1.989614657490e-01
2.243213653564e+02 -7.709685119608e-02
2.243202362061e+02 -7.684896452659e-02
2.243191070557e+02 1.345931784662e-02
2.243179779053e+02 -5.499553941635e-02
2.243168487549e+02 -4.754439389032e-02
2.243157196045e+02 -3.617780094321e-02
2.243145904541e+02 -5.068820049716e-02
2.243134613037e+02 -1.322981706515e-02
2.243123321533e+02 -1.011893740079e-01
2.243112030029e+02 6.775396287390e-02
2.243100738525e+02 9.423703450532e-02
2.243089599609e+02 1.244904157641e-01
2.243078308105e+02 -5.714424404721e-03
2.243067016602e+02 -4.251972018974e-02
2.243055725098e+02 -8.651520186316e-02
2.243044433594e+02 -1.415807714952e-01
2.243033142090e+02 -1.363081119430e-01
2.243021850586e+02 -1.913414855287e-01
2.243010559082e+02 2.352396695290e-02
2.242999267578e+02 1.844813167458e-01
2.242987976074e+02 4.167681319780e-02
2.242976684570e+02 -1.973841379458e-02
2.242965393066e+02 -3.536197067374e-02
2.242954101562e+02 1.042444965285e-01
2.242942810059e+02 1.511308360358e-01
2.242931518555e+02 8.024665450731e-02
2.242920227051e+02 1.018382311554e-01
2.242908935547e+02 -7.152342563839e-02
2.242897644043e+02 -1.937936188238e-01
2.242886352539e+02 -9.960213180604e-02
2.242875061035e+02 -7.872742836093e-02
2.242863769531e+02 7.030941343473e-02
2.242852478027e+02 9.925085920635e-02
2.242841186523e+02 -5.201938876229e-02
2.242829895020e+02 -5.504305147305e-02
2.242818603516e+02 2.273812211272e-02
2.242807312012e+02 9.411560505619e-02
2.242796020508e+02 6.235483847195e-02
2.242784729004e+02 5.213323840759e-02
2.242773437500e+02 5.928643317484e-02
2.242762145996e+02 -4.084270289818e-02
2.242750854492e+02 3.529148031014e-03
2.242739562988e+02 2.312984099576e-03
2.242728271484e+02 -3.875313370713e-02
2.242716979980e+02 -1.611854782370e-01
2.242705688477e+02 -1.048325016223e-01
2.242694396973e+02 -2.559452178452e-01
2.242683105469e+02 -7.720704254653e-02
2.242671813965e+02 1.880187886851e-02
2.242660522461e+02 1.757712829153e-02
2.242649230957e+02 -1.632519608791e-02
2.242637939453e+02 -7.643967800813e-02
2.242626647949e+02 -2.731302963287e-02
2.242615356445e+02 2.926523156886e-02
2.242604064941e+02 -7.074591400478e-02
2.242592773438e+02 3.421469278722e-02
2.242581481934e+02 -7.601449183071e-02
2.242570190430e+02 -4.174348266508e-02
2.242558898926e+02 7.316875805297e-02
2.242547607422e+02 8.527466225345e-03
2.242536315918e+02 1.569365156328e-01
2.242525024414e+02 -5.057174541350e-02
2.242513732910e+02 -1.203045482557e-01
2.242502441406e+02 -8.852501335999e-02
2.242491149902e+02 -1.122269111532e-01
2.242479858398e+02 1.627176934281e-02
2.242468566895e+02 4.210173616110e-02
2.242457275391e+02 4.976736781945e-03
2.242445983887e+02 4.253920947900e-02
2.242434692383e+02 1.292543854117e-01
2.242423400879e+02 -3.700004371908e-02
2.242412109375e+02 -9.085930302164e-02
2.242400817871e+02 -3.329414525814e-01
2.242389678955e+02 -1.390917577051e-01
2.242378387451e+02 1.075569737976e-01
2.242367095947e+02 -1.189748896842e-01
