#title: Spectral profile - SDC18.816-0.447_1_SPW_1.image.pbcor.fits-raster
#region (world): Ellipse[[18:26:59.072, -12d44m46.978], [18:26:59.015, -12d44m46.369]]
#region (pixel): Ellipse[[171, 163], [178, 168]]
#coordinate: world
#xLabel: frequency [GHz]
#yLabel: [Kelvin] Mean

# SDC18.816-0.447_1_SPW_1.image.pbcor.fits-raster
2.408725280762e+02 -1.647164690053e-01
2.408736572266e+02 -7.699483855696e-02
2.408747863770e+02 5.655246240289e-02
2.408759155273e+02 3.638692265724e-02
2.408770446777e+02 -9.080615665681e-02
2.408781738281e+02 -1.481155008095e-01
2.408793029785e+02 4.479744170296e-02
2.408804321289e+02 -1.859269497490e-01
2.408815612793e+02 -1.262470686795e-01
2.408826904297e+02 -7.676150877293e-02
2.408838195801e+02 -7.759659182041e-02
2.408849487305e+02 -2.395048178944e-01
2.408860778809e+02 -1.123355766247e-01
2.408872070312e+02 -1.808395013873e-01
2.408883361816e+02 -1.967694490433e-01
2.408894653320e+02 -3.269040072263e-02
2.408905944824e+02 8.207628258494e-02
2.408917236328e+02 1.597394179876e-01
2.408928527832e+02 1.852779934194e-01
2.408939819336e+02 2.160577800376e-01
2.408951110840e+02 2.487691234492e-02
2.408962402344e+02 -1.650289690201e-01
2.408973693848e+02 -4.382824533735e-02
2.408984985352e+02 9.822858895516e-02
2.408996276855e+02 1.579312361390e-01
2.409007568359e+02 7.551057792738e-02
2.409018859863e+02 -6.845489827096e-02
2.409030151367e+02 7.775393283130e-02
2.409041442871e+02 6.460929414544e-02
2.409052581787e+02 -9.114721349674e-02
2.409063873291e+02 4.931456990823e-02
2.409075164795e+02 1.227240582583e-01
2.409086456299e+02 -6.391120451267e-02
2.409097747803e+02 2.015831280134e-02
2.409109039307e+02 -1.492620920505e-01
2.409120330811e+02 -1.714157376645e-02
2.409131622314e+02 -3.112099795339e-02
2.409142913818e+02 -8.741386065828e-02
2.409154205322e+02 1.618234329792e-01
2.409165496826e+02 1.377920597674e-01
2.409176788330e+02 3.556342103121e-02
2.409188079834e+02 -4.394886607061e-02
2.409199371338e+02 7.652269345397e-02
2.409210662842e+02 6.480851290490e-02
2.409221954346e+02 3.615894870842e-02
2.409233245850e+02 1.111012702306e-01
2.409244537354e+02 -9.182760674805e-03
2.409255828857e+02 -1.049051639793e-01
2.409267120361e+02 -1.436606594610e-03
2.409278411865e+02 2.205202131109e-01
2.409289703369e+02 1.119054237112e-01
2.409300994873e+02 1.473144601221e-01
2.409312286377e+02 6.725474104843e-02
2.409323577881e+02 2.055147650105e-02
2.409334869385e+02 4.594279316727e-02
2.409346160889e+02 -1.280260242236e-02
2.409357452393e+02 -4.583024242645e-03
2.409368743896e+02 5.882364933938e-02
2.409380035400e+02 -1.851703731750e-01
2.409391326904e+02 -9.344145646460e-02
2.409402618408e+02 -1.705432667674e-01
2.409413909912e+02 -1.254792158598e-01
2.409425201416e+02 -1.734179197664e-02
2.409436492920e+02 1.351887423830e-01
2.409447784424e+02 2.531699949351e-01
2.409459075928e+02 1.202165889619e-01
2.409470367432e+02 4.591085652025e-02
2.409481658936e+02 -3.092694810897e-02
2.409492950439e+02 2.901484817989e-02
2.409504241943e+02 -1.007114992293e-01
2.409515533447e+02 -9.183987100034e-02
2.409526824951e+02 -4.080502131680e-02
2.409538116455e+02 7.241242752693e-03
2.409549407959e+02 1.464129555626e-01
2.409560699463e+02 2.644080630958e-01
2.409571990967e+02 7.419929856822e-02
2.409583282471e+02 -1.150915677377e-02
2.409594573975e+02 1.177210901862e-01
2.409605865479e+02 7.184309728443e-02
2.409617156982e+02 -7.760474764355e-02
2.409628448486e+02 -3.713835015265e-01
2.409639739990e+02 1.588670607684e+00
2.409651031494e+02 2.263344345784e+00
2.409662322998e+02 2.279883836316e-01
2.409673614502e+02 2.797235240283e-02
2.409684906006e+02 -3.297844471214e-02
2.409696197510e+02 -7.841942205968e-02
2.409707489014e+02 -9.197691782082e-02
2.409718780518e+02 2.009919376472e-01
2.409730072021e+02 1.222278653026e-01
2.409741363525e+02 3.678806098196e-02
2.409752655029e+02 2.050611822252e-01
2.409763793945e+02 2.153445918323e-02
2.409775085449e+02 -5.814242829873e-02
2.409786376953e+02 -5.816682328890e-02
2.409797668457e+02 -5.588535192809e-02
2.409808959961e+02 -1.090257314968e-01
2.409820251465e+02 -1.509172740139e-01
2.409831542969e+02 -4.255260669643e-02
2.409842834473e+02 1.615033417164e-02
2.409854125977e+02 -1.304082245778e-01
2.409865417480e+02 -1.502496867019e-01
2.409876708984e+02 -1.006329202766e-02
2.409888000488e+02 -3.352815024362e-02
2.409899291992e+02 -6.760595261297e-02
2.409910583496e+02 1.801784124124e-03
2.409921875000e+02 -1.645370561549e-01
2.409933166504e+02 -2.606062135500e-01
2.409944458008e+02 6.555496527190e-02
2.409955749512e+02 -3.690905555558e-02
2.409967041016e+02 -2.534610296474e-02
2.409978332520e+02 -4.203856858608e-02
2.409989624023e+02 6.745389877274e-02
2.410000915527e+02 -3.253817951255e-03
2.410012207031e+02 2.743666779182e-02
2.410023498535e+02 1.171933496826e-01
2.410034790039e+02 -5.002700280340e-02
2.410046081543e+02 -1.053349964582e-01
2.410057373047e+02 3.405410928350e-02
2.410068664551e+02 -4.349172417268e-02
2.410079956055e+02 -6.146307283511e-03
2.410091247559e+02 -3.116466670241e-03
2.410102539062e+02 1.397716588605e-02
2.410113830566e+02 -2.361737935663e-02
2.410125122070e+02 -2.962510058925e-02
2.410136413574e+02 -1.501464304714e-01
2.410147705078e+02 7.732556710355e-03
2.410158996582e+02 1.155667092855e-01
2.410170288086e+02 3.010475912033e-01
2.410181579590e+02 1.657800524298e-01
2.410192871094e+02 2.030246220699e-01
2.410204162598e+02 1.999033908426e-01
2.410215454102e+02 1.873088467873e-01
2.410226745605e+02 -5.927349753580e-02
2.410238037109e+02 -2.159028270273e-01
2.410249328613e+02 6.787204301867e-02
2.410260620117e+02 -1.385593327531e-01
2.410271911621e+02 -6.620385293699e-02
2.410283203125e+02 1.260132277260e-01
2.410294494629e+02 7.099116090364e-02
2.410305786133e+02 2.608672742771e-03
2.410317077637e+02 -7.545742393316e-02
2.410328369141e+02 -5.518014788459e-02
2.410339660645e+02 -1.432306739173e-01
2.410350952148e+02 3.824431839442e-03
2.410362243652e+02 -5.541482425682e-02
2.410373535156e+02 5.049714900493e-02
2.410384826660e+02 -4.951306387518e-02
2.410396118164e+02 4.253658115246e-02
2.410407409668e+02 -4.430689831418e-02
2.410418701172e+02 -3.538559128033e-02
2.410429992676e+02 -1.115657325330e-01
2.410441284180e+02 -1.387913121342e-01
2.410452575684e+02 1.697721333079e-01
2.410463714600e+02 -7.566943718786e-02
2.410475006104e+02 1.333280245212e-01
2.410486297607e+02 4.175417526203e-02
2.410497589111e+02 1.776522148589e-01
2.410508880615e+02 1.179223688823e-01
2.410520172119e+02 7.136756473011e-02
2.410531463623e+02 -5.801641262959e-03
2.410542755127e+02 9.611643675523e-02
2.410554046631e+02 8.248606501407e-02
2.410565338135e+02 -1.503103446828e-03
2.410576629639e+02 -1.380380162000e-01
2.410587921143e+02 -2.396287192675e-01
2.410599212646e+02 -2.050089361290e-01
2.410610504150e+02 -6.386829298109e-02
2.410621795654e+02 1.256149733126e-01
2.410633087158e+02 1.464698555898e-01
2.410644378662e+02 9.042902803782e-02
2.410655670166e+02 3.246980439868e-02
2.410666961670e+02 7.288295329086e-02
2.410678253174e+02 8.133700947853e-02
2.410689544678e+02 -2.094366554555e-02
2.410700836182e+02 1.254402601695e-01
2.410712127686e+02 -5.636910229439e-03
2.410723419189e+02 -4.645477897040e-02
2.410734710693e+02 -1.127582145842e-01
2.410746002197e+02 -1.536591106920e-01
2.410757293701e+02 -5.015344095028e-02
2.410768585205e+02 -2.645597106708e-03
2.410779876709e+02 -4.797410429891e-02
2.410791168213e+02 -6.277697670611e-02
2.410802459717e+02 4.658372718819e-02
2.410813751221e+02 -1.453387520204e-02
2.410825042725e+02 -1.708422741973e-02
2.410836334229e+02 3.196261557759e-02
2.410847625732e+02 3.035350371527e-02
2.410858917236e+02 1.840241939213e-01
2.410870208740e+02 2.783896161223e-05
2.410881500244e+02 -2.629560366597e-01
2.410892791748e+02 -3.174045522768e-02
2.410904083252e+02 -1.202360877879e-02
2.410915374756e+02 9.219721659837e-02
2.410926666260e+02 1.048897449722e-01
2.410937957764e+02 6.767966782643e-02
2.410949249268e+02 5.468171570149e-02
2.410960540771e+02 1.172896707931e-01
2.410971832275e+02 -1.861900112850e-01
2.410983123779e+02 -6.650533610561e-02
2.410994415283e+02 9.086105015307e-02
2.411005706787e+02 -4.402518672243e-02
2.411016998291e+02 6.317181410432e-03
2.411028289795e+02 2.053909857077e-01
2.411039581299e+02 -2.683171781191e-02
2.411050872803e+02 3.373367851266e-02
2.411062164307e+02 -1.815551691459e-01
2.411073455811e+02 -3.527103973070e-02
2.411084747314e+02 1.156531121827e-01
2.411096038818e+02 -5.306532158175e-02
2.411107330322e+02 -2.851456586853e-02
2.411118621826e+02 1.265782149355e-01
2.411129913330e+02 1.141619393213e-01
2.411141204834e+02 -1.146282727328e-02
2.411152496338e+02 -1.320130067586e-01
2.411163787842e+02 -5.236253605642e-02
2.411174926758e+02 5.825939073714e-02
2.411186218262e+02 -1.427536536310e-01
2.411197509766e+02 -8.706802781715e-02
2.411208801270e+02 -9.767825781330e-02
2.411220092773e+02 -5.203994998153e-02
2.411231384277e+02 2.493819355205e-02
2.411242675781e+02 -1.014788961927e-02
2.411253967285e+02 -6.942464013831e-02
2.411265258789e+02 -3.307500614862e-02
2.411276550293e+02 -1.393436192894e-01
2.411287841797e+02 8.629952649891e-02
2.411299133301e+02 1.073728383519e-01
2.411310424805e+02 6.273877251118e-02
2.411321716309e+02 1.142309395687e-01
2.411333007812e+02 -1.204075984925e-01
2.411344299316e+02 -7.909233468930e-02
2.411355590820e+02 1.022869006103e-01
2.411366882324e+02 3.954496190026e-02
2.411378173828e+02 -5.563478352630e-02
2.411389465332e+02 1.438900520004e-01
2.411400756836e+02 7.398615616308e-02
2.411412048340e+02 -1.921800323214e-02
2.411423339844e+02 2.048320295349e-02
2.411434631348e+02 -1.303311829482e-01
2.411445922852e+02 -6.155689531882e-02
2.411457214355e+02 7.812590397934e-02
2.411468505859e+02 -4.129236035972e-02
2.411479797363e+02 -3.051925613404e-02
2.411491088867e+02 -1.806874017707e-01
2.411502380371e+02 -1.208632908054e-02
2.411513671875e+02 1.321261354260e-01
2.411524963379e+02 6.722409567649e-03
2.411536254883e+02 -1.539061657574e-01
2.411547546387e+02 -1.250743925374e-01
2.411558837891e+02 1.737018667709e-01
2.411570129395e+02 7.635072689307e-02
2.411581420898e+02 2.663007481222e-02
2.411592712402e+02 6.880273001356e-02
2.411604003906e+02 1.395835179824e-01
2.411615295410e+02 3.768644130417e-02
2.411626586914e+02 2.572475708124e-01
2.411637878418e+02 -1.871023076235e-02
2.411649169922e+02 -1.121389213419e-01
2.411660461426e+02 -1.147018868567e-01
2.411671752930e+02 -1.539288403190e-01
2.411683044434e+02 1.391793889349e-02
2.411694335938e+02 1.595984572876e-01
2.411705627441e+02 3.003183507512e-02
2.411716918945e+02 1.093346151785e-01
2.411728210449e+02 1.412038336111e-01
2.411739501953e+02 -7.153063541657e-02
2.411750793457e+02 -4.438855191303e-02
2.411762084961e+02 -7.925430674289e-02
2.411773376465e+02 -9.656906586608e-02
2.411784667969e+02 -1.067046406883e-01
2.411795959473e+02 -4.184318359755e-02
2.411807250977e+02 -4.117383389535e-02
2.411818542480e+02 -8.178245932879e-03
2.411829833984e+02 -7.670302755372e-03
2.411841125488e+02 1.368241756577e-02
2.411852416992e+02 2.691608747534e-02
2.411863708496e+02 -9.030872773914e-03
2.411874847412e+02 6.367901150848e-02
2.411886138916e+02 9.160247474883e-02
2.411897430420e+02 1.687880329193e-01
2.411908721924e+02 1.280889800829e-01
2.411920013428e+02 8.801169241275e-02
2.411931304932e+02 1.298635163000e-01
2.411942596436e+02 8.303516019396e-02
2.411953887939e+02 -1.685156940392e-01
2.411965179443e+02 -3.852459899779e-02
2.411976470947e+02 -5.997397135447e-02
2.411987762451e+02 8.314168180546e-02
2.411999053955e+02 8.316827024667e-02
2.412010345459e+02 1.408059148910e-01
2.412021636963e+02 2.127953134520e-01
2.412032928467e+02 2.024582768282e-01
2.412044219971e+02 9.067437411881e-02
2.412055511475e+02 2.475360749516e-03
2.412066802979e+02 -9.215643748266e-02
2.412078094482e+02 -3.378652351639e-02
2.412089385986e+02 -2.299956049489e-02
2.412100677490e+02 -1.090809377983e-01
2.412111968994e+02 -3.307026066499e-02
2.412123260498e+02 4.613989095495e-02
2.412134552002e+02 -4.001018332738e-02
2.412145843506e+02 4.069408610035e-03
2.412157135010e+02 -4.075816157336e-02
2.412168426514e+02 -7.236468849573e-02
2.412179718018e+02 2.188336237897e-03
2.412191009521e+02 -9.041276216791e-02
2.412202301025e+02 9.884122936512e-02
2.412213592529e+02 9.759596334528e-03
2.412224884033e+02 8.525226235005e-02
2.412236175537e+02 1.350375888114e-01
2.412247467041e+02 -4.919989628829e-02
2.412258758545e+02 3.248416673457e-02
2.412270050049e+02 -4.301449789269e-02
2.412281341553e+02 5.785715377956e-02
2.412292633057e+02 1.142492539312e-02
2.412303924561e+02 -2.912765069074e-02
2.412315216064e+02 -9.359582964088e-02
2.412326507568e+02 -8.988225219398e-02
2.412337799072e+02 6.563462378398e-02
2.412349090576e+02 -2.356415288315e-02
2.412360382080e+02 -1.720624433227e-02
2.412371673584e+02 -2.216220388773e-02
2.412382965088e+02 -8.262786494756e-02
2.412394256592e+02 -8.489641211342e-02
2.412405548096e+02 -9.923245901322e-03
2.412416839600e+02 -1.962820832975e-01
2.412428131104e+02 -1.213888149698e-01
2.412439422607e+02 -1.538931156775e-02
2.412450714111e+02 2.215211973503e-02
2.412462005615e+02 -3.552448441437e-02
2.412473297119e+02 -7.569150139789e-02
2.412484588623e+02 -4.548299623992e-02
2.412495880127e+02 -6.209675893088e-02
2.412507171631e+02 1.866811155535e-04
2.412518463135e+02 8.061275865068e-03
2.412529754639e+02 -7.881645576995e-02
2.412541046143e+02 -2.121629815738e-02
2.412552337646e+02 1.511133384954e-04
2.412563629150e+02 -4.614801626052e-02
2.412574920654e+02 -1.268935683440e-01
2.412586059570e+02 6.069370558055e-02
2.412597351074e+02 1.030833255139e-01
2.412608642578e+02 -6.006453608655e-02
2.412619934082e+02 6.253778373210e-02
2.412631225586e+02 2.282984079078e-02
2.412642517090e+02 1.854468014108e-01
2.412653808594e+02 7.356189314244e-02
2.412665100098e+02 7.213721045758e-02
2.412676391602e+02 1.281863006442e-01
2.412687683105e+02 -2.873917906890e-02
2.412698974609e+02 -4.778345716461e-02
2.412710266113e+02 -1.195564803643e-02
2.412721557617e+02 1.413946695729e-02
2.412732849121e+02 1.427436591237e-01
2.412744140625e+02 1.241934110502e-01
2.412755432129e+02 9.420305318046e-02
2.412766723633e+02 8.350886169351e-02
2.412778015137e+02 -1.994745120380e-01
2.412789306641e+02 -3.720969567606e-02
2.412800598145e+02 5.072493984827e-02
2.412811889648e+02 4.216535768512e-02
2.412823181152e+02 9.407252186322e-02
2.412834472656e+02 8.297620213757e-03
2.412845764160e+02 -1.007591600592e-01
2.412857055664e+02 -8.886776392558e-02
2.412868347168e+02 7.194943579046e-02
2.412879638672e+02 7.802737797368e-02
2.412890930176e+02 1.803920526355e-01
2.412902221680e+02 1.884109586561e-01
2.412913513184e+02 5.113739256561e-03
2.412924804688e+02 -7.166602665835e-02
2.412936096191e+02 8.482669470288e-02
2.412947387695e+02 1.065298054749e-01
2.412958679199e+02 1.535876251692e-02
2.412969970703e+02 -7.255192147582e-02
2.412981262207e+02 -4.696551069174e-03
2.412992553711e+02 1.065215657284e-01
2.413003845215e+02 -1.842361919173e-02
2.413015136719e+02 1.323836275037e-01
2.413026428223e+02 6.136237626661e-02
2.413037719727e+02 -1.628604966271e-01
2.413049011230e+02 -7.566325737799e-02
2.413060302734e+02 -1.020379916019e-01
2.413071594238e+02 -1.076668065665e-01
2.413082885742e+02 -4.793437803970e-02
2.413094177246e+02 1.008677797543e-01
2.413105468750e+02 -6.297327722203e-02
2.413116760254e+02 -1.325477663054e-01
2.413128051758e+02 1.147422082088e-01
2.413139343262e+02 4.990299843350e-02
2.413150634766e+02 -9.797349441484e-03
2.413161926270e+02 3.910070986500e-02
2.413173217773e+02 -9.145192580675e-03
2.413184509277e+02 8.951863523335e-02
2.413195800781e+02 1.832596675178e-01
2.413207092285e+02 4.140883833156e-02
2.413218383789e+02 -2.030142918692e-01
2.413229675293e+02 1.693795093879e-02
2.413240966797e+02 5.157112366532e-02
2.413252258301e+02 2.735555397266e-02
2.413263549805e+02 1.373748844546e-02
2.413274841309e+02 5.282762015444e-02
2.413285980225e+02 -1.031143390041e-01
2.413297271729e+02 -1.578828962930e-01
2.413308563232e+02 -8.568644358405e-02
2.413319854736e+02 -4.057468988496e-02
2.413331146240e+02 -7.651536160548e-02
2.413342437744e+02 -4.160598571031e-02
2.413353729248e+02 2.103947853838e-01
2.413365020752e+02 9.271023236981e-02
2.413376312256e+02 9.874567119407e-02
2.413387603760e+02 -5.618230705084e-02
2.413398895264e+02 -2.177475994538e-01
2.413410186768e+02 -1.819557428954e-01
2.413421478271e+02 -2.449450418467e-02
2.413432769775e+02 5.101235822740e-02
2.413444061279e+02 2.774002779158e-02
2.413455352783e+02 -1.457027313773e-02
2.413466644287e+02 1.164859292999e-01
2.413477935791e+02 1.623826523661e-01
2.413489227295e+02 6.013706874381e-02
2.413500518799e+02 2.491414188465e-02
2.413511810303e+02 -2.147944895723e-01
2.413523101807e+02 -3.909996981369e-02
2.413534393311e+02 6.152278429425e-02
2.413545684814e+02 -3.362681357839e-02
2.413556976318e+02 -5.986953256777e-02
2.413568267822e+02 1.317444062819e-01
2.413579559326e+02 1.335669924281e-01
2.413590850830e+02 3.988394354478e-02
2.413602142334e+02 1.109258734223e-04
2.413613433838e+02 1.091265920973e-01
2.413624725342e+02 1.408484869146e-01
2.413636016846e+02 8.553236795417e-02
2.413647308350e+02 1.566732404738e-01
2.413658599854e+02 -7.193554743073e-03
2.413669891357e+02 4.041681481642e-02
2.413681182861e+02 1.240632306852e-01
2.413692474365e+02 -1.224983426104e-01
2.413703765869e+02 -1.050610325170e-01
2.413715057373e+02 4.441032143769e-03
2.413726348877e+02 -2.870277159646e-02
2.413737640381e+02 8.854908410088e-02
2.413748931885e+02 -2.500480007682e-02
2.413760223389e+02 -1.890507139355e-01
2.413771514893e+02 -3.808310498878e-02
2.413782806396e+02 -1.637123796021e-01
2.413794097900e+02 -6.092063048757e-02
2.413805389404e+02 -1.133104225572e-01
2.413816680908e+02 -1.064140675544e-01
2.413827972412e+02 -7.168950993583e-02
2.413839263916e+02 -7.404170387995e-03
2.413850555420e+02 -6.190310200030e-02
2.413861846924e+02 1.008761339417e-01
2.413873138428e+02 3.120604186459e-03
2.413884429932e+02 1.313527741833e-01
2.413895721436e+02 1.996261996673e-01
2.413907012939e+02 -7.311069072843e-02
2.413918304443e+02 -2.092454933371e-01
2.413929595947e+02 8.931798977704e-02
2.413940887451e+02 1.204291114787e-02
2.413952178955e+02 -1.074067204946e-01
2.413963470459e+02 -2.258329880214e-01
2.413974761963e+02 -8.983420226494e-02
2.413985900879e+02 -1.445378334033e-01
2.413997192383e+02 1.962838266142e-02
2.414008483887e+02 1.643737871042e-01
2.414019775391e+02 9.481030723762e-02
2.414031066895e+02 -1.970226190688e-02
2.414042358398e+02 -4.088685420643e-02
2.414053649902e+02 3.330482259630e-02
2.414064941406e+02 4.290199102089e-02
2.414076232910e+02 -1.329271951870e-02
2.414087524414e+02 -2.479003261057e-02
2.414098815918e+02 -2.511867261031e-02
2.414110107422e+02 3.626883440624e-03
2.414121398926e+02 -1.440253669483e-01
2.414132690430e+02 -3.077609093932e-01
2.414143981934e+02 -2.520579801118e-01
2.414155273438e+02 -1.808790063940e-01
2.414166564941e+02 -1.664207690130e-01
2.414177856445e+02 -1.921363311475e-01
2.414189147949e+02 -7.867390815576e-02
2.414200439453e+02 5.841304293560e-02
2.414211730957e+02 -8.783562886679e-02
2.414223022461e+02 1.145242440260e-01
2.414234313965e+02 1.065921261871e-02
2.414245605469e+02 -5.689217837667e-03
2.414256896973e+02 -4.837212220112e-02
2.414268188477e+02 6.908774131860e-02
2.414279479980e+02 5.809797562938e-02
2.414290771484e+02 -6.463205263040e-02
2.414302062988e+02 -2.117726808045e-02
2.414313354492e+02 6.383992307618e-02
2.414324645996e+02 -4.610017995453e-02
2.414335937500e+02 -8.660674697249e-02
2.414347229004e+02 -4.967677924551e-02
2.414358520508e+02 -2.446857950082e-02
2.414369812012e+02 -3.857928268569e-02
2.414381103516e+02 3.080754617153e-02
2.414392395020e+02 3.600696734745e-03
2.414403686523e+02 -2.134217125219e-03
2.414414978027e+02 -7.530740261141e-04
2.414426269531e+02 5.918934149542e-02
2.414437561035e+02 1.156107537822e-01
2.414448852539e+02 -1.254759504788e-01
2.414460144043e+02 -6.780816972462e-02
2.414471435547e+02 4.377392786040e-02
2.414482727051e+02 -9.716247066416e-03
2.414494018555e+02 8.856705895524e-02
2.414505310059e+02 3.087576745773e-01
2.414516601562e+02 1.010379915544e-01
2.414527893066e+02 2.633469325217e-02
2.414539184570e+02 8.680210525813e-02
2.414550476074e+02 3.030967551190e-01
2.414561767578e+02 1.676685412890e-01
2.414573059082e+02 -1.571203878644e-02
2.414584350586e+02 -1.746576315868e-01
2.414595642090e+02 1.329272428707e-02
2.414606933594e+02 1.037222949656e-01
2.414618225098e+02 -8.157088094960e-02
2.414629516602e+02 1.703439793433e-02
2.414640808105e+02 6.215672216005e-02
2.414652099609e+02 -1.666113665562e-01
2.414663391113e+02 2.798746432677e-02
2.414674682617e+02 -1.156135537702e-01
2.414685974121e+02 -7.452511950655e-02
2.414697113037e+02 -6.056819440516e-02
2.414708404541e+02 -7.748199830910e-02
2.414719696045e+02 -2.320770831666e-01
2.414730987549e+02 3.226884995188e-02
2.414742279053e+02 5.672582895776e-02
2.414753570557e+02 9.900575726600e-02
2.414764862061e+02 8.155772024341e-02
2.414776153564e+02 -2.867673056434e-02
2.414787445068e+02 9.220111521916e-02
2.414798736572e+02 1.300782685075e-01
2.414810028076e+02 4.282721150684e-02
2.414821319580e+02 -8.617567853160e-02
2.414832611084e+02 2.206297407040e-02
2.414843902588e+02 -9.774504553620e-02
2.414855194092e+02 -1.943296143327e-01
2.414866485596e+02 -4.835006180578e-02
2.414877777100e+02 -5.967663857668e-02
2.414889068604e+02 -5.570170857831e-02
2.414900360107e+02 -6.761963211801e-02
2.414911651611e+02 6.180449588600e-02
2.414922943115e+02 6.999416683773e-02
2.414934234619e+02 5.579482152829e-02
2.414945526123e+02 -3.188982733561e-02
2.414956817627e+02 4.394162958956e-02
2.414968109131e+02 -1.285212615976e-01
2.414979400635e+02 -1.867663662928e-01
2.414990692139e+02 -5.432900114616e-02
2.415001983643e+02 1.187151087881e-01
2.415013275146e+02 9.047304201697e-02
2.415024566650e+02 -6.723546156754e-02
2.415035858154e+02 1.893469518951e-02
2.415047149658e+02 8.156730276340e-02
2.415058441162e+02 1.444710151628e-01
2.415069732666e+02 -3.216721496780e-02
2.415081024170e+02 4.430361767438e-02
2.415092315674e+02 1.849359523875e-01
2.415103607178e+02 -7.934756179035e-03
2.415114898682e+02 -1.639513169914e-01
2.415126190186e+02 -2.482263911847e-01
2.415137481689e+02 3.574082735067e-02
2.415148773193e+02 1.244846860885e-01
2.415160064697e+02 1.431871711077e-01
2.415171356201e+02 1.240130216374e-01
2.415182647705e+02 3.208951339551e-02
2.415193939209e+02 5.678584368534e-03
2.415205230713e+02 4.467459700108e-02
2.415216522217e+02 -9.539934229978e-02
2.415227813721e+02 -1.461601631922e-01
2.415239105225e+02 -4.675824578169e-02
2.415250396729e+02 6.536466527507e-02
2.415261688232e+02 1.191366099678e-01
2.415272979736e+02 3.703535255865e-02
2.415284271240e+02 -2.999858235747e-02
2.415295562744e+02 8.077408220570e-02
2.415306854248e+02 1.099756903432e-01
2.415318145752e+02 -9.398792713264e-03
2.415329437256e+02 1.184206370334e-01
2.415340728760e+02 6.974855372792e-02
2.415352020264e+02 6.411564177824e-02
2.415363311768e+02 -4.291571248761e-02
2.415374603271e+02 -1.195691928435e-02
2.415385894775e+02 6.536134648829e-02
2.415397033691e+02 -1.263625548300e-01
2.415408325195e+02 4.908243412450e-03
2.415419616699e+02 1.870479062232e-01
2.415430908203e+02 5.492022202996e-02
2.415442199707e+02 1.184643229485e-02
2.415453491211e+02 7.993761060836e-02
2.415464782715e+02 -3.051582290633e-02
2.415476074219e+02 -1.133532768684e-01
2.415487365723e+02 4.429535599338e-03
2.415498657227e+02 1.418314886702e-01
2.415509948730e+02 4.396747416476e-02
2.415521240234e+02 5.236715565503e-02
2.415532531738e+02 4.491092132261e-02
2.415543823242e+02 -2.709124312331e-02
2.415555114746e+02 1.413312883749e-02
2.415566406250e+02 -3.590123156362e-02
2.415577697754e+02 1.094971136603e-02
2.415588989258e+02 6.579294898681e-02
2.415600280762e+02 4.857837144797e-02
2.415611572266e+02 -2.172020633866e-02
2.415622863770e+02 2.270994532686e-03
2.415634155273e+02 4.389545649166e-02
2.415645446777e+02 -2.486725925303e-03
2.415656738281e+02 -6.757699905934e-02
2.415668029785e+02 -2.145512444359e-03
2.415679321289e+02 -3.558898713350e-02
2.415690612793e+02 1.089371694809e-01
2.415701904297e+02 1.746862265589e-01
2.415713195801e+02 5.258521139049e-02
2.415724487305e+02 -8.223642358375e-02
2.415735778809e+02 -3.997997855300e-02
2.415747070312e+02 -9.642408447492e-02
2.415758361816e+02 -1.629724198501e-01
2.415769653320e+02 -8.607817486486e-02
2.415780944824e+02 -8.302022374611e-03
2.415792236328e+02 1.563317029820e-01
2.415803527832e+02 9.278438245878e-02
2.415814819336e+02 -1.465045845953e-01
2.415826110840e+02 1.331808868723e-03
2.415837402344e+02 6.933954949707e-02
2.415848693848e+02 -5.126185088451e-02
2.415859985352e+02 1.237475339539e-01
2.415871276855e+02 9.051136446752e-02
2.415882568359e+02 8.004553602852e-02
2.415893859863e+02 2.049129736000e-01
2.415905151367e+02 -1.385828007718e-01
2.415916442871e+02 -2.660251896375e-01
2.415927734375e+02 -9.968490120389e-03
2.415939025879e+02 4.145658308480e-02
2.415950317383e+02 1.360786502622e-01
2.415961608887e+02 9.332282700340e-02
2.415972900391e+02 -2.947306582250e-02
2.415984191895e+02 -3.002249288107e-02
2.415995483398e+02 1.062231266884e-01
2.416006774902e+02 3.525852370838e-02
2.416018066406e+02 -1.086552862277e-01
2.416029357910e+02 2.953638407807e-02
2.416040649414e+02 4.385486811083e-03
2.416051940918e+02 7.045875121038e-02
2.416063232422e+02 2.706977782078e-02
2.416074523926e+02 2.998977803577e-02
2.416085815430e+02 1.747880484631e-01
2.416097106934e+02 1.172157266978e-01
2.416108245850e+02 3.782125652664e-02
2.416119537354e+02 -3.075103524355e-02
2.416130828857e+02 -2.644188052838e-02
2.416142120361e+02 -6.143692308411e-02
2.416153411865e+02 -1.545149914699e-01
2.416164703369e+02 3.758895098887e-03
2.416175994873e+02 1.751623618354e-02
2.416187286377e+02 9.099618390278e-03
2.416198577881e+02 -8.017205428404e-02
2.416209869385e+02 -1.033351413217e-01
2.416221160889e+02 8.095890429700e-03
2.416232452393e+02 4.092101100736e-02
2.416243743896e+02 2.055070211746e-02
2.416255035400e+02 1.603379134994e-01
2.416266326904e+02 -1.188019904298e-02
2.416277618408e+02 -4.389648264527e-02
2.416288909912e+02 4.945182272237e-02
2.416300201416e+02 7.863350288040e-02
2.416311492920e+02 3.230098400950e-03
2.416322784424e+02 -1.810008630893e-01
2.416334075928e+02 1.605891876203e-02
2.416345367432e+02 1.657280809918e-01
2.416356658936e+02 2.694230207620e-02
2.416367950439e+02 -9.393213336779e-02
2.416379241943e+02 -1.442294074853e-01
2.416390533447e+02 -4.700083383642e-02
2.416401824951e+02 1.480755990742e-01
2.416413116455e+02 8.965430876275e-02
2.416424407959e+02 6.564979102103e-02
2.416435699463e+02 2.260499298652e-02
2.416446990967e+02 1.529293438116e-01
2.416458282471e+02 1.595565261332e-01
2.416469573975e+02 1.732805563261e-01
2.416480865479e+02 1.373725651186e-01
2.416492156982e+02 1.079998296536e-01
2.416503448486e+02 1.843634120771e-01
2.416514739990e+02 4.029468346297e-02
2.416526031494e+02 7.909627145707e-02
2.416537322998e+02 1.182575663469e-01
2.416548614502e+02 1.829845706115e-02
2.416559906006e+02 1.901190733612e-01
2.416571197510e+02 1.554532849715e-01
2.416582489014e+02 -2.895870537022e-02
2.416593780518e+02 -7.501098989096e-02
2.416605072021e+02 -8.993449066082e-02
2.416616363525e+02 -1.393712224401e-01
2.416627655029e+02 -2.169265239753e-01
2.416638946533e+02 -9.646397095142e-02
2.416650238037e+02 4.757906567541e-02
2.416661529541e+02 -4.140101057240e-02
2.416672821045e+02 1.228729306408e-02
2.416684112549e+02 1.082063878910e-01
2.416695404053e+02 6.356229321070e-02
2.416706695557e+02 -4.186868103529e-02
2.416717987061e+02 5.146304565725e-02
2.416729278564e+02 1.036411792391e-01
2.416740570068e+02 -1.601078262082e-01
2.416751861572e+02 5.816433992086e-02
2.416763153076e+02 3.701078590709e-02
2.416774444580e+02 -1.487765859697e-02
2.416785736084e+02 4.994864128845e-02
2.416797027588e+02 6.983840511158e-02
2.416808166504e+02 3.321977773142e-02
2.416819458008e+02 9.511988519422e-02
2.416830749512e+02 -3.735758005198e-02
2.416842041016e+02 7.987644574949e-02
2.416853332520e+02 -1.816682825546e-01
2.416864624023e+02 -1.361314761925e-01
2.416875915527e+02 -1.587489394249e-01
2.416887207031e+02 4.929330106262e-03
2.416898498535e+02 6.194370182522e-02
2.416909790039e+02 -1.247243101233e-01
2.416921081543e+02 -1.130800987548e-01
2.416932373047e+02 -8.770631062335e-02
2.416943664551e+02 -6.710606703014e-02
2.416954956055e+02 -9.324485458758e-02
2.416966247559e+02 8.964009520006e-02
2.416977539062e+02 1.899928984285e-01
2.416988830566e+02 1.547559735370e-01
2.417000122070e+02 7.610110835094e-02
2.417011413574e+02 -4.816810836696e-02
2.417022705078e+02 -1.904635863170e-01
2.417033996582e+02 -3.934425540879e-02
2.417045288086e+02 -4.222126684457e-03
2.417056579590e+02 7.896377175595e-02
2.417067871094e+02 9.114307836471e-02
2.417079162598e+02 1.424790869676e-01
2.417090454102e+02 -1.695545849272e-02
2.417101745605e+02 -4.980678413449e-02
2.417113037109e+02 1.157890451115e-01
2.417124328613e+02 1.825327998075e-01
2.417135620117e+02 1.356596438947e-01
2.417146911621e+02 1.810268335495e-01
2.417158203125e+02 1.021200732098e+00
2.417169494629e+02 5.202949465877e-01
2.417180786133e+02 -3.123862033446e-02
2.417192077637e+02 -3.171418722106e-02
2.417203369141e+02 9.230817088831e-02
2.417214660645e+02 -2.550664641414e-02
2.417225952148e+02 -3.744621454715e-02
2.417237243652e+02 7.385428970174e-02
2.417248535156e+02 7.253292428253e-02
2.417259826660e+02 9.771548926038e-02
2.417271118164e+02 1.507209544245e-01
2.417282409668e+02 8.372243134477e-02
2.417293701172e+02 1.803399553125e-02
2.417304992676e+02 -1.537118755871e-01
2.417316284180e+02 -3.241411363065e-02
2.417327575684e+02 5.401110714913e-02
2.417338867188e+02 -4.959605643283e-02
2.417350158691e+02 2.010720920699e-02
2.417361450195e+02 2.516337132764e-02
2.417372741699e+02 -1.215602169554e-01
2.417384033203e+02 2.958713481291e-02
2.417395324707e+02 5.366083628899e-01
2.417406616211e+02 8.618514813654e-01
2.417417907715e+02 9.285906660539e-02
2.417429199219e+02 -9.674788362360e-02
2.417440490723e+02 -1.347937380918e-01
2.417451782227e+02 -1.187508143562e-01
2.417463073730e+02 -1.537938305470e-01
2.417474365234e+02 -2.799019908337e-01
2.417485656738e+02 -3.848568908383e-02
2.417496948242e+02 -5.854866687393e-02
2.417508239746e+02 6.490571902524e-02
2.417519378662e+02 1.243884260131e-01
2.417530670166e+02 -7.953078838444e-02
2.417541961670e+02 1.171704634053e-02
2.417553253174e+02 6.732744155237e-02
2.417564544678e+02 -1.590320662694e-01
2.417575836182e+02 -8.296863949988e-02
2.417587127686e+02 -2.248237716649e-02
2.417598419189e+02 -3.979636190609e-02
2.417609710693e+02 -1.109159903756e-01
2.417621002197e+02 -4.086717036760e-02
2.417632293701e+02 -9.961433883787e-02
2.417643585205e+02 3.864791290745e-02
2.417654876709e+02 8.928002590805e-02
2.417666168213e+02 2.932948061060e-02
2.417677459717e+02 2.945742508613e-03
2.417688751221e+02 -7.980472943749e-02
2.417700042725e+02 1.933831878961e-02
2.417711334229e+02 1.962924134982e-01
2.417722625732e+02 1.353483493242e-01
2.417733917236e+02 2.345476490799e-01
2.417745208740e+02 1.068897145496e-01
2.417756500244e+02 1.187583903453e-01
2.417767791748e+02 7.265065347513e-02
2.417779083252e+02 -5.706192287631e-03
2.417790374756e+02 -8.842398491280e-02
2.417801666260e+02 -1.103832144714e-01
2.417812957764e+02 1.573805311568e-01
2.417824249268e+02 2.809062709717e-02
2.417835540771e+02 -1.220129261749e-02
2.417846832275e+02 -2.599556092711e-01
2.417858123779e+02 -1.737440573247e-01
2.417869415283e+02 -1.672647174173e-01
2.417880706787e+02 -1.901144499479e-01
2.417891998291e+02 1.164195688231e-01
2.417903289795e+02 3.784150494069e-02
2.417914581299e+02 3.264523470486e-02
2.417925872803e+02 1.463334114915e-01
2.417937164307e+02 9.574804379339e-02
2.417948455811e+02 8.164581686625e-02
2.417959747314e+02 -3.109996180432e-02
2.417971038818e+02 -1.147368752617e-01
2.417982330322e+02 -1.531724926269e-01
2.417993621826e+02 -3.591644839173e-02
2.418004913330e+02 6.091216185924e-02
2.418016204834e+02 -9.912798398689e-03
2.418027496338e+02 -9.683083040488e-02
2.418038787842e+02 1.021769228829e-01
2.418050079346e+02 1.167407663481e-01
2.418061370850e+02 1.083335927921e-01
2.418072662354e+02 -5.741920743918e-02
2.418083953857e+02 -1.420435400719e-01
2.418095245361e+02 2.499001812422e-02
2.418106536865e+02 -1.743339621378e-01
2.418117828369e+02 -2.268116867984e-02
2.418129119873e+02 -7.630689601940e-02
2.418140411377e+02 1.515985274795e-02
2.418151702881e+02 3.231549988695e-02
2.418162994385e+02 9.788489997399e-02
2.418174285889e+02 5.242018757894e-02
2.418185577393e+02 -5.553049351280e-03
2.418196868896e+02 -3.900875276834e-02
2.418208160400e+02 -8.153730398268e-02
2.418219299316e+02 1.575444105591e-01
2.418230590820e+02 1.996441897804e-01
2.418241882324e+02 1.752944838815e-02
2.418253173828e+02 5.705943187888e-02
2.418264465332e+02 -1.068299306113e-01
2.418275756836e+02 1.062129490756e-01
2.418287048340e+02 5.858476154117e-02
2.418298339844e+02 1.092470602427e-01
2.418309631348e+02 1.444133827138e-01
2.418320922852e+02 1.102666144293e-01
2.418332214355e+02 -1.373181522742e-01
2.418343505859e+02 -1.727500806844e-02
2.418354797363e+02 3.405008859239e-02
2.418366088867e+02 7.696349700274e-02
2.418377380371e+02 6.582701423501e-02
2.418388671875e+02 1.724850393205e-01
2.418399963379e+02 2.044593297797e-01
2.418411254883e+02 -2.231780806687e-01
2.418422546387e+02 -1.385512894635e-02
2.418433837891e+02 4.173980911144e-03
2.418445129395e+02 -1.335181032656e-01
2.418456420898e+02 -7.809156407292e-02
2.418467712402e+02 -6.771810471790e-02
2.418479003906e+02 -2.230962325203e-01
2.418490295410e+02 2.754114281814e-02
2.418501586914e+02 6.471589968029e-02
2.418512878418e+02 1.352884433155e-01
2.418524169922e+02 3.586204393968e-01
2.418535461426e+02 3.294634250725e-01
2.418546752930e+02 3.446824046772e-02
2.418558044434e+02 -3.728601632788e-02
2.418569335938e+02 7.251797066854e-02
2.418580627441e+02 -2.912200493852e-02
2.418591918945e+02 -5.765726363335e-03
2.418603210449e+02 -4.810471191010e-02
2.418614501953e+02 1.704746174721e-01
2.418625793457e+02 -5.820979871666e-03
2.418637084961e+02 5.567803838065e-02
2.418648376465e+02 -4.130102735232e-02
2.418659667969e+02 -1.632123643196e-01
2.418670959473e+02 -3.856259719906e-02
2.418682250977e+02 -1.339409243306e-01
2.418693542480e+02 -1.931487365911e-01
2.418704833984e+02 1.701073155137e-02
2.418716125488e+02 1.742050062907e-02
2.418727416992e+02 3.995945929543e-02
2.418738708496e+02 -1.615131073419e-02
2.418750000000e+02 -2.925040956193e-02
2.418761291504e+02 1.516779704612e-01
2.418772583008e+02 -6.444948121060e-02
2.418783874512e+02 -3.235489350455e-01
2.418795166016e+02 3.886083024545e-02
2.418806457520e+02 4.709006342440e-02
2.418817749023e+02 -8.854365197171e-02
2.418829040527e+02 -5.515742373190e-02
2.418840332031e+02 1.449113533185e-01
2.418851623535e+02 1.512220530811e-01
2.418862915039e+02 1.113163123551e-01
2.418874206543e+02 -7.999878309661e-02
2.418885498047e+02 -4.943278738211e-02
2.418896789551e+02 3.659640676753e-02
2.418908081055e+02 -6.092812255335e-02
2.418919219971e+02 -1.053618366695e-01
2.418930511475e+02 1.178863505090e-01
2.418941802979e+02 1.000853013847e-01
2.418953094482e+02 6.018836116568e-02
2.418964385986e+02 1.838864833435e-01
2.418975677490e+02 2.434649926431e-01
2.418986968994e+02 2.908621659148e-01
2.418998260498e+02 1.098066153230e-01
2.419009552002e+02 2.831344929709e-02
2.419020843506e+02 5.570043828406e-02
2.419032135010e+02 8.216472253054e-02
2.419043426514e+02 1.183937586752e-01
2.419054718018e+02 -1.878964017469e-01
2.419066009521e+02 -1.006176118958e-01
2.419077301025e+02 -7.689729674325e-02
2.419088592529e+02 -6.738708816165e-02
2.419099884033e+02 9.585709836400e-02
2.419111175537e+02 3.654913885147e-02
2.419122467041e+02 -6.192148502729e-02
2.419133758545e+02 -7.599258783797e-02
2.419145050049e+02 -9.097723439321e-03
2.419156341553e+02 -7.936479563974e-02
2.419167633057e+02 -6.910512870956e-02
2.419178924561e+02 4.792638624855e-02
2.419190216064e+02 8.470974370856e-02
2.419201507568e+02 -1.246176511827e-01
2.419212799072e+02 1.870308316374e-01
2.419224090576e+02 3.822333326693e-02
2.419235382080e+02 -7.796815098112e-02
2.419246673584e+02 -1.306338849127e-02
2.419257965088e+02 1.168553064536e-01
2.419269256592e+02 9.562414242032e-02
2.419280548096e+02 4.225427828261e-02
2.419291839600e+02 -3.223072586559e-02
2.419303131104e+02 1.040172015958e-01
2.419314422607e+02 4.036781884242e-02
2.419325714111e+02 4.071450236108e-02
2.419337005615e+02 -2.397363967323e-02
2.419348297119e+02 2.499417690737e-01
2.419359588623e+02 -7.168416935941e-02
2.419370880127e+02 -3.907514757741e-02
2.419382171631e+02 1.136327339739e-01
2.419393463135e+02 -5.520236468252e-02
2.419404754639e+02 -1.544985749195e-02
2.419416046143e+02 -6.613557748209e-02
2.419427337646e+02 1.141430184220e-01
2.419438629150e+02 1.068820622666e-01
2.419449920654e+02 -2.167200954377e-02
2.419461212158e+02 -2.072682135801e-01
2.419472503662e+02 -2.197176923208e-01
2.419483795166e+02 -1.178662012771e-01
2.419495086670e+02 6.875682394448e-02
2.419506378174e+02 2.606060724062e-02
2.419517669678e+02 -3.465508816336e-02
2.419528961182e+02 -2.221883345280e-01
2.419540252686e+02 -1.919161468108e-01
2.419551544189e+02 -1.219598828069e-01
2.419562835693e+02 -1.545125805811e-01
2.419574127197e+02 1.512325740167e-02
2.419585418701e+02 -5.278976691168e-02
2.419596710205e+02 -4.107492260525e-02
2.419608001709e+02 -5.179056032125e-02
2.419619293213e+02 -2.031429539847e-01
2.419630432129e+02 -5.555990101542e-02
2.419641723633e+02 -4.809277572178e-02
2.419653015137e+02 8.051382065770e-02
2.419664306641e+02 -7.770396792414e-02
2.419675598145e+02 -3.737226663715e-03
2.419686889648e+02 1.602422103699e-01
2.419698181152e+02 2.856506788509e-01
2.419709472656e+02 -6.873389570548e-03
2.419720764160e+02 -1.724376912958e-01
2.419732055664e+02 -8.110229877403e-02
2.419743347168e+02 -1.811946039432e-01
2.419754638672e+02 -1.653056261377e-01
2.419765930176e+02 1.001575441249e-01
2.419777221680e+02 1.310999512953e-01
2.419788513184e+02 4.681412728459e-02
2.419799804688e+02 -5.657296640167e-02
2.419811096191e+02 5.286174262310e-02
2.419822387695e+02 -1.568505075568e-02
2.419833679199e+02 3.001608752722e-03
2.419844970703e+02 1.205122814198e-01
2.419856262207e+02 -8.729208025699e-02
2.419867553711e+02 6.200768193080e-02
2.419878845215e+02 1.148664376458e-01
2.419890136719e+02 -3.336274782335e-03
2.419901428223e+02 -1.743782278870e-01
2.419912719727e+02 -1.639042436249e-01
2.419924011230e+02 -4.825231399840e-02
2.419935302734e+02 -4.872442476912e-02
2.419946594238e+02 6.729088149204e-02
2.419957885742e+02 1.047073566579e-01
2.419969177246e+02 2.310739817701e-02
2.419980468750e+02 1.418102617863e-02
2.419991760254e+02 7.075076629993e-02
2.420003051758e+02 8.686816055912e-02
2.420014343262e+02 -4.509972214334e-02
2.420025634766e+02 -1.801596154907e-01
2.420036926270e+02 -2.626031046666e-02
2.420048217773e+02 8.494530890529e-02
2.420059509277e+02 8.108134082625e-02
2.420070800781e+02 1.046033985231e-01
2.420082092285e+02 1.349995944248e-01
2.420093383789e+02 1.855679027959e-02
2.420104675293e+02 1.299248757085e-02
2.420115966797e+02 3.354825751387e-02
2.420127258301e+02 -3.310259404055e-02
2.420138549805e+02 -1.660286028566e-01
2.420149841309e+02 2.435425301834e-02
2.420161132812e+02 5.652680093317e-02
2.420172424316e+02 -6.132449632096e-02
2.420183715820e+02 1.611920624047e-02
2.420195007324e+02 9.165007454357e-02
2.420206298828e+02 9.128915075934e-02
2.420217590332e+02 -4.926867242223e-03
2.420228881836e+02 7.082288601619e-03
2.420240173340e+02 7.869272224356e-02
2.420251464844e+02 -3.758315837080e-02
2.420262756348e+02 1.489706587023e-02
2.420274047852e+02 2.172901495190e-03
2.420285339355e+02 -2.033213330520e-02
2.420296630859e+02 1.130742470089e-01
2.420307922363e+02 -7.553397728152e-02
2.420319213867e+02 -6.626129465115e-02
2.420330352783e+02 -1.195790614658e-01
2.420341644287e+02 -6.207482060587e-02
2.420352935791e+02 -2.830316487277e-02
2.420364227295e+02 -5.544513965743e-02
2.420375518799e+02 -5.770096480730e-02
2.420386810303e+02 -9.239903698149e-02
2.420398101807e+02 4.066008570200e-02
2.420409393311e+02 3.257336580496e-02
2.420420684814e+02 -2.358934895979e-02
2.420431976318e+02 5.562531163254e-02
2.420443267822e+02 1.230488568577e-01
2.420454559326e+02 7.320341934764e-03
2.420465850830e+02 -3.759559809917e-02
2.420477142334e+02 -5.473739502542e-02
2.420488433838e+02 1.205797863058e-01
2.420499725342e+02 -5.929036898893e-03
2.420511016846e+02 4.909948963679e-02
2.420522308350e+02 1.134962059523e-01
2.420533599854e+02 3.446257564201e-02
2.420544891357e+02 1.547115399412e-01
2.420556182861e+02 1.402757024635e-01
2.420567474365e+02 2.250375015334e-01
2.420578765869e+02 1.797574548271e-01
2.420590057373e+02 7.905034249981e-02
2.420601348877e+02 -3.639446812879e-02
2.420612640381e+02 -1.057479450862e-01
2.420623931885e+02 -1.155631387287e-01
2.420635223389e+02 -8.747105060241e-02
2.420646514893e+02 2.277439797809e-02
2.420657806396e+02 9.978300187079e-02
2.420669097900e+02 2.384781302236e-01
2.420680389404e+02 1.558337323773e-01
2.420691680908e+02 -5.991123007189e-03
2.420702972412e+02 2.384117239704e-02
2.420714263916e+02 1.938465973420e-01
2.420725555420e+02 -9.088865330380e-02
2.420736846924e+02 -4.773008573263e-02
2.420748138428e+02 -2.390678214137e-01
2.420759429932e+02 -1.233655630533e-03
2.420770721436e+02 1.703782124382e-01
2.420782012939e+02 2.369326131824e-02
2.420793304443e+02 -7.278683054459e-03
2.420804595947e+02 -6.502966617468e-02
2.420815887451e+02 -6.514900516961e-02
2.420827178955e+02 1.310898747720e-02
2.420838470459e+02 8.884273188094e-02
2.420849761963e+02 8.044831467314e-02
2.420861053467e+02 2.576869934406e-01
2.420872344971e+02 8.549278665346e-02
2.420883636475e+02 1.467006905617e-01
2.420894927979e+02 -4.439026089749e-02
2.420906219482e+02 -5.090003064638e-02
2.420917510986e+02 1.272295592657e-01
2.420928802490e+02 2.552064826112e-02
2.420940093994e+02 1.984936236247e-02
2.420951385498e+02 1.809690179950e-01
2.420962677002e+02 1.490580057371e-01
2.420973968506e+02 8.335574736739e-02
2.420985260010e+02 -6.037689114289e-02
2.420996551514e+02 1.081614431257e-01
2.421007843018e+02 1.320968385497e-01
2.421019134521e+02 6.319284739237e-03
2.421030426025e+02 -3.032112570775e-01
2.421041564941e+02 -2.317356067100e-01
2.421052856445e+02 -6.605147103278e-02
2.421064147949e+02 1.385307988162e-01
2.421075439453e+02 -1.379392117214e-02
2.421086730957e+02 -1.261848509642e-02
2.421098022461e+02 -1.971055391472e-01
2.421109313965e+02 7.854350463088e-03
2.421120605469e+02 1.313186097529e-01
2.421131896973e+02 1.869763119815e-01
2.421143188477e+02 2.680292447559e-02
2.421154479980e+02 -5.035143900656e-02
2.421165771484e+02 1.656126329882e-01
2.421177062988e+02 1.558055188750e-01
2.421188354492e+02 1.272548507098e-01
2.421199645996e+02 1.036450320835e-01
2.421210937500e+02 1.818135157158e-01
2.421222229004e+02 1.492699655860e-01
2.421233520508e+02 -4.993977593158e-02
2.421244812012e+02 1.286572784498e-01
2.421256103516e+02 1.024918719335e-01
2.421267395020e+02 -1.599243087435e-01
2.421278686523e+02 -1.098460974415e-01
2.421289978027e+02 -8.176466376520e-03
2.421301269531e+02 -1.647192766226e-01
2.421312561035e+02 1.316969457237e-02
2.421323852539e+02 -3.748336588559e-02
2.421335144043e+02 2.401835364936e-02
2.421346435547e+02 6.180777652580e-02
2.421357727051e+02 6.188438327993e-02
2.421369018555e+02 2.736547676366e-01
2.421380310059e+02 1.667379687351e-01
2.421391601562e+02 2.825659008723e-01
2.421402893066e+02 1.902630705604e-02
2.421414184570e+02 -7.823827733672e-02
2.421425476074e+02 5.362083689744e-02
2.421436767578e+02 7.826172246723e-02
2.421448059082e+02 -9.142954688417e-02
2.421459350586e+02 8.645775251961e-02
2.421470642090e+02 -6.879426901462e-02
2.421481933594e+02 -9.498570702623e-02
2.421493225098e+02 -1.603944930920e-01
2.421504516602e+02 -2.223848677404e-01
2.421515808105e+02 9.540944552597e-04
2.421527099609e+02 3.065177452717e-01
2.421538391113e+02 2.556425750086e-01
2.421549682617e+02 8.904410212976e-02
2.421560974121e+02 -9.618381957093e-02
2.421572265625e+02 -2.206760663898e-01
2.421583557129e+02 -1.424928503960e-01
2.421594848633e+02 -1.434989081830e-01
2.421606140137e+02 9.775659644006e-02
2.421617431641e+02 1.701761860615e-01
2.421628723145e+02 7.720174774648e-02
2.421640014648e+02 7.861983100475e-02
2.421651306152e+02 1.810920419876e-02
2.421662597656e+02 6.353391949109e-02
2.421673889160e+02 2.952603289655e-02
2.421685180664e+02 1.351371066384e-02
2.421696472168e+02 -1.998352908637e-02
2.421707763672e+02 -1.601003188837e-01
2.421719055176e+02 -1.784544609908e-01
2.421730346680e+02 -2.194368390360e-01
2.421741485596e+02 -1.072547734659e-01
2.421752777100e+02 1.072734044482e-01
2.421764068604e+02 1.759329002021e-01
2.421775360107e+02 -3.528902221447e-02
2.421786651611e+02 -1.142594887644e-01
2.421797943115e+02 -1.127560096891e-01
2.421809234619e+02 -5.170080811972e-02
2.421820526123e+02 5.813263597038e-02
2.421831817627e+02 -2.643972713167e-02
2.421843109131e+02 -7.412392777607e-02
2.421854400635e+02 -4.225836763827e-02
2.421865692139e+02 -1.849909908423e-01
2.421876983643e+02 1.181640452243e-01
2.421888275146e+02 -1.815013256451e-03
2.421899566650e+02 -3.091112283661e-02
2.421910858154e+02 -1.033177157838e-01
2.421922149658e+02 -6.507591556653e-02
2.421933441162e+02 -2.863202803231e-02
2.421944732666e+02 -3.184665068256e-02
2.421956024170e+02 -1.469088204544e-01
2.421967315674e+02 -9.350046983410e-02
2.421978607178e+02 1.098953757031e-01
2.421989898682e+02 1.052520573063e-01
2.422001190186e+02 -3.666434271436e-02
2.422012481689e+02 1.365890663173e-02
2.422023773193e+02 1.503070597515e-01
2.422035064697e+02 3.439690562546e-02
2.422046356201e+02 -4.091745189465e-02
2.422057647705e+02 1.996571063460e-02
2.422068939209e+02 5.596884421111e-02
2.422080230713e+02 2.848936406985e-02
2.422091522217e+02 2.802978076555e-02
2.422102813721e+02 -5.674356348619e-02
2.422114105225e+02 -6.203275593712e-02
2.422125396729e+02 -1.476210092089e-01
2.422136688232e+02 8.227177057030e-02
2.422147979736e+02 1.930118042115e-01
2.422159271240e+02 2.400828666279e-01
2.422170562744e+02 3.029443121796e-02
2.422181854248e+02 1.815031137845e-03
2.422193145752e+02 1.519082046182e-02
2.422204437256e+02 -5.849413577393e-02
2.422215728760e+02 2.514428677779e-01
2.422227020264e+02 5.880210011351e-02
2.422238311768e+02 -5.059359600048e-02
2.422249603271e+02 -3.443520671371e-01
2.422260894775e+02 -9.964741989413e-02
2.422272186279e+02 -1.100723318883e-01
2.422283477783e+02 -7.719292053658e-02
2.422294769287e+02 1.443066779968e-01
2.422306060791e+02 8.606161907794e-02
2.422317352295e+02 -2.198124799230e-02
2.422328643799e+02 6.283009255336e-02
2.422339935303e+02 1.655348093456e-02
2.422351226807e+02 -4.669633324213e-02
2.422362518311e+02 1.204691753387e-01
2.422373809814e+02 1.251378309559e-02
2.422385101318e+02 -2.344719807413e-02
2.422396392822e+02 2.238053809610e-02
2.422407684326e+02 4.875904553264e-04
2.422418975830e+02 1.197970332779e-01
2.422430267334e+02 1.368163822309e-01
2.422441558838e+02 -6.920695824321e-02
2.422452697754e+02 -1.681133655289e-01
2.422463989258e+02 -2.770144594160e-02
2.422475280762e+02 -4.313584723317e-02
2.422486572266e+02 1.107212119240e-01
2.422497863770e+02 2.533145071185e-02
2.422509155273e+02 -8.332147612553e-02
2.422520446777e+02 -2.421086998540e-01
2.422531738281e+02 -1.769116905318e-01
2.422543029785e+02 -1.877686246412e-01
2.422554321289e+02 -3.658271581840e-02
2.422565612793e+02 2.105055641977e-01
2.422576904297e+02 -5.018123483587e-02
2.422588195801e+02 5.949070259372e-02
2.422599487305e+02 1.704872212325e-01
2.422610778809e+02 3.610836200558e-02
2.422622070312e+02 -6.896738761415e-02
2.422633361816e+02 -9.737971959111e-02
2.422644653320e+02 -1.401833715265e-01
2.422655944824e+02 -1.537804791059e-01
2.422667236328e+02 -5.127287154544e-02
2.422678527832e+02 -3.415914163712e-01
2.422689819336e+02 -2.902027420554e-01
2.422701110840e+02 5.691460402929e-03
2.422712402344e+02 2.539290892094e-01
2.422723693848e+02 8.156038290223e-02
2.422734985352e+02 -9.769144140767e-02
2.422746276855e+02 2.022062779148e-01
2.422757568359e+02 -2.129909425811e-02
2.422768859863e+02 -1.780037621168e-01
2.422780151367e+02 3.250980531611e-02
2.422791442871e+02 1.837957393206e-01
2.422802734375e+02 1.755658805313e-01
2.422814025879e+02 1.134280220501e-01
2.422825317383e+02 1.345739962601e-01
2.422836608887e+02 -2.606184510994e-01
2.422847900391e+02 -2.469957087532e-01
2.422859191895e+02 4.367198770053e-02
2.422870483398e+02 -2.735828987367e-01
2.422881774902e+02 -3.359951331464e-01
2.422893066406e+02 1.569574812100e-01
2.422904357910e+02 -4.405792064122e-02
2.422915649414e+02 -1.381183689870e-01
2.422926940918e+02 -1.523171459066e-01
2.422938232422e+02 6.183319004019e-02
2.422949523926e+02 1.066450398554e-01
2.422960815430e+02 2.004119663062e-01
2.422972106934e+02 2.542523924474e-01
2.422983398438e+02 8.127996449292e-02
2.422994689941e+02 7.779245364611e-02
2.423005981445e+02 -2.628293162252e-03
2.423017272949e+02 -6.259964668060e-02
2.423028564453e+02 1.170656336121e-01
2.423039855957e+02 1.940217529900e-01
2.423051147461e+02 2.356087033600e-02
2.423062438965e+02 -2.655167515030e-02
2.423073730469e+02 -9.394999378123e-02
2.423085021973e+02 -9.453122397241e-02
2.423096313477e+02 1.261131193934e-01
2.423107604980e+02 3.027109480633e-02
2.423118896484e+02 -1.556189649110e-01
2.423130187988e+02 -7.022886228345e-02
2.423141479492e+02 7.787730777612e-02
2.423152618408e+02 -7.119548658931e-03
2.423163909912e+02 2.321030841444e-01
2.423175201416e+02 -1.263678572595e-01
2.423186492920e+02 -5.704593452564e-03
2.423197784424e+02 -1.863891384917e-01
2.423209075928e+02 7.980891797529e-02
2.423220367432e+02 -1.940055748581e-02
2.423231658936e+02 -3.148469082650e-01
2.423242950439e+02 -4.114102978613e-01
2.423254241943e+02 -9.364112535836e-02
2.423265533447e+02 1.418928595228e-01
2.423276824951e+02 2.374765585207e-01
2.423288116455e+02 1.458286659841e-01
2.423299407959e+02 8.076620104078e-02
2.423310699463e+02 1.435558673379e-02
2.423321990967e+02 1.789678582320e-01
2.423333282471e+02 -3.556424882056e-02
2.423344573975e+02 -2.087411598170e-01
2.423355865479e+02 -1.405845403688e-01
2.423367156982e+02 -2.886846145419e-01
2.423378448486e+02 -1.857124569410e-01
2.423389739990e+02 5.299320472651e-02
2.423401031494e+02 -1.911102843458e-01
2.423412322998e+02 1.176591547584e-02
2.423423614502e+02 -3.880950730600e-02
2.423434906006e+02 -1.586357802399e-01
2.423446197510e+02 -7.543748832430e-02
2.423457489014e+02 -1.467640755744e-01
2.423468780518e+02 -2.351153218363e-01
2.423480072021e+02 -5.349603144107e-02
2.423491363525e+02 -1.929421325773e-02
2.423502655029e+02 4.066580011878e-02
2.423513946533e+02 1.152425286671e-01
2.423525238037e+02 9.595068052177e-02
2.423536529541e+02 -1.095403418118e-01
2.423547821045e+02 -2.933872820016e-01
2.423559112549e+02 8.068091775731e-03
2.423570404053e+02 -3.311718144359e-02
2.423581695557e+02 -1.205342388183e-01
2.423592987061e+02 2.528558469709e-02
2.423604278564e+02 4.322293296118e-02
2.423615570068e+02 -2.256155197494e-01
2.423626861572e+02 -9.043584299481e-03
2.423638153076e+02 4.451134320915e-02
2.423649444580e+02 -5.495181153951e-02
2.423660736084e+02 -1.540081402496e-01
2.423672027588e+02 -7.627131252162e-02
2.423683319092e+02 2.287463029791e-01
2.423694610596e+02 2.458844568693e-01
2.423705902100e+02 4.901849598060e-02
2.423717193604e+02 1.125912605358e-01
2.423728485107e+02 1.479839242652e-01
2.423739776611e+02 9.523679041218e-02
2.423751068115e+02 -8.643152265996e-02
2.423762359619e+02 -2.177661808450e-02
2.423773651123e+02 4.875671999770e-02
2.423784942627e+02 -3.719864068286e-02
2.423796234131e+02 1.703416142309e-02
2.423807525635e+02 1.025890475363e-01
2.423818817139e+02 -4.179455383450e-02
2.423830108643e+02 2.185405682414e-01
2.423841400146e+02 1.841390010557e-01
2.423852539062e+02 9.918643659587e-02
2.423863830566e+02 9.828418435575e-02
2.423875122070e+02 -3.276333773782e-02
2.423886413574e+02 1.199186858869e-02
2.423897705078e+02 -1.263713133754e-01
2.423908996582e+02 -1.014011202338e-01
2.423920288086e+02 5.992479990438e-02
2.423931579590e+02 -4.604887227387e-02
2.423942871094e+02 -3.295516361363e-02
2.423954162598e+02 1.308347382700e-01
2.423965454102e+02 -3.003646611782e-02
2.423976745605e+02 -1.461607277675e-01
2.423988037109e+02 8.279226314873e-02
2.423999328613e+02 4.270264351539e-03
2.424010620117e+02 1.042341739572e-01
2.424021911621e+02 2.488028072277e-01
2.424033203125e+02 5.538781238420e-02
2.424044494629e+02 -1.779737633361e-01
2.424055786133e+02 -4.500953506630e-02
2.424067077637e+02 8.583768870842e-02
2.424078369141e+02 1.076939977299e-01
2.424089660645e+02 4.458078977617e-02
2.424100952148e+02 -6.428573913739e-02
2.424112243652e+02 -5.639960556885e-03
2.424123535156e+02 1.131062370617e-01
2.424134826660e+02 3.436222087040e-01
2.424146118164e+02 2.715233588439e-01
2.424157409668e+02 1.734378897076e-02
2.424168701172e+02 4.646407538808e-02
2.424179992676e+02 6.259790336387e-02
2.424191284180e+02 3.129302650312e-03
2.424202575684e+02 4.673210747478e-02
2.424213867188e+02 2.286268342845e-02
2.424225158691e+02 -7.992776868894e-02
2.424236450195e+02 -8.745025287193e-02
2.424247741699e+02 -6.189938362396e-03
2.424259033203e+02 -1.259663908708e-01
2.424270324707e+02 -1.174102457500e-01
2.424281616211e+02 1.597310103944e-01
2.424292907715e+02 -1.485718606945e-01
2.424304199219e+02 -1.123810630771e-01
2.424315490723e+02 -1.092625021379e-01
2.424326782227e+02 -2.388958701116e-01
2.424338073730e+02 -2.134286905572e-01
2.424349365234e+02 -1.524871288248e-01
2.424360656738e+02 -1.273678725658e-01
2.424371948242e+02 -1.350968997273e-01
2.424383239746e+02 6.329160609457e-02
2.424394531250e+02 -1.029235049496e-01
2.424405822754e+02 -1.335313288216e-02
2.424417114258e+02 9.793703162930e-02
2.424428405762e+02 1.034584781196e-01
2.424439697266e+02 1.672564471532e-01
2.424450988770e+02 1.340323092226e-01
2.424462280273e+02 4.832995453554e-02
2.424473571777e+02 -5.138772064147e-02
2.424484863281e+02 -1.180071696065e-01
2.424496154785e+02 -6.298797143659e-02
2.424507446289e+02 7.145108371601e-02
2.424518737793e+02 1.977832506662e-02
2.424530029297e+02 1.249964964155e-01
2.424541320801e+02 5.623718910301e-02
2.424552612305e+02 -1.516838717981e-02
2.424563751221e+02 9.668051225199e-03
2.424575042725e+02 -2.232643042751e-02
2.424586334229e+02 1.711281476240e-02
2.424597625732e+02 -1.883320401953e-01
2.424608917236e+02 -1.539172436388e-01
2.424620208740e+02 -4.259253513461e-02
2.424631500244e+02 1.225577412643e-02
2.424642791748e+02 -1.100786108803e-01
2.424654083252e+02 6.818551959606e-02
2.424665374756e+02 -1.959205339029e-02
2.424676666260e+02 -6.916229576550e-03
2.424687957764e+02 4.971683738340e-02
2.424699249268e+02 3.215855941930e-02
2.424710540771e+02 3.764430415617e-02
2.424721832275e+02 1.102982611593e-01
2.424733123779e+02 4.429398174863e-02
2.424744415283e+02 -6.377955262806e-03
2.424755706787e+02 7.468526050537e-02
2.424766998291e+02 1.386946934773e-01
2.424778289795e+02 3.795243681928e-03
2.424789581299e+02 -7.359298292663e-02
2.424800872803e+02 -1.585312727886e-01
2.424812164307e+02 -3.820891752528e-02
2.424823455811e+02 -5.829143038100e-02
2.424834747314e+02 1.998427218944e-01
2.424846038818e+02 1.394070348197e-01
2.424857330322e+02 -1.304953827851e-01
2.424868621826e+02 -9.182574899040e-02
2.424879913330e+02 -6.203700837110e-03
2.424891204834e+02 1.736704908844e-02
2.424902496338e+02 -3.690416129875e-02
2.424913787842e+02 1.074189427852e-01
2.424925079346e+02 1.338928286252e-01
2.424936370850e+02 -5.417312879379e-03
2.424947662354e+02 -1.356931064207e-01
2.424958953857e+02 -2.153604380855e-01
2.424970245361e+02 4.048591424598e-02
2.424981536865e+02 1.449733421520e-02
2.424992828369e+02 3.527534652412e-03
2.425004119873e+02 -4.893617862439e-02
2.425015411377e+02 -1.119995322972e-01
2.425026702881e+02 1.258217909494e-01
2.425037994385e+02 1.411354284565e-01
2.425049285889e+02 1.364196689552e-01
2.425060577393e+02 1.457843182189e-02
2.425071868896e+02 -2.200118169380e-02
2.425083160400e+02 -1.371633117975e-02
2.425094451904e+02 5.316315712717e-02
2.425105743408e+02 3.631663304209e-02
2.425117034912e+02 7.216406688128e-03
2.425128326416e+02 -1.681397174589e-01
2.425139617920e+02 3.943726250092e-03
2.425150909424e+02 5.877168171607e-02
2.425162200928e+02 -1.500075297080e-01
2.425173492432e+02 -2.155352275225e-01
2.425184783936e+02 -2.237532912674e-01
2.425196075439e+02 -1.373925846508e-01
2.425207366943e+02 1.279755462396e-02
2.425218658447e+02 -2.794519747906e-02
2.425229949951e+02 -7.734112916179e-02
2.425241241455e+02 1.190867480574e-02
2.425252532959e+02 5.219201526585e-02
2.425263671875e+02 9.038530397569e-02
2.425274963379e+02 -9.309250320095e-02
2.425286254883e+02 -5.548761249880e-02
2.425297546387e+02 -3.794083203281e-02
2.425308837891e+02 7.724792370540e-03
2.425320129395e+02 2.074526465722e-01
2.425331420898e+02 -3.686757835024e-02
2.425342712402e+02 -1.194165858722e-01
2.425354003906e+02 -2.901327080249e-02
2.425365295410e+02 -3.556644608629e-02
2.425376586914e+02 -1.774492119196e-01
2.425387878418e+02 -1.950207001810e-01
2.425399169922e+02 2.232602988428e-02
2.425410461426e+02 2.402842673943e-01
2.425421752930e+02 7.733006653919e-02
2.425433044434e+02 1.398848180455e-01
2.425444335938e+02 2.757270562482e-02
2.425455627441e+02 -1.364381015732e-01
2.425466918945e+02 1.108040194688e-02
2.425478210449e+02 2.347062639613e-05
2.425489501953e+02 2.271507847912e-03
2.425500793457e+02 -1.964456270064e-01
2.425512084961e+02 -1.038141299919e-02
2.425523376465e+02 4.045638848774e-02
2.425534667969e+02 1.674404414552e-02
2.425545959473e+02 -1.406310949365e-01
2.425557250977e+02 4.952061697613e-02
2.425568542480e+02 -1.021057558874e-01
2.425579833984e+02 -7.298963511965e-02
2.425591125488e+02 -1.313980317538e-01
2.425602416992e+02 -8.757140003344e-02
2.425613708496e+02 7.009569119558e-02
2.425625000000e+02 -5.753479277182e-02
2.425636291504e+02 -8.811764944904e-02
2.425647583008e+02 1.904624876842e-01
2.425658874512e+02 1.594954299389e-01
2.425670166016e+02 5.855415145518e-03
2.425681457520e+02 1.201622733923e-02
2.425692749023e+02 -2.457484552759e-02
2.425704040527e+02 7.638647823754e-02
2.425715332031e+02 -9.041862154319e-02
2.425726623535e+02 1.501368403220e-02
2.425737915039e+02 -3.153652150218e-02
2.425749206543e+02 -1.965390298734e-02
2.425760498047e+02 -1.619772873566e-01
2.425771789551e+02 5.253091680173e-02
2.425783081055e+02 1.385102604851e-01
2.425794372559e+02 -2.669261105482e-02
2.425805664062e+02 -7.152537876348e-02
2.425816955566e+02 -9.408814686397e-02
2.425828247070e+02 -2.085969451800e-02
2.425839538574e+02 -8.343184295206e-02
2.425850830078e+02 -2.118613534467e-01
2.425862121582e+02 -5.209204730456e-02
2.425873413086e+02 2.516729092927e-02
2.425884704590e+02 -8.406185549419e-02
2.425895996094e+02 -2.602381257640e-02
2.425907287598e+02 -1.662469103621e-01
2.425918579102e+02 -7.380306594442e-02
2.425929870605e+02 8.341024413511e-02
2.425941162109e+02 3.247955858005e-02
2.425952453613e+02 -1.293127655414e-01
2.425963745117e+02 7.091053822677e-03
2.425974884033e+02 1.473789437677e-01
2.425986175537e+02 1.225055600179e-01
2.425997467041e+02 -6.530954289696e-02
2.426008758545e+02 -8.998277710110e-02
2.426020050049e+02 9.840722360720e-02
2.426031341553e+02 -1.086459592925e-02
2.426042633057e+02 -7.617512111080e-02
2.426053924561e+02 5.087801984211e-02
2.426065216064e+02 -1.700404591263e-01
2.426076507568e+02 -1.305082917213e-01
2.426087799072e+02 1.222429333575e-01
2.426099090576e+02 1.312551179286e-01
2.426110382080e+02 4.764671170524e-02
2.426121673584e+02 -1.985317443731e-03
2.426132965088e+02 -5.818373765738e-02
2.426144256592e+02 -1.863301480104e-01
2.426155548096e+02 -2.717473883956e-01
2.426166839600e+02 -1.176748179061e-01
2.426178131104e+02 -1.516609874281e-01
2.426189422607e+02 -4.706623682415e-02
2.426200714111e+02 4.411546535221e-02
2.426212005615e+02 1.436586829709e-02
2.426223297119e+02 -1.486928018623e-01
2.426234588623e+02 -9.538889765817e-02
2.426245880127e+02 2.306166186197e-02
2.426257171631e+02 -7.094892457351e-02
2.426268463135e+02 -2.342920223893e-02
2.426279754639e+02 -6.856912557131e-02
2.426291046143e+02 8.300222409620e-02
2.426302337646e+02 1.629071885238e-01
2.426313629150e+02 2.074074805545e-01
2.426324920654e+02 8.472285863838e-02
2.426336212158e+02 9.464905234715e-02
2.426347503662e+02 1.037049304628e-01
2.426358795166e+02 6.604037026321e-02
2.426370086670e+02 8.071715929040e-02
2.426381378174e+02 4.432439633137e-02
2.426392669678e+02 -5.954156014008e-02
2.426403961182e+02 5.884394734450e-02
2.426415252686e+02 5.149491363972e-02
2.426426544189e+02 -2.141671091714e-02
2.426437835693e+02 1.039480945369e-01
2.426449127197e+02 -7.317559399079e-02
2.426460418701e+02 -1.664446909806e-02
2.426471710205e+02 1.199150523876e-01
2.426483001709e+02 8.256160365291e-02
2.426494293213e+02 3.674659903541e-02
2.426505584717e+02 8.679819137855e-02
2.426516876221e+02 2.128020006166e-02
2.426528167725e+02 -4.204867753431e-02
2.426539459229e+02 9.390370624241e-02
2.426550750732e+02 -4.339513984802e-02
2.426562042236e+02 4.393203944018e-03
2.426573333740e+02 1.174401682368e-01
2.426584625244e+02 -1.215973187028e-01
2.426595916748e+02 -1.350920016558e-01
2.426607208252e+02 -1.400275640240e-01
2.426618499756e+02 1.926520057630e-02
2.426629791260e+02 -1.364467590291e-02
2.426641082764e+02 -5.039761210445e-02
2.426652374268e+02 -9.446466513136e-02
2.426663665771e+02 -1.156655252082e-01
2.426674804688e+02 1.460767433885e-01
2.426686096191e+02 -6.618019418343e-02
2.426697387695e+02 9.364635912326e-02
2.426708679199e+02 6.503229831592e-02
2.426719970703e+02 -2.405047111304e-01
2.426731262207e+02 -8.557677866185e-02
2.426742553711e+02 -1.097846808126e-01
2.426753845215e+02 -1.979473208034e-02
2.426765136719e+02 2.041237889922e-01
2.426776428223e+02 2.709905829397e-01
2.426787719727e+02 -8.666179114930e-03
2.426799011230e+02 -1.697164043929e-02
2.426810302734e+02 -2.993301915245e-02
2.426821594238e+02 -1.263936522436e-01
2.426832885742e+02 -5.887657826646e-02
2.426844177246e+02 1.025334120814e-02
2.426855468750e+02 2.155488841394e-01
2.426866760254e+02 1.657296221295e-01
2.426878051758e+02 2.406545982225e-01
2.426889343262e+02 1.709453511370e-01
2.426900634766e+02 -2.441249772630e-02
2.426911926270e+02 5.865001003365e-03
2.426923217773e+02 -1.538050152399e-01
2.426934509277e+02 -1.595385665376e-01
2.426945800781e+02 -2.015529270537e-01
2.426957092285e+02 -1.697878956377e-01
2.426968383789e+02 -6.972043368569e-03
2.426979675293e+02 2.865250151351e-02
2.426990966797e+02 2.323433795660e-01
2.427002258301e+02 1.579696730305e-01
2.427013549805e+02 -6.099482253821e-02
2.427024841309e+02 -8.429803867191e-02
2.427036132812e+02 -1.803684472877e-01
2.427047424316e+02 -2.083704170016e-01
2.427058715820e+02 -2.272513688261e-01
2.427070007324e+02 -2.047231008493e-02
2.427081298828e+02 8.508925269875e-02
2.427092590332e+02 1.638026200849e-01
2.427103881836e+02 -3.471353314294e-02
2.427115173340e+02 -3.526643920558e-02
2.427126464844e+02 -7.874219124005e-02
2.427137756348e+02 1.659999468494e-01
2.427149047852e+02 4.586567905839e-02
2.427160339355e+02 3.478662274603e-02
2.427171630859e+02 4.514352631412e-02
2.427182922363e+02 2.676694424927e-02
2.427194213867e+02 3.522528624953e-02
2.427205505371e+02 -1.696818313131e-03
2.427216796875e+02 2.498276066233e-02
2.427228088379e+02 4.706755289477e-02
2.427239379883e+02 1.693523487420e-01
2.427250671387e+02 1.364113834323e-01
2.427261962891e+02 -1.348337237504e-02
2.427273254395e+02 -2.461982233637e-01
2.427284545898e+02 -3.371975562992e-01
2.427295837402e+02 1.022139254482e-01
2.427307128906e+02 -6.200108631892e-02
2.427318420410e+02 -1.208671932409e-01
2.427329711914e+02 -1.088682989332e-01
2.427341003418e+02 -7.016807889433e-02
2.427352294922e+02 -1.397491063692e-01
2.427363586426e+02 -2.294677233015e-01
2.427374877930e+02 -1.842483150257e-01
2.427386016846e+02 -9.940546889387e-02
2.427397308350e+02 1.315781312496e-01
2.427408599854e+02 1.145851876324e-01
2.427419891357e+02 8.733359942400e-02
2.427431182861e+02 1.465680459020e-01
2.427442474365e+02 1.983536928930e-01
2.427453765869e+02 -1.312097688054e-01
