#title: Spectral profile - SDC18.816-0.447_1_SPW_0.image.pbcor.fits-raster
#region (world): Ellipse[[18:26:59.072, -12d44m46.978], [18:26:59.015, -12d44m46.369]]
#region (pixel): Ellipse[[171, 163], [178, 168]]
#coordinate: world
#xLabel: frequency [GHz]
#yLabel: [Kelvin] Mean

# SDC18.816-0.447_1_SPW_0.image.pbcor.fits-raster
2.388175964355e+02 -1.585146864841e-01
2.388187255859e+02 -1.529255748905e-01
2.388198547363e+02 -1.446496803324e-01
2.388209838867e+02 2.613898210701e-02
2.388221130371e+02 1.586237105372e-01
2.388232421875e+02 -6.523343968289e-02
2.388243713379e+02 3.535204101629e-02
2.388255004883e+02 1.039921314042e-01
2.388266296387e+02 -1.232914029508e-01
2.388277587891e+02 1.896875948404e-03
2.388288879395e+02 2.063246405372e-01
2.388300170898e+02 -5.988925455357e-02
2.388311462402e+02 -1.373511112602e-01
2.388322753906e+02 5.380590312937e-02
2.388334045410e+02 2.357915303645e-01
2.388345336914e+02 1.429175788097e-01
2.388356628418e+02 1.616282425402e-01
2.388367919922e+02 1.508044962986e-01
2.388379211426e+02 -1.000920762873e-01
2.388390502930e+02 -1.117977424317e-01
2.388401794434e+02 2.972951801364e-01
2.388413085938e+02 3.132706218742e-02
2.388424377441e+02 -2.327902942601e-01
2.388435668945e+02 -8.607371929824e-02
2.388446960449e+02 1.113367362452e-01
2.388458251953e+02 3.893351930530e-02
2.388469543457e+02 -1.373017490752e-01
2.388480834961e+02 -1.565870588291e-01
2.388492126465e+02 7.330263867456e-02
2.388503417969e+02 1.140530449680e-01
2.388514709473e+02 -1.735810934497e-02
2.388526000977e+02 2.232962952816e-03
2.388537292480e+02 -1.634954606465e-01
2.388548583984e+02 -1.607695999213e-01
2.388559875488e+02 -2.204384107388e-01
2.388571166992e+02 -1.856367771583e-02
2.388582458496e+02 4.042042733491e-01
2.388593750000e+02 2.770669382088e-01
2.388605041504e+02 1.929104553297e-01
2.388616333008e+02 -1.418271246563e-01
2.388627624512e+02 -1.665551836922e-02
2.388638916016e+02 6.649353343171e-02
2.388650207520e+02 1.001911592388e-01
2.388661346436e+02 -3.854225162943e-04
2.388672637939e+02 -3.403185052390e-02
2.388683929443e+02 -8.090497401185e-03
2.388695220947e+02 7.619022254432e-03
2.388706512451e+02 -4.393798273880e-02
2.388717803955e+02 3.578986147166e-02
2.388729095459e+02 -1.478868325858e-01
2.388740386963e+02 -1.838575374193e-01
2.388751678467e+02 4.980340431256e-02
2.388762969971e+02 6.990578029789e-02
2.388774261475e+02 -1.068716710307e-01
2.388785552979e+02 -1.776016167120e-01
2.388796844482e+02 -3.874946778288e-02
2.388808135986e+02 8.149129873147e-02
2.388819427490e+02 1.568807142385e-01
2.388830718994e+02 2.425742026151e-03
2.388842010498e+02 5.148541122838e-02
2.388853302002e+02 1.841018764202e-03
2.388864593506e+02 -3.917676348799e-02
2.388875885010e+02 2.567537048221e-02
2.388887176514e+02 2.860297720391e-02
2.388898468018e+02 1.830011225837e-01
2.388909759521e+02 -9.622527007338e-02
2.388921051025e+02 -1.475855477814e-01
2.388932342529e+02 8.054521561768e-02
2.388943634033e+02 9.317743362491e-02
2.388954925537e+02 4.850008241227e-02
2.388966217041e+02 4.861192171202e-02
2.388977508545e+02 -3.176928098894e-02
2.388988800049e+02 -1.263568022663e-01
2.389000091553e+02 5.266610967924e-02
2.389011383057e+02 3.118720774962e-02
2.389022674561e+02 -4.927227254294e-02
2.389033966064e+02 1.092878088408e-01
2.389045257568e+02 -3.506715254451e-01
2.389056549072e+02 -9.251922283925e-02
2.389067840576e+02 -6.477350161173e-02
2.389079132080e+02 8.371297852449e-02
2.389090423584e+02 1.580089033790e-01
2.389101715088e+02 1.190578364655e-01
2.389113006592e+02 -1.785666588721e-01
2.389124298096e+02 -2.106284279731e-01
2.389135589600e+02 -9.565154720678e-02
2.389146881104e+02 8.523638557927e-02
2.389158172607e+02 1.330869051250e-01
2.389169464111e+02 2.380566824497e-01
2.389180755615e+02 1.554868543091e-01
2.389192047119e+02 4.237019549392e-02
2.389203338623e+02 1.756453483085e-01
2.389214630127e+02 1.525126720389e-01
2.389225921631e+02 -4.600958089017e-02
2.389237213135e+02 -1.473741219901e-01
2.389248504639e+02 -1.358750674889e-01
2.389259796143e+02 -2.421782341591e-01
2.389271087646e+02 -2.125678354138e-02
2.389282379150e+02 1.114442954545e-01
2.389293670654e+02 1.084180883405e-01
2.389304962158e+02 9.699307711669e-02
2.389316253662e+02 3.149171025127e-02
2.389327545166e+02 1.089735693239e-01
2.389338836670e+02 -2.830454579325e-02
2.389350128174e+02 -2.200453595727e-01
2.389361267090e+02 -1.919436584088e-01
2.389372558594e+02 -1.606397781378e-01
2.389383850098e+02 -4.710465464214e-02
2.389395141602e+02 2.588766907628e-01
2.389406433105e+02 -1.023253680194e-01
2.389417724609e+02 -1.354421603638e-01
2.389429016113e+02 -4.240375338736e-02
2.389440307617e+02 -1.615587387527e-01
2.389451599121e+02 -1.655234301032e-01
2.389462890625e+02 -6.393542116574e-03
2.389474182129e+02 1.297271637545e-01
2.389485473633e+02 -1.412302847232e-02
2.389496765137e+02 1.080320180707e-01
2.389508056641e+02 2.414311790699e-01
2.389519348145e+02 2.230051833217e-01
2.389530639648e+02 2.635366946462e-01
2.389541931152e+02 1.898042540103e-01
2.389553222656e+02 6.172222049146e-02
2.389564514160e+02 7.801642216261e-02
2.389575805664e+02 -3.773025310435e-02
2.389587097168e+02 3.846399108475e-02
2.389598388672e+02 1.993809603978e-01
2.389609680176e+02 -9.671188050909e-02
2.389620971680e+02 -1.401068029194e-01
2.389632263184e+02 -7.376841323282e-02
2.389643554688e+02 1.619588356650e-02
2.389654846191e+02 1.020162020501e-01
2.389666137695e+02 1.769452140929e-01
2.389677429199e+02 -2.511904416184e-01
2.389688720703e+02 -1.040752612910e-01
2.389700012207e+02 -6.945736261301e-02
2.389711303711e+02 -2.256102554669e-01
2.389722595215e+02 -1.570494611948e-01
2.389733886719e+02 -7.591569879623e-02
2.389745178223e+02 9.424592465772e-03
2.389756469727e+02 6.928797478758e-02
2.389767761230e+02 -1.580824660046e-01
2.389779052734e+02 -1.562567823241e-01
2.389790344238e+02 -5.203368624832e-02
2.389801635742e+02 -1.320082917925e-01
2.389812927246e+02 -6.377679364813e-02
2.389824218750e+02 -1.139512154344e-01
2.389835510254e+02 -2.293195451939e-02
2.389846801758e+02 -5.309512962760e-02
2.389858093262e+02 6.654253703511e-02
2.389869384766e+02 2.109160761877e-03
2.389880676270e+02 -1.285322479262e-01
2.389891967773e+02 1.018126192768e-01
2.389903259277e+02 -1.312683072450e-02
2.389914550781e+02 6.080997374403e-02
2.389925842285e+02 1.037742206273e-01
2.389937133789e+02 -5.503732561218e-02
2.389948425293e+02 -8.644391279727e-02
2.389959716797e+02 -1.191903285372e-01
2.389971008301e+02 -1.842756892946e-01
2.389982299805e+02 1.055714771823e-01
2.389993591309e+02 3.526278243661e-01
2.390004882812e+02 4.036198617002e-02
2.390016174316e+02 -1.566665418651e-01
2.390027465820e+02 -8.114560321944e-02
2.390038757324e+02 -1.398117894776e-01
2.390050048828e+02 -4.418099803965e-02
2.390061187744e+02 -8.735236010605e-02
2.390072479248e+02 -2.047451116536e-01
2.390083770752e+02 -6.518347477574e-02
2.390095062256e+02 -5.203541049157e-02
2.390106353760e+02 7.720773682147e-02
2.390117645264e+02 4.015721321108e-02
2.390128936768e+02 7.385737960667e-02
2.390140228271e+02 -1.516728435078e-01
2.390151519775e+02 -2.147015177661e-01
2.390162811279e+02 3.996182440785e-02
2.390174102783e+02 4.708915171171e-02
2.390185394287e+02 8.720771440826e-02
2.390196685791e+02 1.015400896618e-01
2.390207977295e+02 2.268125260318e-01
2.390219268799e+02 6.455360719211e-02
2.390230560303e+02 7.623528651893e-02
2.390241851807e+02 3.827152433977e-02
2.390253143311e+02 8.203802879894e-02
2.390264434814e+02 -1.142174202810e-01
2.390275726318e+02 -1.783122795875e-01
2.390287017822e+02 -2.856184217693e-01
2.390298309326e+02 -6.113578705296e-02
2.390309600830e+02 -6.027931499690e-02
2.390320892334e+02 -5.455049010932e-02
2.390332183838e+02 3.298652805603e-02
2.390343475342e+02 5.761555373146e-02
2.390354766846e+02 1.797680558713e-02
2.390366058350e+02 8.404716890902e-03
2.390377349854e+02 -4.732275996866e-02
2.390388641357e+02 -1.099974417480e-01
2.390399932861e+02 1.206189327310e-01
2.390411224365e+02 -1.680197375948e-01
2.390422515869e+02 -1.516468883064e-01
2.390433807373e+02 -1.186873225319e-01
2.390445098877e+02 5.003605889514e-02
2.390456390381e+02 -5.076907971243e-02
2.390467681885e+02 3.848252288495e-02
2.390478973389e+02 -8.695273240152e-02
2.390490264893e+02 -2.183121288995e-01
2.390501556396e+02 1.575304029901e-01
2.390512847900e+02 1.872121823540e-01
2.390524139404e+02 5.176168306158e-02
2.390535430908e+02 1.242969858080e-02
2.390546722412e+02 2.314991107271e-03
2.390558013916e+02 -1.410203924403e-01
2.390569305420e+02 -7.088766053251e-02
2.390580596924e+02 2.409260063164e-01
2.390591888428e+02 3.290153354516e-01
2.390603179932e+02 -1.530575329046e-01
2.390614471436e+02 1.265361235639e-01
2.390625762939e+02 2.901883682754e-01
2.390637054443e+02 -3.076165612419e-01
2.390648345947e+02 -4.767375028074e-02
2.390659637451e+02 -1.981362856561e-01
2.390670928955e+02 2.179666431959e-02
2.390682220459e+02 7.115540651691e-02
2.390693511963e+02 1.476108315961e-01
2.390704803467e+02 -9.564482189518e-03
2.390716094971e+02 1.874408048014e-01
2.390727386475e+02 3.721839318624e-02
2.390738677979e+02 -3.502927183592e-02
2.390749969482e+02 -1.159524820089e-01
2.390761260986e+02 -1.954056641885e-01
2.390772399902e+02 2.157051341468e-01
2.390783691406e+02 2.339780231983e-01
2.390794982910e+02 1.353643386286e-02
2.390806274414e+02 -1.000187444510e-03
2.390817565918e+02 1.364014652190e-01
2.390828857422e+02 4.238879977337e-02
2.390840148926e+02 1.701749958758e-01
2.390851440430e+02 -3.087576440597e-01
2.390862731934e+02 -1.508204054943e-02
2.390874023438e+02 1.022061205772e-01
2.390885314941e+02 2.090346626386e-01
2.390896606445e+02 4.743932186384e-02
2.390907897949e+02 5.139834457386e-02
2.390919189453e+02 1.460095741958e-01
2.390930480957e+02 2.956747271786e-01
2.390941772461e+02 -5.046428920112e-02
2.390953063965e+02 -1.209292850712e-02
2.390964355469e+02 -3.915233416554e-02
2.390975646973e+02 -2.685184224829e-02
2.390986938477e+02 -1.502422308757e-02
2.390998229980e+02 -1.482570718612e-01
2.391009521484e+02 -2.747814547400e-03
2.391020812988e+02 -3.085556415248e-03
2.391032104492e+02 -2.328672748545e-01
2.391043395996e+02 -1.781653221831e-01
2.391054687500e+02 8.316679777345e-02
2.391065979004e+02 2.211529951233e-01
2.391077270508e+02 1.782404869816e-01
2.391088562012e+02 -1.628938218240e-01
2.391099853516e+02 5.463775894281e-02
2.391111145020e+02 1.733068929973e-02
2.391122436523e+02 5.448676940317e-02
2.391133728027e+02 -1.683942493313e-02
2.391145019531e+02 3.052564384491e-02
2.391156311035e+02 5.195133455984e-02
2.391167602539e+02 4.487792037499e-02
2.391178894043e+02 9.432812948035e-02
2.391190185547e+02 1.603092841951e-02
2.391201477051e+02 -4.576073387060e-03
2.391212768555e+02 1.067644837545e-02
2.391224060059e+02 -9.858301249494e-02
2.391235351562e+02 1.185310725245e-01
2.391246643066e+02 9.098264744889e-02
2.391257934570e+02 3.775317180661e-02
2.391269226074e+02 1.162728555593e-01
2.391280517578e+02 6.261019050434e-02
2.391291809082e+02 -7.395411270453e-02
2.391303100586e+02 -2.734165130781e-02
2.391314392090e+02 1.573187940933e-01
2.391325683594e+02 8.338441863340e-02
2.391336975098e+02 6.427635975005e-03
2.391348266602e+02 1.542213608560e-02
2.391359558105e+02 -4.309470953590e-02
2.391370849609e+02 2.313767047154e-01
2.391382141113e+02 9.068433810854e-02
2.391393432617e+02 -7.641322689603e-02
2.391404724121e+02 -1.846574642151e-01
2.391416015625e+02 -9.489716789849e-02
2.391427307129e+02 -1.430466223949e-01
2.391438598633e+02 -1.143351895279e-02
2.391449890137e+02 -1.023822680465e-01
2.391461181641e+02 -2.585246704824e-01
2.391472320557e+02 -2.261540482173e-01
2.391483612061e+02 -8.227428064122e-02
2.391494903564e+02 -1.078432363235e-01
2.391506195068e+02 3.708901772233e-02
2.391517486572e+02 6.087837126925e-02
2.391528778076e+02 1.661560442689e-01
2.391540069580e+02 9.333021607235e-03
2.391551361084e+02 1.845537044445e-01
2.391562652588e+02 2.084474738900e-01
2.391573944092e+02 -2.686816533867e-01
2.391585235596e+02 -1.030287123979e-02
2.391596527100e+02 1.558907239571e-01
2.391607818604e+02 1.836167041254e-02
2.391619110107e+02 7.584102227901e-02
2.391630401611e+02 8.645276480270e-03
2.391641693115e+02 -5.349632135808e-02
2.391652984619e+02 -5.885881322045e-02
2.391664276123e+02 -1.271885283800e-01
2.391675567627e+02 2.550966765452e-02
2.391686859131e+02 4.612421254845e-02
2.391698150635e+02 -1.168794611179e-01
2.391709442139e+02 -3.786101711813e-02
2.391720733643e+02 -1.673335193005e-01
2.391732025146e+02 -1.135802561348e-03
2.391743316650e+02 2.187525090169e-02
2.391754608154e+02 2.903570503818e-02
2.391765899658e+02 -1.082699636386e-01
2.391777191162e+02 8.873669855070e-02
2.391788482666e+02 -7.422940416047e-02
2.391799774170e+02 2.022626782166e-02
2.391811065674e+02 -1.267956145430e-01
2.391822357178e+02 3.827342930431e-03
2.391833648682e+02 1.770388878034e-01
2.391844940186e+02 -1.588886794218e-01
2.391856231689e+02 -2.012333164428e-01
2.391867523193e+02 -1.495566019522e-01
2.391878814697e+02 4.606638173515e-02
2.391890106201e+02 -4.343335548705e-02
2.391901397705e+02 7.680828459302e-02
2.391912689209e+02 2.531863523577e-02
2.391923980713e+02 -3.341563192773e-02
2.391935272217e+02 -9.438672323313e-02
2.391946563721e+02 9.411239117359e-03
2.391957855225e+02 3.488333677039e-02
2.391969146729e+02 6.927573723817e-02
2.391980438232e+02 4.092568591909e-03
2.391991729736e+02 1.725531545581e-01
2.392003021240e+02 8.099953082481e-02
2.392014312744e+02 5.644119912246e-02
2.392025604248e+02 7.114807466841e-02
2.392036895752e+02 -2.717052398035e-02
2.392048187256e+02 7.871705238388e-02
2.392059478760e+02 5.634722405086e-02
2.392070770264e+02 -2.082604621623e-01
2.392082061768e+02 -2.950036761213e-01
2.392093353271e+02 -8.018913649921e-02
2.392104644775e+02 -8.698210557186e-02
2.392115936279e+02 -9.125053076239e-02
2.392127227783e+02 -8.233879480444e-02
2.392138519287e+02 -7.482620594663e-02
2.392149810791e+02 -1.959855744944e-01
2.392161102295e+02 -3.281591571273e-02
2.392172393799e+02 6.076649477621e-03
2.392183532715e+02 5.657824212824e-02
2.392194824219e+02 5.998037241679e-02
2.392206115723e+02 5.825279893996e-02
2.392217407227e+02 6.331505885447e-02
2.392228698730e+02 1.785176934157e-02
2.392239990234e+02 -4.113867764368e-02
2.392251281738e+02 -1.071398900376e-01
2.392262573242e+02 -1.111027579626e-01
2.392273864746e+02 -9.935435194808e-02
2.392285156250e+02 -9.899207776095e-02
2.392296447754e+02 2.407440910246e-01
2.392307739258e+02 1.934927002304e-01
2.392319030762e+02 2.634539538586e-02
2.392330322266e+02 4.056658365288e-02
2.392341613770e+02 6.509364628026e-02
2.392352905273e+02 -1.665940721485e-03
2.392364196777e+02 -1.356153628867e-01
2.392375488281e+02 -1.496266092797e-01
2.392386779785e+02 -8.027034377846e-02
2.392398071289e+02 -1.170413950245e-01
2.392409362793e+02 -4.344260612835e-02
2.392420654297e+02 -1.065319035585e-01
2.392431945801e+02 -5.499451326273e-02
2.392443237305e+02 4.548715807483e-02
2.392454528809e+02 -9.703757174771e-02
2.392465820312e+02 -1.512837291094e-01
2.392477111816e+02 2.853918401850e-02
2.392488403320e+02 1.548566205145e-01
2.392499694824e+02 5.734964261654e-02
2.392510986328e+02 2.598583106443e-03
2.392522277832e+02 1.539845806781e-01
2.392533569336e+02 1.446091377279e-01
2.392544860840e+02 9.463832541793e-02
2.392556152344e+02 1.157468621871e-01
2.392567443848e+02 2.528146291650e-02
2.392578735352e+02 -2.550819060366e-01
2.392590026855e+02 -8.505577491396e-02
2.392601318359e+02 1.730908743102e-01
2.392612609863e+02 1.746908957485e-01
2.392623901367e+02 5.952934166416e-02
2.392635192871e+02 1.636355973719e-01
2.392646484375e+02 1.682886585060e-01
2.392657775879e+02 -1.912761206879e-02
2.392669067383e+02 2.120345407107e-01
2.392680358887e+02 -7.376429335957e-02
2.392691650391e+02 -8.473749181778e-02
2.392702941895e+02 9.863286296118e-02
2.392714233398e+02 -1.116320472334e-01
2.392725524902e+02 -6.785914171191e-02
2.392736816406e+02 2.319361987605e-01
2.392748107910e+02 6.477436373336e-02
2.392759399414e+02 -1.565416601148e-02
2.392770690918e+02 1.072384122286e-02
2.392781982422e+02 7.668961698485e-02
2.392793273926e+02 6.751900039936e-02
2.392804565430e+02 9.780909430633e-02
2.392815856934e+02 1.632831498454e-01
2.392827148438e+02 2.091840461906e-02
2.392838439941e+02 -5.614485530498e-03
2.392849731445e+02 1.259777891867e-01
2.392861022949e+02 1.618249893757e-01
2.392872314453e+02 -9.773977362432e-02
2.392883453369e+02 -1.025561190679e-01
2.392894744873e+02 -1.565271223028e-01
2.392906036377e+02 -7.691121275953e-02
2.392917327881e+02 -1.270343001622e-01
2.392928619385e+02 -6.385719984092e-02
2.392939910889e+02 -3.140342098621e-02
2.392951202393e+02 1.966093233033e-01
2.392962493896e+02 4.151216322660e-02
2.392973785400e+02 -1.276689818940e-01
2.392985076904e+02 3.124116664501e-02
2.392996368408e+02 2.831546154999e-01
2.393007659912e+02 1.226517163359e-01
2.393018951416e+02 -2.849714605264e-02
2.393030242920e+02 -9.545621180932e-02
2.393041534424e+02 2.208433485022e-01
2.393052825928e+02 2.367902181561e-01
2.393064117432e+02 4.967987296514e-02
2.393075408936e+02 9.247827969155e-03
2.393086700439e+02 8.450840397731e-02
2.393097991943e+02 -1.308256287725e-01
2.393109283447e+02 -2.321437793368e-01
2.393120574951e+02 -4.888932269565e-02
2.393131866455e+02 -1.342158266874e-01
2.393143157959e+02 -6.726264510154e-02
2.393154449463e+02 -6.442625733254e-02
2.393165740967e+02 -2.927091022284e-03
2.393177032471e+02 1.277144111259e-02
2.393188323975e+02 6.890965598299e-02
2.393199615479e+02 -6.833567371696e-02
2.393210906982e+02 2.462280962594e-02
2.393222198486e+02 -2.086455329814e-01
2.393233489990e+02 -4.424306698180e-02
2.393244781494e+02 -1.227179623718e-01
2.393256072998e+02 -5.778170287876e-02
2.393267364502e+02 -1.973654650018e-02
2.393278656006e+02 -1.213471279561e-01
2.393289947510e+02 -7.904152291931e-02
2.393301239014e+02 -1.772134102116e-02
2.393312530518e+02 2.218556471343e-01
2.393323822021e+02 7.898804086111e-02
2.393335113525e+02 -1.475655892844e-01
2.393346405029e+02 9.025442933568e-02
2.393357696533e+02 1.339233156872e-01
2.393368988037e+02 1.997307834125e-01
2.393380279541e+02 1.472907136305e-02
2.393391571045e+02 -3.727844415344e-02
2.393402862549e+02 1.389602345666e-02
2.393414154053e+02 3.784910000330e-02
2.393425445557e+02 1.830058222909e-01
2.393436737061e+02 3.119632487652e-02
2.393448028564e+02 8.020166778032e-03
2.393459320068e+02 -2.729485908452e-01
2.393470611572e+02 -5.185541780724e-02
2.393481903076e+02 1.714157948850e-02
2.393493194580e+02 6.051195813539e-02
2.393504486084e+02 4.025367546541e-02
2.393515777588e+02 2.656826908419e-01
2.393527069092e+02 3.555299164839e-02
2.393538360596e+02 -5.256586324504e-02
2.393549652100e+02 -1.409193964180e-02
2.393560943604e+02 -1.140685612499e-02
2.393572235107e+02 5.982010934765e-02
2.393583526611e+02 2.899742836400e-02
2.393594665527e+02 4.902726597003e-02
2.393605957031e+02 7.774657809462e-02
2.393617248535e+02 1.253833677718e-01
2.393628540039e+02 5.603039530809e-04
2.393639831543e+02 -1.631316071746e-02
2.393651123047e+02 4.755525338027e-03
2.393662414551e+02 2.654680759635e-02
2.393673706055e+02 -1.138798729627e-01
2.393684997559e+02 -4.071872141646e-02
2.393696289062e+02 5.285516227001e-02
2.393707580566e+02 -5.256120549945e-02
2.393718872070e+02 1.488853525307e-01
2.393730163574e+02 1.067464497723e-01
2.393741455078e+02 1.837160426616e-01
2.393752746582e+02 1.229445096237e-01
2.393764038086e+02 3.496225523117e-02
2.393775329590e+02 9.867372600023e-02
2.393786621094e+02 -4.254841815864e-02
2.393797912598e+02 -1.974553392736e-02
2.393809204102e+02 1.356988399109e-02
2.393820495605e+02 9.007580231304e-02
2.393831787109e+02 2.674586423118e-02
2.393843078613e+02 -1.238604718865e-01
2.393854370117e+02 -6.848981801139e-02
2.393865661621e+02 -7.023276853363e-02
2.393876953125e+02 -8.325793089546e-02
2.393888244629e+02 -9.179655892553e-02
2.393899536133e+02 -1.216273651672e-02
2.393910827637e+02 -8.225834283528e-02
2.393922119141e+02 -1.138515297607e-01
2.393933410645e+02 -1.962341554388e-01
2.393944702148e+02 -5.655200082450e-02
2.393955993652e+02 -1.130698219599e-01
2.393967285156e+02 -8.784084737290e-02
2.393978576660e+02 1.479005349790e-01
2.393989868164e+02 -3.139689022418e-02
2.394001159668e+02 -8.298704160036e-02
2.394012451172e+02 2.726658187676e-02
2.394023742676e+02 -2.347230641273e-02
2.394035034180e+02 -2.130638528934e-01
2.394046325684e+02 1.083531393018e-01
2.394057617188e+02 1.290537170672e-01
2.394068908691e+02 1.015017672112e-01
2.394080200195e+02 -1.331312471681e-01
2.394091491699e+02 -1.717779775194e-01
2.394102783203e+02 7.052646209006e-02
2.394114074707e+02 1.420681830174e-01
2.394125366211e+02 9.038210344453e-03
2.394136657715e+02 8.548354745625e-02
2.394147949219e+02 1.180043848774e-01
2.394159240723e+02 1.111814704298e-01
2.394170532227e+02 9.102982762691e-02
2.394181823730e+02 -2.184891461199e-01
2.394193115234e+02 -2.302737726867e-02
2.394204406738e+02 -1.565553052875e-01
2.394215698242e+02 -1.074513600841e-01
2.394226989746e+02 -1.386840428420e-01
2.394238281250e+02 1.558410413376e-01
2.394249572754e+02 7.899503701622e-02
2.394260864258e+02 -1.586251601222e-01
2.394272155762e+02 -3.168497426802e-02
2.394283447266e+02 4.194928559234e-02
2.394294586182e+02 -6.097703841871e-02
2.394305877686e+02 3.466998577879e-05
2.394317169189e+02 3.845303527369e-02
2.394328460693e+02 3.241986619440e-02
2.394339752197e+02 6.044896985115e-02
2.394351043701e+02 1.038241779050e-01
2.394362335205e+02 8.178805930465e-02
2.394373626709e+02 -8.026520919569e-02
2.394384918213e+02 -1.402544164518e-01
2.394396209717e+02 -4.354194466457e-02
2.394407501221e+02 -6.793941820498e-02
2.394418792725e+02 -1.681894153372e-01
2.394430084229e+02 -8.870904962361e-02
2.394441375732e+02 -5.383297985185e-02
2.394452667236e+02 4.504753326757e-03
2.394463958740e+02 1.728578725902e-01
2.394475250244e+02 4.953256079383e-02
2.394486541748e+02 1.353936526711e-01
2.394497833252e+02 -6.330307688979e-02
2.394509124756e+02 -5.004448556180e-02
2.394520416260e+02 -1.133327232785e-01
2.394531707764e+02 -2.060187323195e-01
2.394542999268e+02 -1.195225886848e-01
2.394554290771e+02 -1.509184336819e-01
2.394565582275e+02 1.947911011710e-01
2.394576873779e+02 1.548538891911e-01
2.394588165283e+02 5.876779453937e-02
2.394599456787e+02 -1.747762953803e-02
2.394610748291e+02 -1.874024289451e-02
2.394622039795e+02 3.797959698826e-02
2.394633331299e+02 8.115079883737e-02
2.394644622803e+02 4.942788549589e-02
2.394655914307e+02 2.972064922354e-02
2.394667205811e+02 -1.108247046657e-02
2.394678497314e+02 1.050772602399e-01
2.394689788818e+02 3.357751242859e-02
2.394701080322e+02 7.097429135785e-03
2.394712371826e+02 9.834721841636e-02
2.394723663330e+02 1.558682935362e-01
2.394734954834e+02 4.373439615076e-02
2.394746246338e+02 -3.215779266511e-02
2.394757537842e+02 -2.444307672251e-01
2.394768829346e+02 -9.221668681414e-02
2.394780120850e+02 3.569931581306e-02
2.394791412354e+02 9.593853452510e-02
2.394802703857e+02 1.298398346583e-01
2.394813995361e+02 4.129331403408e-02
2.394825286865e+02 -4.982488868858e-02
2.394836578369e+02 1.040776340328e-01
2.394847869873e+02 4.968200919571e-03
2.394859161377e+02 -6.850069752851e-02
2.394870452881e+02 -1.239745618577e-01
2.394881744385e+02 -1.277930816314e-01
2.394893035889e+02 3.169082601390e-02
2.394904327393e+02 8.676846725605e-02
2.394915618896e+02 -4.400544947784e-02
2.394926910400e+02 9.682557375180e-02
2.394938201904e+02 -4.874149554019e-03
2.394949493408e+02 9.762804113611e-02
2.394960784912e+02 2.068414099709e-01
2.394972076416e+02 7.841557684466e-02
2.394983367920e+02 -1.258393309282e-01
2.394994506836e+02 -7.177095372632e-02
2.395005798340e+02 3.885695451284e-02
2.395017089844e+02 2.252599899473e-01
2.395028381348e+02 1.427051154207e-01
2.395039672852e+02 -1.185118693375e-01
2.395050964355e+02 2.833905163900e-01
2.395062255859e+02 1.624204178708e-01
2.395073547363e+02 -9.897646038961e-02
2.395084838867e+02 -1.078193868350e-01
2.395096130371e+02 -3.037750388426e-02
2.395107421875e+02 2.780829323290e-03
2.395118713379e+02 1.632188645640e-01
2.395130004883e+02 5.914433188025e-02
2.395141296387e+02 1.620412064270e-01
2.395152587891e+02 1.024476595901e-01
2.395163879395e+02 6.005721949685e-02
2.395175170898e+02 1.222831555274e-01
2.395186462402e+02 1.315491929548e-02
2.395197753906e+02 4.794416655335e-02
2.395209045410e+02 -5.296978248419e-02
2.395220336914e+02 -6.528985810446e-03
2.395231628418e+02 2.061430838269e-02
2.395242919922e+02 3.313913502739e-02
2.395254211426e+02 -1.149743554366e-01
2.395265502930e+02 8.076585008861e-02
2.395276794434e+02 -3.686396535492e-03
2.395288085938e+02 -2.902412361673e-02
2.395299377441e+02 2.133674417750e-01
2.395310668945e+02 1.586231154443e-01
2.395321960449e+02 1.177493189473e-01
2.395333251953e+02 -2.169784839693e-02
2.395344543457e+02 -9.369482103962e-02
2.395355834961e+02 5.438851042633e-02
2.395367126465e+02 8.492831824286e-02
2.395378417969e+02 1.014440813564e-01
2.395389709473e+02 9.425624532166e-02
2.395401000977e+02 -7.724336609562e-02
2.395412292480e+02 -1.836703769185e-02
2.395423583984e+02 4.815801849222e-02
2.395434875488e+02 9.749577794623e-02
2.395446166992e+02 1.870071042193e-01
2.395457458496e+02 -4.458161565816e-03
2.395468750000e+02 1.747546851192e-02
2.395480041504e+02 8.406856173230e-02
2.395491333008e+02 2.567413213605e-03
2.395502624512e+02 -5.891640752250e-02
2.395513916016e+02 -3.764801967149e-02
2.395525207520e+02 -3.640704137158e-02
2.395536499023e+02 -1.696194233397e-01
2.395547790527e+02 1.035234805641e-01
2.395559082031e+02 -4.878445284814e-02
2.395570373535e+02 -1.943096405769e-01
2.395581665039e+02 -3.397992104755e-02
2.395592956543e+02 1.286686004718e-01
2.395604248047e+02 1.352633273475e-01
2.395615539551e+02 3.911608309571e-02
2.395626831055e+02 5.986262796539e-02
2.395638122559e+02 9.358265367589e-02
2.395649414062e+02 -7.516154074039e-02
2.395660705566e+02 -1.356991183838e-01
2.395671997070e+02 -2.043801824370e-01
2.395683288574e+02 -5.785996902628e-02
2.395694580078e+02 -1.103592581715e-01
2.395705718994e+02 -2.242068130174e-01
2.395717010498e+02 -1.801352624622e-01
2.395728302002e+02 -1.543866345302e-01
2.395739593506e+02 -3.771870220048e-02
2.395750885010e+02 5.764861571424e-02
2.395762176514e+02 2.676918347667e-02
2.395773468018e+02 -2.895905060033e-02
2.395784759521e+02 -1.638474656681e-01
2.395796051025e+02 -1.404644536932e-01
2.395807342529e+02 6.464503786051e-02
2.395818634033e+02 5.349480692319e-02
2.395829925537e+02 -1.310345998060e-02
2.395841217041e+02 -4.329501166944e-02
2.395852508545e+02 -1.125705619874e-01
2.395863800049e+02 -4.868941538330e-03
2.395875091553e+02 1.713198170972e-01
2.395886383057e+02 -1.089365896469e-01
2.395897674561e+02 -1.180531443401e-01
2.395908966064e+02 2.159517581514e-02
2.395920257568e+02 1.280728210245e-02
2.395931549072e+02 -1.623543101177e-03
2.395942840576e+02 7.816380681317e-02
2.395954132080e+02 -1.161053426577e-02
2.395965423584e+02 7.331382146012e-03
2.395976715088e+02 -6.349333492495e-02
2.395988006592e+02 -1.837720576789e-01
2.395999298096e+02 -1.123662715877e-02
2.396010589600e+02 1.397965879083e-02
2.396021881104e+02 -8.189956291102e-02
2.396033172607e+02 -9.165696388716e-02
2.396044464111e+02 4.462981626775e-02
2.396055755615e+02 -2.326647106054e-02
2.396067047119e+02 8.569367625041e-02
2.396078338623e+02 1.445181037881e-01
2.396089630127e+02 -3.980138014059e-03
2.396100921631e+02 -7.869727699231e-02
2.396112213135e+02 1.003839235302e-01
2.396123504639e+02 -5.172583825702e-03
2.396134796143e+02 -3.493520139688e-02
2.396146087646e+02 1.364355438186e-02
2.396157379150e+02 4.863635866386e-02
2.396168670654e+02 -1.629739457291e-01
2.396179962158e+02 -9.641232757739e-02
2.396191253662e+02 1.384985264758e-01
2.396202545166e+02 -2.705051550602e-02
2.396213836670e+02 -2.934864946528e-01
2.396225128174e+02 -1.870345700409e-01
2.396236419678e+02 -5.182631929511e-02
2.396247711182e+02 -1.660923083040e-02
2.396259002686e+02 -1.823021326823e-01
2.396270294189e+02 -8.632991437877e-02
2.396281585693e+02 -7.063494445605e-02
2.396292877197e+02 2.488923191032e-02
2.396304168701e+02 -1.110029120717e-01
2.396315460205e+02 -1.554863812866e-01
2.396326751709e+02 -1.243947965578e-01
2.396338043213e+02 -7.511415456871e-02
2.396349334717e+02 9.835013284521e-02
2.396360626221e+02 6.666616374997e-02
2.396371917725e+02 3.658908254843e-02
2.396383209229e+02 4.731507335330e-02
2.396394500732e+02 -1.410240431058e-02
2.396405639648e+02 -8.555585123165e-02
2.396416931152e+02 6.267199241768e-02
2.396428222656e+02 -2.232777701571e-02
2.396439514160e+02 -5.800156296611e-02
2.396450805664e+02 -5.861933795883e-02
2.396462097168e+02 -4.231771288645e-02
2.396473388672e+02 7.348392835602e-02
2.396484680176e+02 9.140707068682e-02
2.396495971680e+02 -1.567250745827e-01
2.396507263184e+02 -8.760390125569e-02
2.396518554688e+02 6.997776363871e-02
2.396529846191e+02 1.632820969889e-02
2.396541137695e+02 -1.448203193786e-01
2.396552429199e+02 -5.455279800127e-02
2.396563720703e+02 5.311098732488e-02
2.396575012207e+02 -1.740170218152e-01
2.396586303711e+02 -2.529012113530e-01
2.396597595215e+02 -1.402395791860e-03
2.396608886719e+02 3.680917914702e-02
2.396620178223e+02 -9.697822077748e-03
2.396631469727e+02 3.108899378622e-01
2.396642761230e+02 1.525196910822e-01
2.396654052734e+02 4.758083569503e-03
2.396665344238e+02 1.494738382764e-01
2.396676635742e+02 1.275493148351e-01
2.396687927246e+02 4.108310513127e-02
2.396699218750e+02 -9.720071300607e-03
2.396710510254e+02 7.751177679105e-03
2.396721801758e+02 -2.519656491748e-02
2.396733093262e+02 1.403031225088e-01
2.396744384766e+02 1.782535027293e-01
2.396755676270e+02 1.061381504881e-01
2.396766967773e+02 -1.978705385732e-01
2.396778259277e+02 -1.412021856618e-01
2.396789550781e+02 -6.538070989253e-02
2.396800842285e+02 -8.626546888010e-02
2.396812133789e+02 1.438315650592e-02
2.396823425293e+02 6.426250762994e-02
2.396834716797e+02 9.695999606043e-02
2.396846008301e+02 -1.798012933301e-01
2.396857299805e+02 -5.386202114351e-02
2.396868591309e+02 -1.006352129098e-01
2.396879882812e+02 -1.166297586524e-01
2.396891174316e+02 7.628486232695e-02
2.396902465820e+02 1.085508016647e-01
2.396913757324e+02 -5.408941525832e-02
2.396925048828e+02 4.175963123305e-03
2.396936340332e+02 -9.160847908261e-02
2.396947631836e+02 4.320156302609e-02
2.396958923340e+02 1.134426247120e-01
2.396970214844e+02 3.735105310465e-02
2.396981506348e+02 -8.608831433067e-02
2.396992797852e+02 2.049777128304e-02
2.397004089355e+02 4.573437717227e-02
2.397015380859e+02 1.255570433172e-01
2.397026672363e+02 6.160692889053e-02
2.397037963867e+02 1.403701543723e-01
2.397049255371e+02 -1.472179196664e-02
2.397060546875e+02 -8.064685441646e-02
2.397071838379e+02 -8.784434163576e-02
2.397083129883e+02 -3.113360362110e-02
2.397094421387e+02 1.368983715231e-02
2.397105712891e+02 3.055668976008e-02
2.397116851807e+02 -1.401926793883e-01
2.397128143311e+02 -1.074457753671e-01
2.397139434814e+02 1.046571476101e-01
2.397150726318e+02 1.388856572315e-01
2.397162017822e+02 -8.122440723930e-02
2.397173309326e+02 -2.116712098524e-02
2.397184600830e+02 -3.856683151322e-02
2.397195892334e+02 4.785317076045e-02
2.397207183838e+02 3.587095430998e-02
2.397218475342e+02 5.240292225829e-02
2.397229766846e+02 -6.436469574515e-02
2.397241058350e+02 -9.888007061452e-02
2.397252349854e+02 -1.929779602158e-01
2.397263641357e+02 -1.570996473544e-01
2.397274932861e+02 -9.002607391712e-02
2.397286224365e+02 -6.292510522267e-02
2.397297515869e+02 7.831741704996e-02
2.397308807373e+02 -5.978292749164e-02
2.397320098877e+02 7.970680615403e-02
2.397331390381e+02 1.368366916801e-01
2.397342681885e+02 -1.413203649887e-01
2.397353973389e+02 -8.264142238229e-02
2.397365264893e+02 -1.750464408094e-01
2.397376556396e+02 -1.835080500980e-01
2.397387847900e+02 -1.204905834207e-01
2.397399139404e+02 7.401845902106e-02
2.397410430908e+02 3.134695964930e-02
2.397421722412e+02 5.340434900263e-02
2.397433013916e+02 -7.556274772966e-02
2.397444305420e+02 -3.176528700071e-02
2.397455596924e+02 -1.664426195999e-01
2.397466888428e+02 -2.014709263174e-01
2.397478179932e+02 -1.637885552954e-02
2.397489471436e+02 1.162967508241e-01
2.397500762939e+02 1.737035604966e-01
2.397512054443e+02 2.050955145023e-01
2.397523345947e+02 1.471859963708e-01
2.397534637451e+02 5.886025517608e-02
2.397545928955e+02 -3.203019485021e-02
2.397557220459e+02 1.899607939348e-02
2.397568511963e+02 1.607355728201e-01
2.397579803467e+02 6.917206139097e-02
2.397591094971e+02 -1.608930854924e-02
2.397602386475e+02 -6.772403561876e-03
2.397613677979e+02 -6.833632984492e-02
2.397624969482e+02 2.036631871637e-01
2.397636260986e+02 9.986382005089e-02
2.397647552490e+02 1.980505846632e-02
2.397658843994e+02 4.534961152899e-02
2.397670135498e+02 3.215820465243e-02
2.397681427002e+02 1.129170280683e-01
2.397692718506e+02 -7.292215693652e-03
2.397704010010e+02 -8.164912802363e-02
2.397715301514e+02 -1.808294153272e-01
2.397726593018e+02 -1.146333596318e-01
2.397737884521e+02 -2.245602218477e-01
2.397749176025e+02 -1.053763096316e-01
2.397760467529e+02 2.062411167829e-03
2.397771759033e+02 1.400104894382e-01
2.397783050537e+02 7.383820693730e-02
2.397794342041e+02 1.525178409539e-02
2.397805633545e+02 7.955749889597e-02
2.397816772461e+02 6.059210874345e-02
2.397828063965e+02 -1.231811810827e-01
2.397839355469e+02 -7.629318599678e-02
2.397850646973e+02 1.300053162335e-01
2.397861938477e+02 1.293947662778e-01
2.397873229980e+02 7.756138979237e-02
2.397884521484e+02 8.660155135456e-02
2.397895812988e+02 -8.688068802554e-03
2.397907104492e+02 -8.339683928829e-02
2.397918395996e+02 -5.344719186966e-02
2.397929687500e+02 -1.202330760843e-01
2.397940979004e+02 -7.904850381564e-02
2.397952270508e+02 -1.243110429681e-02
2.397963562012e+02 -1.454760811285e-02
2.397974853516e+02 -1.459461376846e-02
2.397986145020e+02 -1.094321112158e-02
2.397997436523e+02 8.408382052209e-02
2.398008728027e+02 1.060047581477e-01
2.398020019531e+02 7.896619790352e-02
2.398031311035e+02 4.774822843369e-02
2.398042602539e+02 -3.525057960095e-03
2.398053894043e+02 9.885083668064e-03
2.398065185547e+02 5.371916072413e-02
2.398076477051e+02 -7.657420045257e-03
2.398087768555e+02 5.348589960465e-02
2.398099060059e+02 -3.144347149471e-02
2.398110351562e+02 1.904999441984e-02
2.398121643066e+02 -4.670957787166e-02
2.398132934570e+02 -7.968982312100e-02
2.398144226074e+02 -1.615612411943e-01
2.398155517578e+02 -6.169890124597e-02
2.398166809082e+02 1.640268480008e-01
2.398178100586e+02 8.942722745313e-03
2.398189392090e+02 -1.003878526686e-01
2.398200683594e+02 -1.617644196097e-02
2.398211975098e+02 -1.981326578788e-02
2.398223266602e+02 -5.103870634267e-02
2.398234558105e+02 -1.057337238942e-01
2.398245849609e+02 -5.414470548311e-02
2.398257141113e+02 1.001997728256e-01
2.398268432617e+02 1.639564286859e-01
2.398279724121e+02 2.320698848325e-02
2.398291015625e+02 -1.998056277764e-01
2.398302307129e+02 -1.167516534946e-01
2.398313598633e+02 -2.902773804256e-02
2.398324890137e+02 -7.164368016070e-02
2.398336181641e+02 -8.760879169782e-02
2.398347473145e+02 -2.252619087401e-02
2.398358764648e+02 -5.958784004951e-02
2.398370056152e+02 -3.209960327025e-02
2.398381347656e+02 1.460957863581e-01
2.398392639160e+02 8.778195607372e-02
2.398403930664e+02 -7.845486822836e-02
2.398415222168e+02 3.407095498742e-02
2.398426513672e+02 1.606721572897e-01
2.398437805176e+02 1.265487120654e-01
2.398449096680e+02 -2.343239895539e-02
2.398460388184e+02 -6.724623427313e-02
2.398471679688e+02 1.441913520636e-01
2.398482971191e+02 1.824971881764e-03
2.398494262695e+02 -9.812265480706e-02
2.398505554199e+02 3.379706734014e-02
2.398516845703e+02 1.274678023801e-01
2.398527984619e+02 1.918976111959e-02
2.398539276123e+02 -5.777626693490e-02
2.398550567627e+02 -3.134639316673e-02
2.398561859131e+02 1.126760688894e-01
2.398573150635e+02 9.202584513027e-02
2.398584442139e+02 -1.878282712505e-01
2.398595733643e+02 6.553697515874e-02
2.398607025146e+02 7.921810526412e-02
2.398618316650e+02 4.777821577032e-02
2.398629608154e+02 -5.068741085479e-02
2.398640899658e+02 -6.488755343600e-02
2.398652191162e+02 1.026870394843e-02
2.398663482666e+02 1.266837752432e-02
2.398674774170e+02 3.738821207248e-02
2.398686065674e+02 -6.421919650881e-03
2.398697357178e+02 -1.049942257206e-02
2.398708648682e+02 -7.825558843374e-02
2.398719940186e+02 -1.240042173157e-01
2.398731231689e+02 2.983911846745e-02
2.398742523193e+02 1.074891046080e-02
2.398753814697e+02 8.773305355980e-03
2.398765106201e+02 1.054866154229e-01
2.398776397705e+02 1.099726233264e-01
2.398787689209e+02 -3.072890904469e-03
2.398798980713e+02 -3.589133623844e-02
2.398810272217e+02 8.866535607905e-03
2.398821563721e+02 -6.957316919810e-02
2.398832855225e+02 -1.527303386752e-01
2.398844146729e+02 4.535243440510e-02
2.398855438232e+02 -1.751388632991e-02
2.398866729736e+02 2.295251764597e-02
2.398878021240e+02 -1.330435091268e-01
2.398889312744e+02 -6.114161591066e-02
2.398900604248e+02 -2.633521777307e-02
2.398911895752e+02 2.435803338351e-02
2.398923187256e+02 -1.027392626924e-01
2.398934478760e+02 5.989443491270e-02
2.398945770264e+02 1.484395517282e-01
2.398957061768e+02 1.472142251319e-01
2.398968353271e+02 8.514487861692e-02
2.398979644775e+02 -7.941177745350e-02
2.398990936279e+02 -1.622234612269e-02
2.399002227783e+02 3.516787505295e-02
2.399013519287e+02 -1.175053919337e-01
2.399024810791e+02 7.352993360723e-02
2.399036102295e+02 5.351710764447e-02
2.399047393799e+02 -5.659585077165e-02
2.399058685303e+02 -1.131029182749e-01
2.399069976807e+02 -3.732148919943e-02
2.399081268311e+02 -7.436470384952e-02
2.399092559814e+02 1.440968391196e-01
2.399103851318e+02 4.621483450099e-02
2.399115142822e+02 6.200239857484e-02
2.399126434326e+02 1.678637775044e-02
2.399137725830e+02 -3.747768961579e-02
2.399149017334e+02 -7.995148084827e-02
2.399160308838e+02 -2.305103411488e-01
2.399171600342e+02 -1.302451538914e-01
2.399182891846e+02 -2.896670097606e-02
2.399194183350e+02 -6.381392209838e-02
2.399205474854e+02 -7.337544599003e-02
2.399216766357e+02 -5.334710183805e-02
2.399227905273e+02 -7.888969033153e-02
2.399239196777e+02 5.062735225819e-02
2.399250488281e+02 5.458609268059e-02
2.399261779785e+02 -5.189716585610e-02
2.399273071289e+02 4.494389938204e-02
2.399284362793e+02 4.354354302280e-02
2.399295654297e+02 5.527896189990e-03
2.399306945801e+02 3.221751938303e-02
2.399318237305e+02 5.700960430083e-02
2.399329528809e+02 -2.702108511522e-02
2.399340820312e+02 8.969684073193e-03
2.399352111816e+02 -6.037859249796e-02
2.399363403320e+02 -7.341139569877e-02
2.399374694824e+02 1.417376013367e-01
2.399385986328e+02 -2.325055614279e-02
2.399397277832e+02 -2.591682938650e-02
2.399408569336e+02 8.331695952375e-02
2.399419860840e+02 4.178727157707e-02
2.399431152344e+02 -2.146464068321e-02
2.399442443848e+02 1.033628818016e-01
2.399453735352e+02 2.101713661838e-01
2.399465026855e+02 1.922967315457e-01
2.399476318359e+02 1.911581816869e-01
2.399487609863e+02 1.634390489006e-01
2.399498901367e+02 1.417062903000e-01
2.399510192871e+02 9.076639225063e-02
2.399521484375e+02 1.288101715234e-01
2.399532775879e+02 3.440624781951e-02
2.399544067383e+02 4.498078369165e-02
2.399555358887e+02 2.588674858978e-02
2.399566650391e+02 -7.511349081135e-02
2.399577941895e+02 -1.399504346563e-02
2.399589233398e+02 -1.773361137697e-01
2.399600524902e+02 9.989195725926e-02
2.399611816406e+02 1.886518186529e-02
2.399623107910e+02 4.786429441821e-02
2.399634399414e+02 1.805597925117e-01
2.399645690918e+02 1.066357472524e-01
2.399656982422e+02 5.900536245226e-02
2.399668273926e+02 1.569095838688e-01
2.399679565430e+02 3.305873646400e-02
2.399690856934e+02 1.846280452684e-01
2.399702148438e+02 1.713824696881e-01
2.399713439941e+02 2.940483232927e-03
2.399724731445e+02 -3.809159650530e-02
2.399736022949e+02 -1.906038756303e-02
2.399747314453e+02 -5.015271234306e-02
2.399758605957e+02 7.308732379922e-03
2.399769897461e+02 1.777737968960e-01
2.399781188965e+02 1.351506869613e-01
2.399792480469e+02 5.460086700380e-02
2.399803771973e+02 1.169721658952e-01
2.399815063477e+02 -9.442139120353e-02
2.399826354980e+02 -3.793835247947e-02
2.399837646484e+02 -1.494399618557e-02
2.399848937988e+02 5.761682784041e-02
2.399860229492e+02 8.989778564199e-02
2.399871520996e+02 1.689208912020e-01
2.399882812500e+02 -1.121852260469e-02
2.399894104004e+02 -2.057901289456e-02
2.399905395508e+02 1.496467947513e-02
2.399916687012e+02 3.188590201194e-02
2.399927978516e+02 -3.508509611836e-02
2.399939117432e+02 1.732327781942e-03
2.399950408936e+02 7.062608672858e-02
2.399961700439e+02 -9.695403750302e-02
2.399972991943e+02 4.820442428666e-02
2.399984283447e+02 -3.281024707232e-02
2.399995574951e+02 -2.084940894928e-01
2.400006866455e+02 -5.736165509880e-02
2.400018157959e+02 -4.849208680642e-02
2.400029449463e+02 -4.042254067729e-02
2.400040740967e+02 -2.330378261627e-02
2.400052032471e+02 -3.125165897034e-02
2.400063323975e+02 8.646840315488e-02
2.400074615479e+02 7.993413351163e-03
2.400085906982e+02 -2.622472124683e-02
2.400097198486e+02 -1.966339013989e-02
2.400108489990e+02 1.078517125812e-01
2.400119781494e+02 4.057188989703e-02
2.400131072998e+02 2.608472108759e-01
2.400142364502e+02 1.637716752592e-01
2.400153656006e+02 1.231121426883e-01
2.400164947510e+02 -3.815400114083e-02
2.400176239014e+02 1.220681973262e-01
2.400187530518e+02 7.471963092936e-02
2.400198822021e+02 1.170545862483e-01
2.400210113525e+02 8.740185962012e-02
2.400221405029e+02 1.990150736922e-02
2.400232696533e+02 -1.760376060176e-01
2.400243988037e+02 -1.305899109878e-01
2.400255279541e+02 4.511481690114e-02
2.400266571045e+02 -6.169525820991e-02
2.400277862549e+02 -2.388551825486e-02
2.400289154053e+02 1.085354570442e-02
2.400300445557e+02 -7.844395819366e-02
2.400311737061e+02 1.153391702122e-01
2.400323028564e+02 4.292944539841e-02
2.400334320068e+02 -2.827031651306e-02
2.400345611572e+02 -6.452054902403e-02
2.400356903076e+02 -1.574613741325e-02
2.400368194580e+02 -2.702299437129e-02
2.400379486084e+02 3.901972765290e-02
2.400390777588e+02 -1.622239762111e-02
2.400402069092e+02 4.656798774653e-02
2.400413360596e+02 1.657694780885e-01
2.400424652100e+02 1.475661233420e-01
2.400435943604e+02 1.577676161361e-01
2.400447235107e+02 9.757264409978e-02
2.400458526611e+02 -9.568820644924e-02
2.400469818115e+02 -7.106955293617e-02
2.400481109619e+02 5.745558439403e-02
2.400492401123e+02 -5.163608414814e-02
2.400503692627e+02 4.926291222908e-03
2.400514984131e+02 3.739235864860e-02
2.400526275635e+02 2.456835386621e-03
2.400537567139e+02 -7.475925037705e-02
2.400548858643e+02 -8.285374844218e-02
2.400560150146e+02 5.509114336376e-02
2.400571441650e+02 -1.187730464129e-01
2.400582733154e+02 -1.033868533603e-01
2.400594024658e+02 -1.890805753871e-01
2.400605316162e+02 6.802666510396e-04
2.400616607666e+02 1.526303630845e-01
2.400627899170e+02 -5.965916726237e-02
2.400639038086e+02 7.796561611467e-03
2.400650329590e+02 2.335321918783e-02
2.400661621094e+02 -3.895824617415e-02
2.400672912598e+02 5.381930416150e-02
2.400684204102e+02 -3.656327230551e-02
2.400695495605e+02 -8.472364446605e-02
2.400706787109e+02 -5.597880438615e-02
2.400718078613e+02 -1.222439328082e-01
2.400729370117e+02 -1.071765492801e-01
2.400740661621e+02 3.019355154398e-02
2.400751953125e+02 3.400591439596e-02
2.400763244629e+02 1.417690497024e-01
2.400774536133e+02 1.308333268319e-02
2.400785827637e+02 1.846471683467e-02
2.400797119141e+02 -2.191907569568e-04
2.400808410645e+02 6.404947966572e-02
2.400819702148e+02 5.188300188448e-02
2.400830993652e+02 1.457912209140e-01
2.400842285156e+02 5.453033706271e-03
2.400853576660e+02 5.119085078196e-03
2.400864868164e+02 3.597653750591e-02
2.400876159668e+02 4.866898577113e-02
2.400887451172e+02 2.461713144879e-02
2.400898742676e+02 -1.258807280249e-01
2.400910034180e+02 -4.065832331178e-02
2.400921325684e+02 8.253244792032e-03
2.400932617188e+02 -1.022164488705e-02
2.400943908691e+02 1.589570388001e-01
2.400955200195e+02 2.241296187999e-01
2.400966491699e+02 -5.966799828696e-02
2.400977783203e+02 -7.259463845783e-02
2.400989074707e+02 -1.111923957232e-01
2.401000366211e+02 7.275917398810e-02
2.401011657715e+02 6.514524387792e-02
2.401022949219e+02 -1.950681016114e-02
2.401034240723e+02 -1.036987582824e-01
2.401045532227e+02 9.328484024622e-02
2.401056823730e+02 -4.100098613934e-02
2.401068115234e+02 1.524721980990e-02
2.401079406738e+02 -3.211506996105e-03
2.401090698242e+02 -2.622211771582e-02
2.401101989746e+02 8.343697753482e-02
2.401113281250e+02 -1.638968354824e-02
2.401124572754e+02 -3.888123220107e-03
2.401135864258e+02 -5.302617897124e-02
2.401147155762e+02 3.268545306004e-02
2.401158447266e+02 1.874913686161e-02
2.401169738770e+02 4.727956233477e-02
2.401181030273e+02 -5.271995031900e-02
2.401192321777e+02 -1.712302480012e-02
2.401203613281e+02 1.190052661200e-02
2.401214904785e+02 2.083999732774e-01
2.401226196289e+02 1.300886902609e-01
2.401237487793e+02 7.902083962975e-02
2.401248779297e+02 7.516492056233e-02
2.401260070801e+02 4.372726171286e-03
2.401271362305e+02 -8.176962668658e-02
2.401282653809e+02 6.682345898449e-02
2.401293945312e+02 6.869555227409e-02
2.401305236816e+02 4.365851800384e-02
2.401316528320e+02 -1.111447959285e-01
2.401327819824e+02 -1.755443656377e-01
2.401338958740e+02 5.305192054962e-02
2.401350250244e+02 7.108618501704e-02
2.401361541748e+02 -6.056376172672e-02
2.401372833252e+02 -2.910378403616e-02
2.401384124756e+02 1.406471624421e-01
2.401395416260e+02 6.418564624476e-03
2.401406707764e+02 -3.114860873351e-02
2.401417999268e+02 -6.797780932008e-02
2.401429290771e+02 1.511615705762e-03
2.401440582275e+02 1.351187770172e-02
2.401451873779e+02 4.259042048092e-04
2.401463165283e+02 3.795875729611e-02
2.401474456787e+02 6.043964673059e-02
2.401485748291e+02 -6.645366984339e-02
2.401497039795e+02 8.142712026162e-02
2.401508331299e+02 1.038422214239e-01
2.401519622803e+02 5.392166393809e-03
2.401530914307e+02 -1.771115959368e-02
2.401542205811e+02 1.072207616235e-01
2.401553497314e+02 -4.697544321022e-02
2.401564788818e+02 3.846241561471e-02
2.401576080322e+02 -2.502911114365e-02
2.401587371826e+02 -1.025093051009e-01
2.401598663330e+02 -6.988440273339e-02
2.401609954834e+02 -1.767486808805e-01
2.401621246338e+02 -9.227727946838e-02
2.401632537842e+02 -2.816033764126e-01
2.401643829346e+02 -1.291418365782e-01
2.401655120850e+02 7.012979363708e-03
2.401666412354e+02 7.132183413712e-02
2.401677703857e+02 8.264616786591e-02
2.401688995361e+02 1.039178210979e-01
2.401700286865e+02 5.930164237356e-02
2.401711578369e+02 2.082874587762e-02
2.401722869873e+02 -3.007786893656e-03
2.401734161377e+02 -4.717902216886e-02
2.401745452881e+02 -6.167823607623e-03
2.401756744385e+02 1.101881766204e-01
2.401768035889e+02 -2.509302496886e-03
2.401779327393e+02 2.141168314591e-01
2.401790618896e+02 2.543650747953e-02
2.401801910400e+02 -6.294855035318e-02
2.401813201904e+02 -4.208406266783e-02
2.401824493408e+02 -5.854089538156e-04
2.401835784912e+02 -2.976848743688e-02
2.401847076416e+02 2.428199501930e-02
2.401858367920e+02 -1.641419297934e-02
2.401869659424e+02 3.197311743966e-02
2.401880950928e+02 4.534429765545e-02
2.401892242432e+02 4.916578907841e-02
2.401903533936e+02 -2.055968878171e-01
2.401914825439e+02 -2.115658479089e-02
2.401926116943e+02 -9.854780283751e-02
2.401937408447e+02 -7.057060576892e-02
2.401948699951e+02 1.616436462885e-02
2.401959991455e+02 8.801065862974e-03
2.401971282959e+02 1.097127585070e-01
2.401982574463e+02 4.329839530608e-02
2.401993865967e+02 1.952067849371e-02
2.402005157471e+02 -6.857831136276e-02
2.402016448975e+02 -6.947190423968e-02
2.402027740479e+02 1.619745712920e-02
2.402039031982e+02 3.446737834610e-02
2.402050170898e+02 -2.504458164915e-02
2.402061462402e+02 -2.896856445577e-02
2.402072753906e+02 9.401018589225e-03
2.402084045410e+02 -9.771912848174e-02
2.402095336914e+02 -7.577179314975e-02
2.402106628418e+02 -2.324602313782e-01
2.402117919922e+02 -2.303634371502e-02
2.402129211426e+02 5.824312105253e-02
2.402140502930e+02 1.885360807323e-01
2.402151794434e+02 2.027297764749e-01
2.402163085938e+02 1.438420936241e-01
2.402174377441e+02 1.442226478414e-01
2.402185668945e+02 6.669013530872e-02
2.402196960449e+02 1.211905651434e-01
2.402208251953e+02 -4.982833336037e-02
2.402219543457e+02 7.378836410046e-02
2.402230834961e+02 8.058342362731e-02
2.402242126465e+02 5.695062907830e-02
2.402253417969e+02 1.002264985960e-01
2.402264709473e+02 1.759301841375e-01
2.402276000977e+02 -3.989143179586e-02
2.402287292480e+02 -1.933596741011e-01
2.402298583984e+02 -1.584616774484e-01
2.402309875488e+02 -4.209955796886e-02
2.402321166992e+02 8.521364998249e-02
2.402332458496e+02 1.256091082153e-02
2.402343750000e+02 -7.383918349985e-02
2.402355041504e+02 5.290050376386e-02
2.402366333008e+02 1.127603355560e-01
2.402377624512e+02 1.282890685934e-01
2.402388916016e+02 -2.605346421965e-02
2.402400207520e+02 -4.968967196920e-03
2.402411499023e+02 -1.134150673376e-01
2.402422790527e+02 -9.459304495924e-02
2.402434082031e+02 1.161875284068e-01
2.402445373535e+02 6.959508082024e-02
2.402456665039e+02 -1.093802008130e-01
2.402467956543e+02 -1.454634315918e-01
2.402479248047e+02 6.421990508886e-02
2.402490539551e+02 -9.684456331569e-02
2.402501831055e+02 1.294876923076e-01
2.402513122559e+02 5.843581667936e-02
2.402524414062e+02 -3.944855686638e-02
2.402535705566e+02 -1.680311664283e-01
2.402546997070e+02 3.532420326167e-03
2.402558288574e+02 -5.150249248988e-04
2.402569580078e+02 5.123925261684e-02
2.402580871582e+02 -1.897757620351e-02
2.402592163086e+02 -4.400314158589e-02
2.402603454590e+02 2.584241036136e-02
2.402614746094e+02 -1.180176981715e-02
2.402626037598e+02 -1.187442912235e-01
2.402637329102e+02 -2.092244056896e-01
2.402648620605e+02 -4.268110859463e-02
2.402659912109e+02 7.860573951238e-02
2.402671203613e+02 1.846791355113e-02
2.402682495117e+02 8.483656713987e-02
2.402693786621e+02 -1.157340142861e-01
2.402705078125e+02 -2.978300426801e-02
2.402716369629e+02 -3.834427538845e-03
2.402727661133e+02 -1.179887598766e-01
2.402738952637e+02 -3.221836958373e-03
2.402750091553e+02 4.954122015704e-02
2.402761383057e+02 2.422076149588e-02
2.402772674561e+02 -9.063010646229e-03
2.402783966064e+02 -4.534171510528e-02
2.402795257568e+02 1.368181522505e-01
2.402806549072e+02 2.765535104500e-02
2.402817840576e+02 2.833250895604e-03
2.402829132080e+02 -2.189213208230e-01
2.402840423584e+02 -1.404979772544e-01
2.402851715088e+02 1.168215158637e-01
2.402863006592e+02 1.628287736031e-01
2.402874298096e+02 -7.023101377281e-02
2.402885589600e+02 -1.515008159117e-01
2.402896881104e+02 8.007879256086e-02
2.402908172607e+02 1.382936009289e-01
2.402919464111e+02 5.912195009665e-03
2.402930755615e+02 -6.816274585230e-02
2.402942047119e+02 -6.043580914496e-02
2.402953338623e+02 5.819988527167e-02
2.402964630127e+02 2.039635182937e-02
2.402975921631e+02 -2.951898333567e-02
2.402987213135e+02 -1.613008652053e-01
2.402998504639e+02 -8.455561467291e-02
2.403009796143e+02 4.714524969869e-03
2.403021087646e+02 -2.259618103542e-02
2.403032379150e+02 -1.640871659968e-01
2.403043670654e+02 -2.472175562979e-01
2.403054962158e+02 -3.286678851788e-02
2.403066253662e+02 1.518216682066e-02
2.403077545166e+02 -4.496072601247e-02
2.403088836670e+02 -1.889642271150e-01
2.403100128174e+02 -1.124821296712e-01
2.403111419678e+02 1.640648729050e-02
2.403122711182e+02 -3.801900567391e-03
2.403134002686e+02 -1.575557173224e-01
2.403145294189e+02 -4.413836498098e-02
2.403156585693e+02 6.732751784632e-02
2.403167877197e+02 2.862322371060e-02
2.403179168701e+02 -2.611519556108e-02
2.403190460205e+02 -5.349759165233e-02
2.403201751709e+02 -2.882205909297e-02
2.403213043213e+02 1.961997621266e-01
2.403224334717e+02 -1.400863103647e-01
2.403235626221e+02 -1.005005922369e-01
2.403246917725e+02 -1.294215301950e-01
2.403258209229e+02 6.603702095886e-02
2.403269500732e+02 1.753300101588e-01
2.403280792236e+02 -1.037224780711e-01
2.403292083740e+02 3.848467818901e-02
2.403303375244e+02 1.164010065053e-01
2.403314666748e+02 1.550507580969e-01
2.403325958252e+02 3.765559947531e-02
2.403337249756e+02 -1.385630406390e-01
2.403348541260e+02 -1.343051020518e-02
2.403359832764e+02 3.143477970657e-02
2.403371124268e+02 2.458521768995e-02
2.403382415771e+02 1.659828074138e-02
2.403393707275e+02 -2.391670149914e-02
2.403404998779e+02 -1.320669332290e-02
2.403416290283e+02 -3.447765895572e-02
2.403427581787e+02 -2.968612430430e-02
2.403438873291e+02 -1.282342437617e-01
2.403450164795e+02 -2.724291511233e-01
2.403461303711e+02 -2.410062522919e-01
2.403472595215e+02 -1.730112081688e-01
2.403483886719e+02 -1.197708663608e-02
2.403495178223e+02 2.685112317783e-02
2.403506469727e+02 -7.523804068299e-02
2.403517761230e+02 -3.833920851657e-02
2.403529052734e+02 2.409478492740e-02
2.403540344238e+02 4.259777271420e-02
2.403551635742e+02 1.024557829883e-02
2.403562927246e+02 -1.009262991205e-02
2.403574218750e+02 1.643008653478e-01
2.403585510254e+02 1.150190331731e-01
2.403596801758e+02 7.654967099431e-02
2.403608093262e+02 1.127009788638e-01
2.403619384766e+02 4.631235724122e-02
2.403630676270e+02 -6.895668357312e-02
2.403641967773e+02 -1.103653464286e-01
2.403653259277e+02 -1.660125200922e-01
2.403664550781e+02 -9.111952260797e-03
2.403675842285e+02 1.040118381312e-01
2.403687133789e+02 5.430760069349e-02
2.403698425293e+02 8.498363135584e-02
2.403709716797e+02 -8.626022748581e-02
2.403721008301e+02 -2.047590429287e-01
2.403732299805e+02 -2.529559904083e-01
2.403743591309e+02 -1.774313896531e-01
2.403754882812e+02 -2.154471080115e-01
2.403766174316e+02 -1.118365989399e-01
2.403777465820e+02 -1.381586140451e-02
2.403788757324e+02 -8.176473624446e-02
2.403800048828e+02 7.518939566115e-02
2.403811340332e+02 8.437458439088e-02
2.403822631836e+02 3.522206283018e-02
2.403833923340e+02 -3.226063309358e-02
2.403845214844e+02 -6.228088293255e-02
2.403856506348e+02 1.581973036565e-01
2.403867797852e+02 8.025810622905e-02
2.403879089355e+02 2.656489307695e-02
2.403890380859e+02 -1.039907199661e-01
2.403901672363e+02 6.013843059080e-02
2.403912963867e+02 -3.724149117928e-02
2.403924255371e+02 3.358656089093e-02
2.403935546875e+02 1.544069897558e-01
2.403946838379e+02 9.601691892823e-02
2.403958129883e+02 5.888868611615e-02
2.403969421387e+02 -9.049928713540e-02
2.403980712891e+02 -9.270584546774e-02
2.403992004395e+02 -2.478889964543e-02
2.404003295898e+02 -1.574484327714e-01
2.404014587402e+02 4.516060852929e-02
2.404025878906e+02 1.290763000761e-01
2.404037170410e+02 1.461250221994e-01
2.404048461914e+02 1.211649761530e-01
2.404059753418e+02 8.002713392804e-02
2.404071044922e+02 -1.172061212896e-01
2.404082336426e+02 2.789444865158e-02
2.404093627930e+02 1.185151270891e-01
2.404104919434e+02 1.213233547616e-01
2.404116210938e+02 -1.533874107737e-02
2.404127502441e+02 7.047847128883e-03
2.404138793945e+02 -1.493423227672e-01
2.404150085449e+02 1.104524283419e-01
2.404161224365e+02 -1.035733386597e-01
2.404172515869e+02 -7.818183507330e-02
2.404183807373e+02 2.731315361054e-02
2.404195098877e+02 1.012317896288e-02
2.404206390381e+02 -9.799017799413e-02
2.404217681885e+02 1.851894161447e-01
2.404228973389e+02 -3.837004653073e-02
2.404240264893e+02 -4.610087041477e-02
2.404251556396e+02 8.959895750279e-02
2.404262847900e+02 1.370642154946e-01
2.404274139404e+02 -6.532347512571e-03
2.404285430908e+02 -5.894278997004e-02
2.404296722412e+02 1.188405131519e-01
2.404308013916e+02 9.952345748590e-02
2.404319305420e+02 -5.324788918685e-02
2.404330596924e+02 -1.466341927558e-01
2.404341888428e+02 -9.672956544646e-02
2.404353179932e+02 1.980510615004e-02
2.404364471436e+02 2.205708112578e-01
2.404375762939e+02 3.928417392400e-02
2.404387054443e+02 2.684855970114e-02
2.404398345947e+02 -3.952018544034e-02
2.404409637451e+02 -1.646805498141e-01
2.404420928955e+02 8.360917297757e-02
2.404432220459e+02 7.192836340177e-02
2.404443511963e+02 -4.433852978541e-02
2.404454803467e+02 5.376859920304e-03
2.404466094971e+02 -8.973605772903e-02
2.404477386475e+02 -2.343906513917e-02
2.404488677979e+02 3.781287849737e-04
2.404499969482e+02 -1.292080292083e-01
2.404511260986e+02 -1.201433086240e-01
2.404522552490e+02 -8.788168752377e-02
2.404533843994e+02 7.891314309143e-02
2.404545135498e+02 3.020190573139e-02
2.404556427002e+02 1.484590372028e-01
2.404567718506e+02 1.372975376492e-01
2.404579010010e+02 -1.768066299494e-02
2.404590301514e+02 -9.851409617087e-02
2.404601593018e+02 -1.217895565659e-01
2.404612884521e+02 -1.277448562262e-01
2.404624176025e+02 -7.325320782504e-02
2.404635467529e+02 2.372335355905e-02
2.404646759033e+02 -8.164715963975e-02
2.404658050537e+02 -1.278312438646e-01
2.404669342041e+02 -1.650375902363e-01
2.404680633545e+02 -4.991683052644e-02
2.404691925049e+02 6.036481762548e-02
2.404703216553e+02 1.205488929786e-02
2.404714508057e+02 -7.792498386481e-02
2.404725799561e+02 5.182010896767e-02
2.404737091064e+02 -5.948545619264e-04
2.404748382568e+02 3.585465124677e-03
2.404759674072e+02 7.239236794041e-02
2.404770965576e+02 4.262844669637e-02
2.404782257080e+02 2.915035958464e-02
2.404793548584e+02 -1.431800452528e-01
2.404804840088e+02 -1.970002992740e-01
2.404816131592e+02 -8.076170732719e-02
2.404827423096e+02 -1.095833334520e-01
2.404838714600e+02 1.317578020689e-03
2.404850006104e+02 -1.426179476767e-02
2.404861297607e+02 7.369993941365e-02
2.404872436523e+02 -8.481567022726e-02
2.404883728027e+02 -1.055466969077e-01
2.404895019531e+02 -1.176889551749e-01
2.404906311035e+02 -2.206738195330e-02
2.404917602539e+02 -6.175829227052e-02
2.404928894043e+02 7.876896278673e-02
2.404940185547e+02 1.788202489911e-03
2.404951477051e+02 -2.707463393063e-02
2.404962768555e+02 2.450840684951e-02
2.404974060059e+02 1.636023026926e-01
2.404985351562e+02 1.496217417258e-01
2.404996643066e+02 -3.968859670322e-02
2.405007934570e+02 7.616157893486e-02
2.405019226074e+02 -2.718069014905e-02
2.405030517578e+02 -1.899220671263e-01
2.405041809082e+02 -8.155203634422e-02
2.405053100586e+02 -1.469537118139e-01
2.405064392090e+02 -1.225406781226e-01
2.405075683594e+02 1.566375806821e-01
2.405086975098e+02 1.506793894811e-01
2.405098266602e+02 -2.312161975056e-01
2.405109558105e+02 -9.408567875472e-03
2.405120849609e+02 -1.195505351583e-01
2.405132141113e+02 -9.126879553377e-02
2.405143432617e+02 -5.889104359918e-02
2.405154724121e+02 -3.114935307635e-03
2.405166015625e+02 -3.749462305775e-02
2.405177307129e+02 5.955843636159e-02
2.405188598633e+02 -7.105122712963e-02
2.405199890137e+02 -1.707878041325e-01
2.405211181641e+02 8.275697147530e-03
2.405222473145e+02 2.597646645904e-02
2.405233764648e+02 -4.850012818864e-02
2.405245056152e+02 -1.075523122374e-01
2.405256347656e+02 5.654081994629e-02
2.405267639160e+02 8.357194153049e-02
2.405278930664e+02 -3.496336912283e-02
2.405290222168e+02 6.310174097325e-02
2.405301513672e+02 6.404992217063e-02
2.405312805176e+02 9.060941745069e-02
2.405324096680e+02 6.415095824720e-02
2.405335388184e+02 -3.556921937133e-02
2.405346679688e+02 1.125187583961e-01
2.405357971191e+02 1.074425328742e-01
2.405369262695e+02 1.743013274012e-02
2.405380554199e+02 -6.286365044680e-02
2.405391845703e+02 -7.909637063920e-02
2.405403137207e+02 2.340835110268e-02
2.405414428711e+02 -1.550174329000e-01
2.405425720215e+02 -5.812480058182e-02
2.405437011719e+02 9.153001075613e-02
2.405448303223e+02 -7.517774557515e-02
2.405459594727e+02 -1.874518483505e-02
2.405470886230e+02 -5.117928557298e-02
2.405482177734e+02 -8.109038928860e-02
2.405493469238e+02 -3.599227313288e-02
2.405504760742e+02 3.267996371042e-02
2.405516052246e+02 -3.472449276871e-02
2.405527343750e+02 -1.506908640910e-01
2.405538635254e+02 -1.581600111743e-01
2.405549926758e+02 -7.397581070360e-02
2.405561218262e+02 3.293783344313e-02
2.405572357178e+02 9.563297725961e-02
2.405583648682e+02 4.517286896689e-02
2.405594940186e+02 8.783086049498e-02
2.405606231689e+02 1.122973609857e-01
2.405617523193e+02 -7.132850222825e-02
2.405628814697e+02 -1.089487127554e-01
2.405640106201e+02 -4.890424579207e-02
2.405651397705e+02 -9.666392976219e-02
2.405662689209e+02 -8.436108989866e-03
2.405673980713e+02 2.531333280632e-02
2.405685272217e+02 -2.310713496289e-02
2.405696563721e+02 1.359729640695e-02
2.405707855225e+02 1.096677603359e-01
2.405719146729e+02 6.025137615280e-02
2.405730438232e+02 1.558021009061e-01
2.405741729736e+02 8.104005817049e-02
2.405753021240e+02 4.509440826980e-02
2.405764312744e+02 5.461858627344e-02
2.405775604248e+02 9.989132401949e-02
2.405786895752e+02 1.232255078671e-01
2.405798187256e+02 1.758084495126e-01
2.405809478760e+02 -4.181018646464e-02
2.405820770264e+02 -6.191087635369e-02
2.405832061768e+02 5.190627916830e-02
2.405843353271e+02 -9.118081335185e-02
2.405854644775e+02 -5.895768254887e-02
2.405865936279e+02 -8.712680467541e-02
2.405877227783e+02 -1.607448236998e-04
2.405888519287e+02 2.474286435348e-03
2.405899810791e+02 -4.093586543922e-02
2.405911102295e+02 1.232416364079e-01
2.405922393799e+02 5.084164288726e-02
2.405933685303e+02 -4.424498195992e-02
2.405944976807e+02 3.716075310781e-02
2.405956268311e+02 1.916352477496e-01
2.405967559814e+02 3.118009906093e-02
2.405978851318e+02 -1.024872866672e-01
2.405990142822e+02 -4.349012581445e-02
2.406001434326e+02 1.368224876541e-02
2.406012725830e+02 -4.338468757702e-02
2.406024017334e+02 -2.958595416405e-02
2.406035308838e+02 -5.015116357590e-02
2.406046600342e+02 -2.415752983394e-01
2.406057891846e+02 -3.773009288705e-02
2.406069183350e+02 -3.271010744964e-02
2.406080474854e+02 8.133029370368e-03
2.406091766357e+02 1.642257921021e-01
2.406103057861e+02 1.098038248718e-02
2.406114349365e+02 -1.474080117622e-01
2.406125640869e+02 -5.694048961249e-02
2.406136932373e+02 2.158051974755e-02
2.406148223877e+02 5.594295767424e-02
2.406159515381e+02 3.803886594249e-02
2.406170806885e+02 9.694870455599e-02
2.406182098389e+02 5.348318735477e-02
2.406193389893e+02 3.972278402174e-02
2.406204681396e+02 1.379605625830e-01
2.406215972900e+02 -8.101348498807e-02
2.406227264404e+02 -2.844965345090e-01
2.406238555908e+02 -1.719860006005e-01
2.406249847412e+02 1.387527226549e-01
2.406261138916e+02 8.029459762482e-02
2.406272277832e+02 -9.286196577545e-02
2.406283569336e+02 6.305886377394e-02
2.406294860840e+02 1.252341368077e-01
2.406306152344e+02 9.203153665886e-02
2.406317443848e+02 4.419159145446e-03
2.406328735352e+02 -3.956632802066e-02
2.406340026855e+02 -1.555050885629e-01
2.406351318359e+02 -1.400624456175e-01
2.406362609863e+02 -6.239207373373e-02
2.406373901367e+02 5.165621526024e-03
2.406385192871e+02 -1.099300818205e-02
2.406396484375e+02 1.662945707152e-03
2.406407775879e+02 -1.460013344493e-01
2.406419067383e+02 -8.739248309379e-02
2.406430358887e+02 -1.145189721142e-01
2.406441650391e+02 -1.420325842608e-01
2.406452941895e+02 -6.714147505184e-02
2.406464233398e+02 -7.240877113943e-02
2.406475524902e+02 4.489156173306e-02
2.406486816406e+02 -9.294477904233e-03
2.406498107910e+02 6.333503261030e-02
2.406509399414e+02 2.301766314162e-02
2.406520690918e+02 -1.682621272852e-02
2.406531982422e+02 1.353851687840e-01
2.406543273926e+02 1.537705456338e-01
2.406554565430e+02 1.353192050357e-01
2.406565856934e+02 2.862419836580e-02
2.406577148438e+02 -1.020299959961e-01
2.406588439941e+02 -7.088653901146e-02
2.406599731445e+02 8.740176806738e-02
2.406611022949e+02 7.184293611347e-03
2.406622314453e+02 5.538196063831e-02
2.406633605957e+02 5.536360431420e-02
2.406644897461e+02 -2.205350980603e-02
2.406656188965e+02 -1.190529689115e-01
2.406667480469e+02 2.103675370000e-02
2.406678771973e+02 -1.333801027708e-01
2.406690063477e+02 -3.847654143935e-02
2.406701354980e+02 -1.213759441806e-01
2.406712646484e+02 -8.197129448181e-02
2.406723937988e+02 -5.658664209202e-02
2.406735229492e+02 4.591323307676e-02
2.406746520996e+02 -7.391466110353e-02
2.406757812500e+02 1.125619712888e-01
2.406769104004e+02 1.090662130661e-01
2.406780395508e+02 5.630903130002e-02
2.406791687012e+02 4.826081695901e-02
2.406802978516e+02 8.569038798121e-02
2.406814270020e+02 6.881822531459e-02
2.406825561523e+02 2.161936862635e-02
2.406836853027e+02 -3.156982953293e-02
2.406848144531e+02 1.671360247842e-01
2.406859436035e+02 1.915780272879e-01
2.406870727539e+02 8.593306377398e-02
2.406882019043e+02 1.010978899337e-01
2.406893310547e+02 -1.794252404558e-01
2.406904602051e+02 1.297774262080e-01
