#title: Spectral profile - SDC18.816-0.447_1_SPW_2.image.pbcor.fits-raster
#region (world): Ellipse[[18:26:59.072, -12d44m46.978], [18:26:59.015, -12d44m46.369]]
#region (pixel): Ellipse[[171, 163], [178, 168]]
#coordinate: world
#xLabel: frequency [GHz]
#yLabel: [Kelvin] Mean

# SDC18.816-0.447_1_SPW_2.image.pbcor.fits-raster
2.279978637695e+02 1.301073212432e-01
2.279967346191e+02 3.411304178142e-01
2.279956054688e+02 1.794344415061e-01
2.279944763184e+02 3.716604790787e-02
2.279933471680e+02 8.751796375161e-02
2.279922180176e+02 1.488102697482e-02
2.279910888672e+02 1.921801391329e-01
2.279899597168e+02 2.857162802029e-02
2.279888305664e+02 -1.903475851824e-02
2.279877014160e+02 1.112234931368e-01
2.279865722656e+02 4.554082705321e-02
2.279854431152e+02 -5.517265200411e-02
2.279843139648e+02 -8.881215326620e-02
2.279831848145e+02 -2.710413680068e-02
2.279820556641e+02 3.159950406437e-02
2.279809265137e+02 -1.971007021108e-01
2.279797973633e+02 -1.995527743708e-02
2.279786682129e+02 -5.452052566087e-02
2.279775390625e+02 -7.490469334660e-03
2.279764099121e+02 1.419517126750e-01
2.279752807617e+02 -4.232413302225e-02
2.279741516113e+02 -5.890353673331e-02
2.279730224609e+02 -8.295714200178e-02
2.279718933105e+02 3.455928203699e-02
2.279707641602e+02 -6.615793923852e-02
2.279696350098e+02 -2.045488836169e-01
2.279685058594e+02 3.426866312670e-02
2.279673767090e+02 -1.298105396892e-02
2.279662475586e+02 -6.975941798625e-02
2.279651184082e+02 -1.772387779496e-01
2.279639892578e+02 -1.678835223783e-01
2.279628601074e+02 -2.056021673584e-01
2.279617309570e+02 2.227978430713e-02
2.279606018066e+02 8.964828154078e-02
2.279594726562e+02 -3.015200758144e-02
2.279583587646e+02 8.205324944175e-02
2.279572296143e+02 8.224734887724e-02
2.279561004639e+02 9.874162761478e-02
2.279549713135e+02 7.237657509298e-02
2.279538421631e+02 8.614157132173e-03
2.279527130127e+02 7.759773622964e-02
2.279515838623e+02 1.372092808091e-01
2.279504547119e+02 1.771559417946e-02
2.279493255615e+02 8.761512409558e-02
2.279481964111e+02 1.544987866352e-01
2.279470672607e+02 7.488591359107e-02
2.279459381104e+02 1.579482954660e-01
2.279448089600e+02 1.647533037238e-01
2.279436798096e+02 4.072662928426e-02
2.279425506592e+02 3.160825879501e-02
2.279414215088e+02 1.551738526615e-02
2.279402923584e+02 -5.698832591847e-02
2.279391632080e+02 -8.217385491623e-02
2.279380340576e+02 -1.480063985552e-02
2.279369049072e+02 -6.304182352045e-02
2.279357757568e+02 -7.934000010634e-02
2.279346466064e+02 -5.739058576424e-02
2.279335174561e+02 -8.270395290284e-02
2.279323883057e+02 -5.623870735259e-02
2.279312591553e+02 7.279156076943e-02
2.279301300049e+02 7.239987526498e-02
2.279290008545e+02 5.207903155687e-02
2.279278717041e+02 -4.264581882855e-02
2.279267425537e+02 -7.392798965641e-02
2.279256134033e+02 -8.968953367897e-02
2.279244842529e+02 -5.426986189164e-02
2.279233551025e+02 7.270434152700e-02
2.279222259521e+02 9.514636682390e-02
2.279210968018e+02 4.961852500080e-02
2.279199676514e+02 -3.011880636221e-02
2.279188385010e+02 1.096637854212e-01
2.279177093506e+02 -1.024456378005e-01
2.279165802002e+02 -5.753947340559e-02
2.279154510498e+02 -1.034543887639e-01
2.279143218994e+02 1.424249640402e-01
2.279131927490e+02 1.785249871172e-01
2.279120635986e+02 1.362887027624e-01
2.279109344482e+02 7.729925904261e-02
2.279098052979e+02 -1.211247997595e-01
2.279086761475e+02 1.120695071998e-02
2.279075469971e+02 -1.568494489783e-01
2.279064178467e+02 -3.525290084434e-02
2.279052886963e+02 -4.589629963479e-02
2.279041595459e+02 5.486712144150e-02
2.279030303955e+02 1.818289576110e-01
2.279019012451e+02 1.138933006977e-01
2.279007720947e+02 -1.281897319645e-02
2.278996429443e+02 -2.638749820158e-01
2.278985137939e+02 -6.559817053518e-02
2.278973846436e+02 5.361083857543e-02
2.278962554932e+02 -1.095502829133e-01
2.278951263428e+02 1.837853633436e-01
2.278939971924e+02 7.548529411270e-02
2.278928680420e+02 -3.048395873856e-02
2.278917388916e+02 -1.125553489740e-01
2.278906097412e+02 -7.716170868207e-02
2.278894805908e+02 -7.521184897032e-02
2.278883666992e+02 1.280997985649e-01
2.278872375488e+02 -1.719786534933e-02
2.278861083984e+02 -1.618849831225e-02
2.278849792480e+02 3.625853901467e-02
2.278838500977e+02 -2.371013372505e-02
2.278827209473e+02 1.315813127073e-02
2.278815917969e+02 -1.389634865961e-02
2.278804626465e+02 -1.322704530599e-01
2.278793334961e+02 -5.736274228757e-02
2.278782043457e+02 3.785820950081e-02
2.278770751953e+02 -5.454036208760e-02
2.278759460449e+02 -7.527936148573e-02
2.278748168945e+02 -4.990469978856e-02
2.278736877441e+02 1.146912743684e-01
2.278725585938e+02 3.870404618038e-02
2.278714294434e+02 -3.313850941701e-02
2.278703002930e+02 -3.126889186605e-02
2.278691711426e+02 -1.019468203329e-01
2.278680419922e+02 -3.128387981232e-02
2.278669128418e+02 9.376331011758e-02
2.278657836914e+02 1.588745497825e-01
2.278646545410e+02 2.731763778739e-02
2.278635253906e+02 5.911823934971e-02
2.278623962402e+02 -1.850364772946e-02
2.278612670898e+02 -1.349150454706e-01
2.278601379395e+02 -7.024743986001e-02
2.278590087891e+02 1.031154376370e-01
2.278578796387e+02 2.659312565275e-02
2.278567504883e+02 -1.027242633020e-01
2.278556213379e+02 -1.434820167027e-01
2.278544921875e+02 -6.294370568742e-02
2.278533630371e+02 8.701014359809e-02
2.278522338867e+02 1.596125411505e-01
2.278511047363e+02 2.115154519410e-01
2.278499755859e+02 9.841199984682e-04
2.278488464355e+02 5.486320756192e-02
2.278477172852e+02 6.238062582669e-02
2.278465881348e+02 -1.185956324640e-01
2.278454589844e+02 -1.044623844173e-01
2.278443298340e+02 -2.732379890523e-01
2.278432006836e+02 -8.241109857984e-02
2.278420715332e+02 8.169245154254e-03
2.278409423828e+02 2.046883108086e-02
2.278398132324e+02 2.220379458032e-03
2.278386840820e+02 1.012528734616e-01
2.278375549316e+02 9.699541171153e-02
2.278364257812e+02 1.001525926476e-01
2.278352966309e+02 1.644612810049e-01
2.278341674805e+02 7.478764889219e-03
2.278330383301e+02 -2.077073958824e-02
2.278319091797e+02 -1.895729917923e-02
2.278307800293e+02 -1.105866675451e-01
2.278296508789e+02 -2.086296371372e-02
2.278285217285e+02 7.619521026123e-03
2.278273925781e+02 1.814631357553e-02
2.278262634277e+02 -1.183197230271e-01
2.278251342773e+02 -5.842148104636e-02
2.278240051270e+02 -2.852631513667e-02
2.278228759766e+02 -8.164294821377e-02
2.278217468262e+02 -1.089744314455e-01
2.278206176758e+02 1.910871954127e-03
2.278194885254e+02 1.722199903272e-02
2.278183746338e+02 -9.993559358336e-03
2.278172454834e+02 -9.803679359693e-02
2.278161163330e+02 4.118667798165e-02
2.278149871826e+02 1.894231504766e-02
2.278138580322e+02 1.909865660782e-02
2.278127288818e+02 1.716100087614e-01
2.278115997314e+02 1.126140113914e-01
2.278104705811e+02 1.398291539804e-01
2.278093414307e+02 2.004839420176e-02
2.278082122803e+02 -2.232923995218e-02
2.278070831299e+02 -1.130563637073e-01
2.278059539795e+02 -1.546616589574e-01
2.278048248291e+02 -2.645345622779e-02
2.278036956787e+02 -1.628443986038e-02
2.278025665283e+02 -2.082472327916e-02
2.278014373779e+02 -1.224346753100e-01
2.278003082275e+02 -2.202097272563e-01
2.277991790771e+02 -1.990212344286e-01
2.277980499268e+02 -2.155196177806e-01
2.277969207764e+02 -1.146839120024e-01
2.277957916260e+02 9.557782436392e-02
2.277946624756e+02 1.267204955209e-01
2.277935333252e+02 -5.650321847355e-02
2.277924041748e+02 -1.579950941743e-01
2.277912750244e+02 -1.427153693274e-01
2.277901458740e+02 9.060952616957e-03
2.277890167236e+02 -6.603401497727e-02
2.277878875732e+02 -2.945351740544e-02
2.277867584229e+02 1.206342449266e-01
2.277856292725e+02 9.453031607442e-02
2.277845001221e+02 -3.104557900068e-03
2.277833709717e+02 4.637400656666e-02
2.277822418213e+02 4.126555829546e-02
2.277811126709e+02 -6.694073995014e-04
2.277799835205e+02 -8.957825895445e-02
2.277788543701e+02 -6.740841232038e-02
2.277777252197e+02 -1.154051415898e-01
2.277765960693e+02 -2.633951121505e-02
2.277754669189e+02 4.755576836443e-03
2.277743377686e+02 -1.006302843207e-01
2.277732086182e+02 -1.140691506206e-01
2.277720794678e+02 -8.519902633983e-03
2.277709503174e+02 5.202409228424e-02
2.277698211670e+02 -6.277547180797e-03
2.277686920166e+02 -6.306062234947e-02
2.277675628662e+02 1.204060015648e-03
2.277664337158e+02 6.708661970256e-02
2.277653045654e+02 -8.839790001166e-02
2.277641754150e+02 -9.888274853213e-02
2.277630462646e+02 -6.762309991641e-04
2.277619171143e+02 -1.278437102959e-01
2.277607879639e+02 -8.660886031487e-02
2.277596588135e+02 6.555668951514e-02
2.277585296631e+02 9.817010964330e-02
2.277574005127e+02 -6.675942547315e-02
2.277562713623e+02 -2.295099748904e-01
2.277551422119e+02 -2.374385565048e-02
2.277540130615e+02 -2.897599548639e-02
2.277528839111e+02 -5.923232932095e-02
2.277517547607e+02 -1.448163005948e-02
2.277506256104e+02 8.715106615117e-02
2.277494964600e+02 9.463698264443e-02
2.277483673096e+02 -4.627699118119e-02
2.277472534180e+02 -7.495516560852e-02
2.277461242676e+02 -2.444089624145e-02
2.277449951172e+02 -1.128593269548e-01
2.277438659668e+02 2.186417187589e-01
2.277427368164e+02 -1.600060538950e-02
2.277416076660e+02 5.731397901011e-02
2.277404785156e+02 4.709934458329e-02
2.277393493652e+02 -3.505747389414e-02
2.277382202148e+02 1.462200081658e-01
2.277370910645e+02 -1.106800513386e-01
2.277359619141e+02 -1.488745340487e-01
2.277348327637e+02 -5.449370070843e-02
2.277337036133e+02 6.152559572626e-02
2.277325744629e+02 -1.873420804315e-02
2.277314453125e+02 -1.131185966814e-01
2.277303161621e+02 -3.780487621580e-02
2.277291870117e+02 1.268080104023e-02
2.277280578613e+02 -5.916163916257e-02
2.277269287109e+02 -1.287607177857e-01
2.277257995605e+02 -8.903857844786e-02
2.277246704102e+02 -5.569447209725e-02
2.277235412598e+02 2.900406212286e-02
2.277224121094e+02 -5.083629086674e-02
2.277212829590e+02 3.517444396196e-02
2.277201538086e+02 -7.398165482009e-02
2.277190246582e+02 -2.668985722473e-01
2.277178955078e+02 -1.419160376244e-01
2.277167663574e+02 5.280243170720e-02
2.277156372070e+02 -4.931077809897e-02
2.277145080566e+02 9.513782190162e-02
2.277133789062e+02 7.773569857750e-02
2.277122497559e+02 -3.462721798382e-02
2.277111206055e+02 4.411297054008e-02
2.277099914551e+02 8.539166665354e-02
2.277088623047e+02 -9.677895814900e-02
2.277077331543e+02 -1.863012478625e-01
2.277066040039e+02 3.034406806114e-03
2.277054748535e+02 8.413384646440e-02
2.277043457031e+02 9.029478883467e-02
2.277032165527e+02 1.426555243539e-01
2.277020874023e+02 2.089125541733e-02
2.277009582520e+02 -5.353497568731e-02
2.276998291016e+02 3.476344750536e-03
2.276986999512e+02 -7.700291045676e-02
2.276975708008e+02 -5.091866925811e-02
2.276964416504e+02 1.594048671142e-02
2.276953125000e+02 -9.660111695403e-02
2.276941833496e+02 -7.248455868728e-03
2.276930541992e+02 4.964577338466e-02
2.276919250488e+02 2.229208098435e-02
2.276907958984e+02 3.775160396596e-02
2.276896667480e+02 -1.325051656717e-02
2.276885375977e+02 7.930737681377e-02
2.276874084473e+02 5.013341760338e-02
2.276862792969e+02 -1.941919800488e-02
2.276851501465e+02 -1.002913103056e-01
2.276840209961e+02 -3.675938208655e-02
2.276828918457e+02 -4.651312095315e-02
2.276817626953e+02 -2.322057262086e-02
2.276806335449e+02 -8.386914460857e-02
2.276795043945e+02 -1.377686833015e-01
2.276783752441e+02 2.234977637589e-02
2.276772613525e+02 -1.165700109536e-02
2.276761322021e+02 -1.459285042457e-01
2.276750030518e+02 -7.974019238609e-02
2.276738739014e+02 -6.516702580035e-02
2.276727447510e+02 2.076471045893e-02
2.276716156006e+02 -1.702927021803e-01
2.276704864502e+02 -1.743532339893e-01
2.276693572998e+02 -5.935800452834e-02
2.276682281494e+02 1.139515206102e-01
2.276670989990e+02 -6.993486355122e-02
2.276659698486e+02 1.867958872827e-03
2.276648406982e+02 -2.121604257265e-01
2.276637115479e+02 -5.032871485386e-02
2.276625823975e+02 1.051310398445e-01
2.276614532471e+02 -3.000644063421e-02
2.276603240967e+02 -9.264099561115e-02
2.276591949463e+02 1.585756472567e-02
2.276580657959e+02 1.509193873563e-02
2.276569366455e+02 -1.049055816887e-02
2.276558074951e+02 -1.352946383842e-01
2.276546783447e+02 -7.992403791484e-02
2.276535491943e+02 -1.529398571178e-01
2.276524200439e+02 -2.090066055389e-02
2.276512908936e+02 -2.864149468086e-03
2.276501617432e+02 1.607367935233e-01
2.276490325928e+02 -6.269012748934e-02
2.276479034424e+02 2.456450960486e-02
2.276467742920e+02 1.269961226702e-01
2.276456451416e+02 -6.838434925638e-02
2.276445159912e+02 -2.346678425670e-01
2.276433868408e+02 -2.519715238088e-01
2.276422576904e+02 5.918356699716e-03
2.276411285400e+02 7.773936831645e-02
2.276399993896e+02 3.153179699939e-02
2.276388702393e+02 1.155860650604e-01
2.276377410889e+02 1.120484290891e-01
2.276366119385e+02 5.702432140358e-02
2.276354827881e+02 -4.071521952420e-02
2.276343536377e+02 -2.879620803279e-01
2.276332244873e+02 -1.376000183612e-02
2.276320953369e+02 1.498745188374e-01
2.276309661865e+02 7.858440009486e-02
2.276298370361e+02 8.991925475922e-02
2.276287078857e+02 4.758838116658e-02
2.276275787354e+02 -7.743883119280e-02
2.276264495850e+02 -4.024194527076e-02
2.276253204346e+02 -3.846011916685e-02
2.276241912842e+02 1.017691469847e-02
2.276230621338e+02 9.538383936936e-02
2.276219329834e+02 1.104825034166e-01
2.276208038330e+02 1.307538056489e-01
2.276196746826e+02 2.225382643542e-01
2.276185455322e+02 6.790754259311e-02
2.276174163818e+02 1.290959610267e-02
2.276162872314e+02 -5.092140821087e-02
2.276151580811e+02 -6.109953598313e-02
2.276140289307e+02 9.682529146419e-02
2.276128997803e+02 1.341179873273e-01
2.276117706299e+02 -6.011781596579e-02
2.276106414795e+02 7.161232811606e-03
2.276095123291e+02 -9.066691257061e-02
2.276083831787e+02 -2.185931500311e-01
2.276072540283e+02 3.366731803588e-02
2.276061401367e+02 2.625082827321e-01
2.276050109863e+02 1.028631030303e-01
2.276038818359e+02 3.463646337992e-03
2.276027526855e+02 4.217513475468e-02
2.276016235352e+02 -6.060379316173e-02
2.276004943848e+02 -1.455221779324e-01
2.275993652344e+02 -2.268619072903e-02
2.275982360840e+02 -3.348994604869e-02
2.275971069336e+02 -1.633539849623e-02
2.275959777832e+02 -1.279787353267e-01
2.275948486328e+02 -4.565867068674e-02
2.275937194824e+02 1.439964458196e-02
2.275925903320e+02 1.088706258986e-01
2.275914611816e+02 9.976006790974e-02
2.275903320312e+02 -3.257154237958e-02
2.275892028809e+02 4.579388263774e-02
2.275880737305e+02 1.192242030505e-01
2.275869445801e+02 -4.005366038786e-03
2.275858154297e+02 6.750836693023e-03
2.275846862793e+02 1.726220403646e-02
2.275835571289e+02 1.271364367790e-02
2.275824279785e+02 -8.350488677877e-02
2.275812988281e+02 -1.349766757226e-01
2.275801696777e+02 -7.344796529584e-03
2.275790405273e+02 -8.101028064222e-02
2.275779113770e+02 -7.327145733763e-02
2.275767822266e+02 2.166650951299e-01
2.275756530762e+02 6.557039095470e-03
2.275745239258e+02 -2.236128531809e-02
2.275733947754e+02 -8.202698143513e-02
2.275722656250e+02 -5.253017675042e-02
2.275711364746e+02 -4.354857079403e-02
2.275700073242e+02 -8.206286820137e-03
2.275688781738e+02 -5.745931135344e-02
2.275677490234e+02 -1.050459339445e-02
2.275666198730e+02 -8.974404761283e-03
2.275654907227e+02 9.997244737539e-02
2.275643615723e+02 1.977538393489e-02
2.275632324219e+02 2.016561985430e-02
2.275621032715e+02 2.833429661863e-02
2.275609741211e+02 9.297492659625e-02
2.275598449707e+02 -3.042137052071e-03
2.275587158203e+02 -2.943584963421e-02
2.275575866699e+02 -1.084873250992e-01
2.275564575195e+02 8.199380882614e-02
2.275553283691e+02 -1.169611337902e-01
2.275541992188e+02 -2.140357119179e-02
2.275530700684e+02 5.385578792789e-02
2.275519409180e+02 -2.142301279732e-01
2.275508117676e+02 -2.781557444129e-01
2.275496826172e+02 5.707890304832e-03
2.275485534668e+02 -5.612161902916e-02
2.275474243164e+02 -7.248488198289e-02
2.275462951660e+02 -1.317512879961e-01
2.275451660156e+02 -1.591473464263e-01
2.275440368652e+02 -1.053684971312e-01
2.275429077148e+02 -2.204834089099e-01
2.275417785645e+02 -1.161504037712e-01
2.275406494141e+02 1.520978465797e-01
2.275395202637e+02 -3.806039228018e-02
2.275383911133e+02 -9.510535882634e-02
2.275372619629e+02 1.102719263955e-02
2.275361480713e+02 -8.221141442729e-02
2.275350189209e+02 -2.484479449977e-02
2.275338897705e+02 3.222586594105e-02
2.275327606201e+02 -1.996820544673e-02
2.275316314697e+02 8.603684643272e-02
2.275305023193e+02 1.180160578516e-01
2.275293731689e+02 1.079278920892e-01
2.275282440186e+02 3.453377696986e-02
2.275271148682e+02 -1.022887011475e-01
2.275259857178e+02 8.133909993274e-02
2.275248565674e+02 -1.128083015617e-01
2.275237274170e+02 -1.655258104744e-01
2.275225982666e+02 7.564452053781e-03
2.275214691162e+02 1.327213350393e-01
2.275203399658e+02 -6.847528306045e-03
2.275192108154e+02 6.211743840574e-02
2.275180816650e+02 7.002961300640e-02
2.275169525146e+02 1.118703132359e-01
2.275158233643e+02 8.597743633469e-02
2.275146942139e+02 -6.411958617540e-02
2.275135650635e+02 -1.074602025528e-01
2.275124359131e+02 -1.276504729820e-01
2.275113067627e+02 -3.572787645284e-02
2.275101776123e+02 -1.023629961950e-01
2.275090484619e+02 -1.010317888564e-01
2.275079193115e+02 -1.093767904734e-01
2.275067901611e+02 -1.053420307603e-01
2.275056610107e+02 -5.570243718552e-02
2.275045318604e+02 1.798512353491e-01
2.275034027100e+02 1.334968477714e-01
2.275022735596e+02 1.148358208841e-01
2.275011444092e+02 -3.339670721370e-02
2.275000152588e+02 -2.204668988993e-01
2.274988861084e+02 -3.404993142686e-01
2.274977569580e+02 -1.181799143657e-01
2.274966278076e+02 -1.228394910030e-01
2.274954986572e+02 5.727746091145e-02
2.274943695068e+02 1.003908357620e-01
2.274932403564e+02 -2.197869786705e-02
2.274921112061e+02 -1.274506667591e-01
2.274909820557e+02 -1.211031933131e-01
2.274898529053e+02 1.550633008221e-01
2.274887237549e+02 2.140050760827e-01
2.274875946045e+02 1.980030001273e-01
2.274864654541e+02 1.878358214904e-03
2.274853363037e+02 -1.104757514021e-01
2.274842071533e+02 -2.966708133465e-02
2.274830780029e+02 1.741231619569e-01
2.274819488525e+02 8.821131553014e-02
2.274808197021e+02 1.431882392230e-01
2.274796905518e+02 -2.838623896958e-03
2.274785614014e+02 8.413098544132e-02
2.274774322510e+02 4.656627494737e-02
2.274763031006e+02 -1.206541957942e-01
2.274751739502e+02 5.260898077028e-02
2.274740447998e+02 2.751573006669e-01
2.274729156494e+02 9.107303289019e-02
2.274717864990e+02 -1.413091488246e-04
2.274706573486e+02 -7.174195439633e-02
2.274695281982e+02 -3.116964726676e-03
2.274683990479e+02 8.592501476237e-02
2.274672698975e+02 -5.929044623656e-02
2.274661407471e+02 3.379523247067e-02
2.274650268555e+02 2.086331848058e-02
2.274638977051e+02 1.429189978772e-01
2.274627685547e+02 -3.987992285367e-02
2.274616394043e+02 -2.402849311517e-02
2.274605102539e+02 1.512547526676e-01
2.274593811035e+02 5.504109834795e-02
2.274582519531e+02 4.724780497853e-02
2.274571228027e+02 -8.371737305595e-02
2.274559936523e+02 5.076068356335e-02
2.274548645020e+02 -1.000212144675e-02
2.274537353516e+02 6.336027064861e-02
2.274526062012e+02 1.397707147229e-02
2.274514770508e+02 7.879718391845e-02
2.274503479004e+02 1.615444870431e-01
2.274492187500e+02 1.213379879410e-01
2.274480895996e+02 1.921540618612e-01
2.274469604492e+02 1.412913580293e-01
2.274458312988e+02 -4.115910725586e-03
2.274447021484e+02 -3.677095206391e-02
2.274435729980e+02 8.652708083101e-02
2.274424438477e+02 8.107516101639e-02
2.274413146973e+02 -3.986686132961e-02
2.274401855469e+02 1.763661468352e-02
2.274390563965e+02 7.049576140501e-02
2.274379272461e+02 9.158565193309e-02
2.274367980957e+02 6.293850625480e-02
2.274356689453e+02 4.412422389755e-02
2.274345397949e+02 7.149614292225e-02
2.274334106445e+02 9.438934774497e-03
2.274322814941e+02 1.694874500668e-01
2.274311523438e+02 1.508654704226e-01
2.274300231934e+02 7.393742721789e-02
2.274288940430e+02 -2.723035560245e-02
2.274277648926e+02 -6.726152358049e-02
2.274266357422e+02 1.025360766475e-01
2.274255065918e+02 1.222354565505e-01
2.274243774414e+02 1.009442339206e-01
2.274232482910e+02 2.292633737739e-02
2.274221191406e+02 -3.435210391130e-03
2.274209899902e+02 -7.920071024377e-02
2.274198608398e+02 9.272279798320e-02
2.274187316895e+02 9.885446636526e-02
2.274176025391e+02 7.393745535129e-04
2.274164733887e+02 4.840241471354e-02
2.274153442383e+02 1.183145007063e-02
2.274142150879e+02 -1.959898278820e-02
2.274130859375e+02 8.118258289649e-02
2.274119567871e+02 1.722009969486e-01
2.274108276367e+02 -1.578634527801e-02
2.274096984863e+02 3.493877576839e-03
2.274085693359e+02 -9.689058382569e-02
2.274074401855e+02 -1.708353352627e-01
2.274063110352e+02 -5.560144307061e-02
2.274051818848e+02 1.154825494304e-01
2.274040527344e+02 1.634067002663e-01
2.274029235840e+02 -2.077365973914e-02
2.274017944336e+02 -1.008408479904e-01
2.274006652832e+02 -1.460604355569e-02
2.273995361328e+02 8.745571551867e-02
2.273984069824e+02 1.776678703772e-01
2.273972778320e+02 1.376108311211e-01
2.273961486816e+02 1.953271958620e-02
2.273950347900e+02 -6.064452268637e-02
2.273939056396e+02 -1.842338268048e-02
2.273927764893e+02 1.169234045251e-02
2.273916473389e+02 9.410444325146e-02
2.273905181885e+02 -1.146214119994e-01
2.273893890381e+02 -8.932993740945e-02
2.273882598877e+02 5.156981522409e-02
2.273871307373e+02 -1.465840504652e-02
2.273860015869e+02 -4.549381853657e-02
2.273848724365e+02 2.156320865054e-02
2.273837432861e+02 -1.092848486356e-01
2.273826141357e+02 6.515323185438e-02
2.273814849854e+02 -1.925998588489e-02
2.273803558350e+02 -1.126186729516e-01
2.273792266846e+02 1.009029722456e-02
2.273780975342e+02 8.593820980084e-03
2.273769683838e+02 -1.353896396094e-01
2.273758392334e+02 -1.564866044939e-02
2.273747100830e+02 2.960156390600e-02
2.273735809326e+02 7.630442409546e-02
2.273724517822e+02 2.250372802810e-02
2.273713226318e+02 1.420211554273e-01
2.273701934814e+02 2.486674312447e-01
2.273690643311e+02 1.649267809049e-01
2.273679351807e+02 2.287788881247e-02
2.273668060303e+02 5.499954103397e-02
2.273656768799e+02 2.143298632380e-02
2.273645477295e+02 -1.076502660384e-01
2.273634185791e+02 -1.505952372554e-01
2.273622894287e+02 1.842467014087e-02
2.273611602783e+02 -1.555594098545e-01
2.273600311279e+02 -1.893686308207e-01
2.273589019775e+02 -7.188585241342e-02
2.273577728271e+02 -4.053295328019e-02
2.273566436768e+02 1.291853870716e-02
2.273555145264e+02 4.273870289668e-02
2.273543853760e+02 -5.630087547688e-02
2.273532562256e+02 -1.489316629577e-01
2.273521270752e+02 -1.213808784917e-02
2.273509979248e+02 -6.484422610240e-02
2.273498687744e+02 2.931625123986e-02
2.273487396240e+02 7.892021554050e-02
2.273476104736e+02 2.048162557610e-02
2.273464813232e+02 -3.264286959245e-02
2.273453521729e+02 1.804657373314e-01
2.273442230225e+02 1.669589312700e-01
2.273430938721e+02 6.926251549682e-02
2.273419647217e+02 -5.936675162958e-02
2.273408355713e+02 -3.007675504490e-02
2.273397064209e+02 -1.987308596589e-01
2.273385772705e+02 5.844185534542e-02
2.273374481201e+02 1.226331692769e-01
2.273363189697e+02 -1.384720963445e-02
2.273351898193e+02 1.499379324604e-02
2.273340606689e+02 -1.321336427506e-02
2.273329315186e+02 -7.961704632311e-02
2.273318023682e+02 -8.671729690449e-02
2.273306732178e+02 5.142947250502e-02
2.273295440674e+02 1.995062350620e-01
2.273284149170e+02 7.999006269825e-02
2.273272857666e+02 -2.989011525027e-02
2.273261566162e+02 -8.313155759844e-02
2.273250427246e+02 3.765562951605e-03
2.273239135742e+02 4.685656579368e-02
2.273227844238e+02 -6.226631460300e-02
2.273216552734e+02 -1.378581398640e-02
2.273205261230e+02 1.485883187298e-03
2.273193969727e+02 2.507624173061e-02
2.273182678223e+02 -6.499399875355e-02
2.273171386719e+02 -1.036516467689e-01
2.273160095215e+02 -2.228467474926e-02
2.273148803711e+02 -1.317286439521e-01
2.273137512207e+02 -9.012366150721e-02
2.273126220703e+02 -1.392988557222e-02
2.273114929199e+02 6.243748770683e-02
2.273103637695e+02 1.098386358933e-01
2.273092346191e+02 -9.404685657880e-02
2.273081054688e+02 -3.261322939328e-02
2.273069763184e+02 -2.652483410460e-04
2.273058471680e+02 -7.693569071937e-03
2.273047180176e+02 1.553381726614e-01
2.273035888672e+02 1.203454341829e-01
2.273024597168e+02 -2.254348480489e-02
2.273013305664e+02 -1.510670542944e-01
2.273002014160e+02 -6.920736260114e-02
2.272990722656e+02 -1.776423576807e-01
2.272979431152e+02 -1.345446536073e-01
2.272968139648e+02 -2.369204442976e-02
2.272956848145e+02 -6.936649651983e-02
2.272945556641e+02 -1.167486436983e-02
2.272934265137e+02 -1.130443531324e-02
2.272922973633e+02 6.143309884992e-03
2.272911682129e+02 -4.075520518284e-02
2.272900390625e+02 -9.730009922600e-02
2.272889099121e+02 -2.398351706933e-01
2.272877807617e+02 -9.159518867671e-02
2.272866516113e+02 6.152437883778e-02
2.272855224609e+02 1.658901598569e-01
2.272843933105e+02 1.462836830956e-01
2.272832641602e+02 -1.060866978489e-01
2.272821350098e+02 -5.530274844583e-02
2.272810058594e+02 -9.558836818766e-02
2.272798767090e+02 -2.076891234816e-02
2.272787475586e+02 5.695132716793e-02
2.272776184082e+02 1.071360066756e-02
2.272764892578e+02 -5.053687907884e-02
2.272753601074e+02 -1.477717965696e-01
2.272742309570e+02 1.413886938494e-01
2.272731018066e+02 3.619947605410e-02
2.272719726562e+02 -7.472564098519e-03
2.272708435059e+02 -2.957238909993e-02
2.272697143555e+02 -4.346905724045e-02
2.272685852051e+02 3.873393814958e-02
2.272674560547e+02 -1.577288321072e-02
2.272663269043e+02 6.342067423691e-04
2.272651977539e+02 3.714844462887e-04
2.272640686035e+02 -9.937375349930e-02
2.272629394531e+02 -1.127683311619e-01
2.272618103027e+02 -8.511625312728e-02
2.272606811523e+02 2.432901116533e-02
2.272595520020e+02 3.013698530289e-02
2.272584228516e+02 -1.066297963244e-01
2.272572937012e+02 1.020211649715e-02
2.272561645508e+02 1.231487714132e-01
2.272550354004e+02 2.141020304330e-02
2.272539215088e+02 -6.080141356296e-02
2.272527923584e+02 1.241263639279e-01
2.272516632080e+02 2.059752295099e-01
2.272505340576e+02 -3.325103536230e-02
2.272494049072e+02 4.024466133535e-02
2.272482757568e+02 1.933523803996e-01
2.272471466064e+02 1.226877041916e-01
2.272460174561e+02 4.900417560638e-02
2.272448883057e+02 -8.780211293502e-02
2.272437591553e+02 -1.278916381546e-01
2.272426300049e+02 -7.941717906508e-02
2.272415008545e+02 5.420905179965e-02
2.272403717041e+02 -1.719971547759e-02
2.272392425537e+02 3.987407492248e-02
2.272381134033e+02 1.560286328992e-01
2.272369842529e+02 4.702744135112e-02
2.272358551025e+02 8.756445728409e-02
2.272347259521e+02 -2.539818884368e-03
2.272335968018e+02 4.438549252568e-02
2.272324676514e+02 1.567847059332e-01
2.272313385010e+02 1.812802210127e-02
2.272302093506e+02 4.550139834040e-02
2.272290802002e+02 1.552632672623e-01
2.272279510498e+02 -1.204476985921e-02
2.272268218994e+02 -4.789732206870e-02
2.272256927490e+02 -4.019859886368e-02
2.272245635986e+02 -1.064108784673e-01
2.272234344482e+02 -1.205464305914e-01
2.272223052979e+02 1.354246280144e-01
2.272211761475e+02 -1.106750922319e-01
2.272200469971e+02 1.482216142484e-02
2.272189178467e+02 2.073863471306e-01
2.272177886963e+02 7.200320776567e-02
2.272166595459e+02 7.053216887744e-02
2.272155303955e+02 -2.423559113221e-02
2.272144012451e+02 -9.501294396600e-02
2.272132720947e+02 -5.189216860244e-02
2.272121429443e+02 -3.816904630756e-02
2.272110137939e+02 2.063138373140e-01
2.272098846436e+02 5.729740414970e-02
2.272087554932e+02 -1.496762003465e-01
2.272076263428e+02 8.765185963199e-02
2.272064971924e+02 -3.622162418748e-02
2.272053680420e+02 -4.730083308773e-02
2.272042388916e+02 2.490482925451e-03
2.272031097412e+02 -9.420649403756e-02
2.272019805908e+02 -4.628037100313e-02
2.272008514404e+02 5.917442602841e-02
2.271997222900e+02 -9.333266892281e-02
2.271985931396e+02 -6.064036085145e-02
2.271974639893e+02 -5.753568159632e-02
2.271963348389e+02 -1.342623583669e-02
2.271952056885e+02 2.082224677758e-01
2.271940765381e+02 6.453873750146e-02
2.271929473877e+02 -9.416351002673e-02
2.271918182373e+02 -2.430449029014e-02
2.271906890869e+02 4.103951458355e-02
2.271895599365e+02 7.982285687976e-02
2.271884307861e+02 5.113144163760e-02
2.271873016357e+02 9.162070137323e-02
2.271861724854e+02 -1.056996204990e-01
2.271850433350e+02 -1.776935661792e-02
2.271839294434e+02 1.331199861813e-01
2.271828002930e+02 1.415900030631e-01
2.271816711426e+02 1.456243965652e-01
2.271805419922e+02 1.562458303278e-02
2.271794128418e+02 1.604560928263e-01
2.271782836914e+02 8.419050998028e-02
2.271771545410e+02 6.090165618247e-02
2.271760253906e+02 -4.745110260323e-03
2.271748962402e+02 3.820999708465e-02
2.271737670898e+02 4.936039205397e-02
2.271726379395e+02 2.472331545957e-02
2.271715087891e+02 7.111825136378e-02
2.271703796387e+02 3.390967291723e-03
2.271692504883e+02 4.877660983019e-03
2.271681213379e+02 6.684923108044e-02
2.271669921875e+02 1.505324473355e-01
2.271658630371e+02 -5.667978937427e-02
2.271647338867e+02 8.768079029743e-02
2.271636047363e+02 -2.498806690647e-02
2.271624755859e+02 -2.271698296682e-02
2.271613464355e+02 -1.402877569075e-01
2.271602172852e+02 -1.441458656112e-01
2.271590881348e+02 2.385667342012e-02
2.271579589844e+02 -1.844891292462e-01
2.271568298340e+02 -8.730360064328e-02
2.271557006836e+02 2.460819933472e-02
2.271545715332e+02 -1.413185797103e-01
2.271534423828e+02 -1.831985179178e-02
2.271523132324e+02 1.211211681675e-01
2.271511840820e+02 -7.445656939343e-02
2.271500549316e+02 -3.379368751820e-02
2.271489257812e+02 -1.079160436389e-01
2.271477966309e+02 6.638492136601e-02
2.271466674805e+02 8.051753617301e-02
2.271455383301e+02 1.036162158590e-01
2.271444091797e+02 9.122442297306e-02
2.271432800293e+02 -9.462221595061e-03
2.271421508789e+02 -3.564230897441e-02
2.271410217285e+02 -7.275129282318e-02
2.271398925781e+02 8.668455154161e-02
2.271387634277e+02 6.731358657125e-02
2.271376342773e+02 9.714748843994e-02
2.271365051270e+02 1.244544431671e-01
2.271353759766e+02 2.964709422738e-02
2.271342468262e+02 3.916205782934e-02
2.271331176758e+02 3.729469476457e-02
2.271319885254e+02 -2.400912398888e-02
2.271308593750e+02 -2.336401668895e-02
2.271297302246e+02 1.591057814829e-01
2.271286010742e+02 6.466957399449e-02
2.271274719238e+02 6.506879734109e-02
2.271263427734e+02 -4.651145393037e-02
2.271252136230e+02 -6.889113181219e-02
2.271240844727e+02 3.771719158029e-02
2.271229553223e+02 -5.543987537495e-02
2.271218261719e+02 -9.358933702582e-02
2.271206970215e+02 1.263812849945e-01
2.271195678711e+02 1.699959492365e-01
2.271184387207e+02 9.382864825545e-02
2.271173095703e+02 6.327098002547e-02
2.271161804199e+02 1.032526065278e-01
2.271150512695e+02 8.025452041345e-03
2.271139221191e+02 9.279396974714e-04
2.271128082275e+02 3.509382414612e-02
2.271116790771e+02 8.943212552465e-02
2.271105499268e+02 1.347126681417e-01
2.271094207764e+02 3.993517111679e-02
2.271082916260e+02 1.399845647544e-01
2.271071624756e+02 -3.535880066017e-02
2.271060333252e+02 3.205482635162e-02
2.271049041748e+02 1.188617381285e-01
2.271037750244e+02 1.772020614867e-02
2.271026458740e+02 -9.918201917622e-03
2.271015167236e+02 1.552958085389e-02
2.271003875732e+02 7.003746365375e-02
2.270992584229e+02 1.597511367382e-01
2.270981292725e+02 -8.590710857256e-02
2.270970001221e+02 -5.672077448364e-03
2.270958709717e+02 -2.264142143979e-02
2.270947418213e+02 3.922854419114e-02
2.270936126709e+02 6.937580438160e-02
2.270924835205e+02 -9.064954949834e-04
2.270913543701e+02 7.336860242281e-02
2.270902252197e+02 -6.005470942593e-02
2.270890960693e+02 -1.467322514610e-02
2.270879669189e+02 -1.195609054133e-02
2.270868377686e+02 -1.322606874344e-01
2.270857086182e+02 -5.406509656209e-02
2.270845794678e+02 4.908934254158e-02
2.270834503174e+02 5.253283559454e-02
2.270823211670e+02 1.271059692673e-03
2.270811920166e+02 9.456807824128e-04
2.270800628662e+02 9.783329474693e-02
2.270789337158e+02 8.954312559096e-02
2.270778045654e+02 -6.233885488965e-02
2.270766754150e+02 9.241698704033e-03
2.270755462646e+02 2.810735645283e-02
2.270744171143e+02 -6.656951457546e-02
2.270732879639e+02 -6.781551683190e-02
2.270721588135e+02 4.979489753725e-02
2.270710296631e+02 -2.118099694721e-02
2.270699005127e+02 -1.387606267080e-01
2.270687713623e+02 -4.672114403432e-02
2.270676422119e+02 1.664841921727e-02
2.270665130615e+02 1.509796061702e-01
2.270653839111e+02 8.046387100933e-02
2.270642547607e+02 7.658884030770e-02
2.270631256104e+02 -5.445883532744e-03
2.270619964600e+02 1.226157742566e-01
2.270608673096e+02 7.219852027495e-02
2.270597381592e+02 1.135167824303e-01
2.270586090088e+02 -3.356726996594e-02
2.270574798584e+02 -9.240477428645e-02
2.270563507080e+02 -1.416104345826e-01
2.270552215576e+02 -8.984042785118e-02
2.270540924072e+02 -3.610532550641e-02
2.270529632568e+02 1.670247157274e-02
2.270518341064e+02 -9.770617376921e-02
2.270507049561e+02 -1.486921152168e-01
2.270495758057e+02 6.513746952453e-02
2.270484466553e+02 -1.591162280319e-02
2.270473175049e+02 -4.903033680147e-02
2.270461883545e+02 2.070736601956e-02
2.270450592041e+02 1.464191048549e-01
2.270439300537e+02 8.816889609454e-02
2.270428161621e+02 5.928255362754e-02
2.270416870117e+02 1.555294263326e-01
2.270405578613e+02 8.823689689122e-02
2.270394287109e+02 1.037524615930e-01
2.270382995605e+02 -2.035468675018e-03
2.270371704102e+02 5.112401060697e-02
2.270360412598e+02 -2.752562462893e-02
2.270349121094e+02 2.356427113877e-02
2.270337829590e+02 -1.214370327455e-01
2.270326538086e+02 -5.280438673964e-03
2.270315246582e+02 1.241371824099e-01
2.270303955078e+02 1.622894974544e-01
2.270292663574e+02 9.473752281034e-02
2.270281372070e+02 -4.719094560178e-04
2.270270080566e+02 -3.295028366192e-03
2.270258789062e+02 1.256105635223e-01
2.270247497559e+02 1.533962932967e-01
2.270236206055e+02 2.298007463886e-01
2.270224914551e+02 1.732389761239e-01
2.270213623047e+02 3.591123751502e-02
2.270202331543e+02 -1.517566562254e-02
2.270191040039e+02 -1.244025403937e-01
2.270179748535e+02 -3.806899060823e-02
2.270168457031e+02 -9.029393434244e-02
2.270157165527e+02 -7.021760892598e-02
2.270145874023e+02 -9.979736802137e-02
2.270134582520e+02 -1.022524691512e-01
2.270123291016e+02 -1.937349487771e-01
2.270111999512e+02 -1.074982732333e-01
2.270100708008e+02 5.390465038748e-02
2.270089416504e+02 2.551464011264e-02
2.270078125000e+02 2.003695392412e-02
2.270066833496e+02 -2.837221518809e-03
2.270055541992e+02 1.599400977762e-02
2.270044250488e+02 7.223443946611e-02
2.270032958984e+02 1.233620130005e-02
2.270021667480e+02 -4.787834776360e-02
2.270010375977e+02 -1.109823508524e-01
2.269999084473e+02 1.371633671106e-01
2.269987792969e+02 1.095707983562e-01
2.269976501465e+02 -1.224740811346e-01
2.269965209961e+02 2.027635289179e-02
2.269953918457e+02 3.095535997555e-02
2.269942626953e+02 -6.880009787232e-02
2.269931335449e+02 -3.346217505128e-02
2.269920043945e+02 -1.089707388184e-01
2.269908752441e+02 -1.468559640065e-01
2.269897460938e+02 -1.155095880059e-01
2.269886169434e+02 -1.106756720659e-01
2.269874877930e+02 -8.046039963465e-02
2.269863586426e+02 -3.903496355450e-02
2.269852294922e+02 -2.428317376081e-02
2.269841003418e+02 4.395293253809e-02
2.269829711914e+02 -1.783928002212e-02
2.269818420410e+02 3.386910360989e-03
2.269807128906e+02 2.619519358124e-02
2.269795837402e+02 -7.610679225013e-02
2.269784545898e+02 6.479487917622e-02
2.269773254395e+02 9.968211647476e-03
2.269761962891e+02 -2.571554687572e-02
2.269750671387e+02 -7.906818765446e-02
2.269739379883e+02 6.870413534335e-02
2.269728088379e+02 6.882040350683e-03
2.269716949463e+02 7.768745791359e-02
2.269705657959e+02 -6.520678257714e-02
2.269694366455e+02 3.339621511773e-02
2.269683074951e+02 8.053263474550e-02
2.269671783447e+02 9.768852697882e-03
2.269660491943e+02 5.591011694392e-02
2.269649200439e+02 5.954701897213e-02
2.269637908936e+02 -3.159700543754e-02
2.269626617432e+02 8.255538569607e-02
2.269615325928e+02 5.178342302232e-02
2.269604034424e+02 -8.243591700143e-02
2.269592742920e+02 5.359174506104e-03
2.269581451416e+02 8.290490353494e-02
2.269570159912e+02 1.555344312156e-01
2.269558868408e+02 -1.580877856002e-03
2.269547576904e+02 2.803233470549e-02
2.269536285400e+02 1.031610232715e-01
2.269524993896e+02 -6.997742794533e-02
2.269513702393e+02 -5.465307495306e-02
2.269502410889e+02 -1.366277835891e-01
2.269491119385e+02 -1.959032990998e-01
2.269479827881e+02 -1.468388436444e-01
2.269468536377e+02 -9.634631805277e-02
2.269457244873e+02 2.946916910906e-02
2.269445953369e+02 -8.734847483670e-03
2.269434661865e+02 -1.482986425266e-02
2.269423370361e+02 -1.153824441400e-01
2.269412078857e+02 -6.259467612983e-02
2.269400787354e+02 -1.862557003750e-01
2.269389495850e+02 -1.703043751545e-01
2.269378204346e+02 -1.023794146528e-01
2.269366912842e+02 -1.323742280892e-01
2.269355621338e+02 -1.569005048889e-01
2.269344329834e+02 3.304407276702e-03
2.269333038330e+02 -1.054067738054e-01
2.269321746826e+02 -8.168518454390e-02
2.269310455322e+02 1.925483947657e-01
2.269299163818e+02 1.739446035988e-01
2.269287872314e+02 9.095590641978e-02
2.269276580811e+02 1.696907124056e-01
2.269265289307e+02 -1.983994578182e-02
2.269253997803e+02 1.735439573701e-02
2.269242706299e+02 -1.146153008541e-01
2.269231414795e+02 -1.280313781515e-01
2.269220123291e+02 -4.622238760194e-02
2.269208831787e+02 -1.254596617207e-01
2.269197540283e+02 3.548059632025e-02
2.269186248779e+02 1.385951603915e-01
2.269174957275e+02 5.465884277560e-02
2.269163665771e+02 -3.955692097675e-02
2.269152374268e+02 -1.555179479079e-02
2.269141082764e+02 1.142876183434e-01
2.269129791260e+02 2.219309950382e-01
2.269118499756e+02 -3.974112461023e-03
2.269107208252e+02 -1.385773076075e-01
2.269095916748e+02 -8.369536225168e-02
2.269084625244e+02 5.914817614160e-03
2.269073333740e+02 -1.127394157552e-01
2.269062042236e+02 1.186635264492e-01
2.269050750732e+02 1.797104882721e-01
2.269039459229e+02 8.265033351552e-02
2.269028167725e+02 -1.939084526611e-02
2.269017028809e+02 -3.080339768806e-02
2.269005737305e+02 1.101202368588e-01
2.268994445801e+02 1.974636476847e-01
2.268983154297e+02 -1.142135979542e-01
2.268971862793e+02 -2.043785344877e-01
2.268960571289e+02 -6.975298640635e-02
2.268949279785e+02 -8.716074785329e-02
2.268937988281e+02 -1.991746424864e-02
2.268926696777e+02 -5.366957728672e-02
2.268915405273e+02 -4.896776050455e-02
2.268904113770e+02 -1.813512506792e-01
2.268892822266e+02 -5.451362868789e-02
2.268881530762e+02 6.585131385775e-02
2.268870239258e+02 -1.237171708695e-03
2.268858947754e+02 1.158563592626e-01
2.268847656250e+02 1.366863220288e-02
2.268836364746e+02 -3.263642275376e-02
2.268825073242e+02 -3.217133102635e-02
2.268813781738e+02 9.100296452749e-02
2.268802490234e+02 -6.292949212473e-02
2.268791198730e+02 3.068608811217e-02
2.268779907227e+02 -3.593089274361e-03
2.268768615723e+02 1.207020244708e-01
2.268757324219e+02 -9.963555618507e-02
2.268746032715e+02 -2.568044250394e-01
2.268734741211e+02 -5.556008030620e-02
2.268723449707e+02 3.596605853203e-02
2.268712158203e+02 9.282527410806e-03
2.268700866699e+02 3.158859402967e-02
2.268689575195e+02 8.013869094017e-02
2.268678283691e+02 -7.434888048451e-02
2.268666992188e+02 -3.306953968717e-02
2.268655700684e+02 -6.434401817764e-03
2.268644409180e+02 -1.084226087570e-02
2.268633117676e+02 -1.165442636532e-01
2.268621826172e+02 -1.053570835564e-01
2.268610534668e+02 -4.995922707386e-02
2.268599243164e+02 9.091099980144e-02
2.268587951660e+02 1.402991704822e-01
2.268576660156e+02 1.702778248602e-01
2.268565368652e+02 7.349326673537e-02
2.268554077148e+02 -4.936703344222e-02
2.268542785645e+02 1.382389134263e-02
2.268531494141e+02 -4.476745818103e-02
2.268520202637e+02 -8.258297358801e-02
2.268508911133e+02 -9.927981275997e-02
2.268497619629e+02 -1.431720801646e-01
2.268486328125e+02 -4.653977042951e-02
2.268475036621e+02 -3.177764089839e-02
2.268463745117e+02 7.315817608225e-02
2.268452453613e+02 4.827904892399e-01
2.268441162109e+02 1.436972358292e+00
2.268429870605e+02 7.442654772452e-01
2.268418579102e+02 -3.249992906442e-02
2.268407287598e+02 4.554879061560e-01
2.268395996094e+02 1.210612972540e+00
2.268384704590e+02 1.229143857209e+00
2.268373413086e+02 -2.736155067705e-02
2.268362121582e+02 4.786247480753e-02
2.268350830078e+02 9.404957264338e-02
2.268339538574e+02 -7.463072559067e-02
2.268328247070e+02 -3.305888523720e-02
2.268316955566e+02 1.411499471950e-02
2.268305816650e+02 7.891526406322e-02
2.268294525146e+02 3.410030984722e-01
2.268283233643e+02 -4.334103217944e-02
2.268271942139e+02 -3.678024466689e-01
2.268260650635e+02 5.233368778845e-01
2.268249359131e+02 9.126296209843e-01
2.268238067627e+02 1.970598238130e-01
2.268226776123e+02 3.398724526665e-02
2.268215484619e+02 -9.918028730358e-02
2.268204193115e+02 -6.275759041369e-02
2.268192901611e+02 -1.585952071178e-01
2.268181610107e+02 2.263526070341e-02
2.268170318604e+02 1.359396712975e-02
2.268159027100e+02 5.151888901318e-02
2.268147735596e+02 5.578733327720e-02
2.268136444092e+02 1.464573281233e-01
2.268125152588e+02 4.441472073752e-02
2.268113861084e+02 1.503982462793e-01
2.268102569580e+02 -1.176628244974e-01
2.268091278076e+02 -5.600607565819e-02
2.268079986572e+02 4.851034013371e-02
2.268068695068e+02 8.542978692513e-03
2.268057403564e+02 -8.194607170229e-02
2.268046112061e+02 -1.274711822020e-01
2.268034820557e+02 -5.815402879366e-02
2.268023529053e+02 4.353902260632e-02
2.268012237549e+02 2.261906540540e-02
2.268000946045e+02 1.471431229862e-02
2.267989654541e+02 1.455570480818e-02
2.267978363037e+02 -5.865217105975e-02
2.267967071533e+02 7.724496826855e-02
2.267955780029e+02 -9.501678155163e-02
2.267944488525e+02 -6.654335338037e-02
2.267933197021e+02 -2.931806512850e-02
2.267921905518e+02 1.142263543024e-01
2.267910614014e+02 5.472540924605e-02
2.267899322510e+02 -3.044516135818e-02
2.267888031006e+02 2.492201923488e-02
2.267876739502e+02 -1.109450354820e-01
2.267865447998e+02 -1.264204771961e-01
2.267854156494e+02 -8.965265318405e-02
2.267842864990e+02 4.528397203002e-02
2.267831573486e+02 4.494969390746e-02
2.267820281982e+02 -8.752299915224e-02
2.267808990479e+02 -1.889024824221e-03
2.267797698975e+02 1.959601113889e-02
2.267786407471e+02 -1.070944035852e-01
2.267775115967e+02 -1.550734326586e-01
2.267763824463e+02 -7.196947821085e-02
2.267752532959e+02 -1.365575778973e-01
2.267741241455e+02 2.106926827369e-02
2.267729949951e+02 1.305066132544e-01
2.267718658447e+02 1.328458925403e-01
2.267707366943e+02 7.964690777472e-02
2.267696075439e+02 -2.877596419637e-02
2.267684783936e+02 -1.327504945866e-01
2.267673492432e+02 3.357636038996e-02
2.267662200928e+02 8.531337380314e-02
2.267650909424e+02 1.527566600876e-01
2.267639617920e+02 1.645505296663e-01
2.267628326416e+02 6.105222992009e-02
2.267617034912e+02 -2.611333017403e-02
2.267605895996e+02 6.688261731250e-02
2.267594604492e+02 6.961989924183e-02
2.267583312988e+02 8.246654139254e-02
2.267572021484e+02 6.186153324222e-02
2.267560729980e+02 -2.329934421579e-02
2.267549438477e+02 -1.167451456208e-01
2.267538146973e+02 -5.051792384723e-02
2.267526855469e+02 -1.397568006139e-02
2.267515563965e+02 -4.678532250417e-02
2.267504272461e+02 -2.660807926675e-02
2.267492980957e+02 -3.829836455101e-02
2.267481689453e+02 -1.840041057246e-02
2.267470397949e+02 5.403100270366e-03
2.267459106445e+02 -1.411574774077e-01
2.267447814941e+02 -2.301248583425e-01
2.267436523438e+02 -4.281686223267e-02
2.267425231934e+02 1.349727217887e-02
2.267413940430e+02 -7.372513167558e-02
2.267402648926e+02 5.832726755616e-03
2.267391357422e+02 -1.503992628961e-02
2.267380065918e+02 1.673777278292e-02
2.267368774414e+02 -3.102399019732e-02
2.267357482910e+02 -5.318308510663e-02
2.267346191406e+02 -5.774427688211e-02
2.267334899902e+02 -7.555460811899e-03
2.267323608398e+02 3.339567724539e-02
2.267312316895e+02 1.553187329632e-01
2.267301025391e+02 5.389958828397e-02
2.267289733887e+02 -1.778328636712e-01
2.267278442383e+02 -2.093898567472e-01
2.267267150879e+02 -1.623367386676e-01
2.267255859375e+02 8.405223482723e-02
2.267244567871e+02 1.517654643618e-01
2.267233276367e+02 6.237196264879e-02
2.267221984863e+02 9.131284003049e-02
2.267210693359e+02 1.107052188050e-02
2.267199401855e+02 1.236832677460e-03
2.267188110352e+02 6.879297964689e-02
2.267176818848e+02 -6.511400150583e-02
2.267165527344e+02 9.523058771413e-02
2.267154235840e+02 1.801968927142e-01
2.267142944336e+02 1.817138758184e-01
2.267131652832e+02 1.259616224990e-01
2.267120361328e+02 3.541032720909e-03
2.267109069824e+02 3.495976041904e-02
2.267097778320e+02 1.685415729467e-02
2.267086486816e+02 -3.143686253138e-02
2.267075195312e+02 -9.355718675574e-02
2.267063903809e+02 -1.814198541980e-01
2.267052612305e+02 -3.704111656649e-02
2.267041320801e+02 -9.919573682824e-02
2.267030029297e+02 4.035597039215e-02
2.267018737793e+02 1.012171526347e-01
2.267007446289e+02 5.195791872763e-02
2.266996154785e+02 -4.469178888880e-03
2.266984863281e+02 -5.459034988294e-02
2.266973571777e+02 -1.071346257551e-01
2.266962280273e+02 2.801855601831e-02
2.266950988770e+02 -6.956122156570e-02
2.266939697266e+02 3.446967097926e-02
2.266928405762e+02 3.522948623142e-02
2.266917114258e+02 5.201916941719e-03
2.266905975342e+02 -9.766479193131e-02
2.266894683838e+02 -4.671419747027e-02
2.266883392334e+02 -1.478098844162e-02
2.266872100830e+02 5.957558724131e-02
2.266860809326e+02 2.071480658693e-02
2.266849517822e+02 2.981659077168e-02
2.266838226318e+02 1.231421243029e-02
2.266826934814e+02 -9.193661172759e-03
2.266815643311e+02 -4.326308646651e-02
2.266804351807e+02 3.611303882465e-02
2.266793060303e+02 -7.762310396766e-02
2.266781768799e+02 2.761219155809e-02
2.266770477295e+02 3.573948457717e-02
2.266759185791e+02 5.073450329477e-02
2.266747894287e+02 7.708321746741e-02
2.266736602783e+02 1.801032190037e-01
2.266725311279e+02 7.282515299514e-02
2.266714019775e+02 8.006416701085e-02
2.266702728271e+02 7.840671148779e-02
2.266691436768e+02 3.065656235394e-02
2.266680145264e+02 1.250718595783e-01
2.266668853760e+02 4.331595435842e-02
2.266657562256e+02 -9.790371406180e-02
2.266646270752e+02 -9.048791170761e-02
2.266634979248e+02 -1.543944789787e-03
2.266623687744e+02 9.375017992897e-02
2.266612396240e+02 1.313429322638e-01
2.266601104736e+02 5.505769609655e-02
2.266589813232e+02 7.053300811088e-02
2.266578521729e+02 9.206895121142e-02
2.266567230225e+02 -2.551694609724e-02
2.266555938721e+02 -5.690112574953e-02
2.266544647217e+02 -3.842041961052e-02
2.266533355713e+02 -4.866233293878e-02
2.266522064209e+02 -1.270906661317e-01
2.266510772705e+02 1.924142356712e-02
2.266499481201e+02 -3.223739777143e-02
2.266488189697e+02 -3.923526568804e-02
2.266476898193e+02 6.081068709245e-02
2.266465606689e+02 4.203481492379e-02
2.266454315186e+02 1.244752866740e-01
2.266443023682e+02 9.953306670877e-03
2.266431732178e+02 1.015241289676e-01
2.266420440674e+02 1.422677222115e-01
2.266409149170e+02 9.182938821176e-02
2.266397857666e+02 3.074839356557e-02
2.266386566162e+02 1.307641663672e-01
2.266375274658e+02 2.788147343505e-03
2.266363983154e+02 6.013342189305e-02
2.266352691650e+02 1.188551692195e-01
2.266341400146e+02 1.335311037545e-01
2.266330108643e+02 1.904151091419e-01
2.266318817139e+02 7.221872901614e-01
2.266307525635e+02 2.063116553071e+00
2.266296234131e+02 2.063395178572e-01
2.266284942627e+02 4.194010743028e-02
2.266273651123e+02 -2.268713105195e-02
2.266262359619e+02 4.715947565914e-02
2.266251068115e+02 1.568051221939e-01
2.266239776611e+02 1.143809868781e-01
2.266228485107e+02 -4.186511429317e-02
2.266217193604e+02 -3.500907301294e-02
2.266205902100e+02 -4.488640044742e-02
2.266194763184e+02 3.183528479151e-02
2.266183471680e+02 -1.180953844850e-02
2.266172180176e+02 1.633102189385e-01
2.266160888672e+02 8.420050448759e-01
2.266149597168e+02 1.603915237315e+00
2.266138305664e+02 2.169603984887e-01
2.266127014160e+02 -3.043241168564e-03
2.266115722656e+02 3.075903466410e+00
2.266104431152e+02 1.826464442221e+00
2.266093139648e+02 8.351070800707e-02
2.266081848145e+02 4.485236190210e-02
2.266070556641e+02 2.132336069298e-01
2.266059265137e+02 1.999042987405e-02
2.266047973633e+02 -4.324125972139e-03
2.266036682129e+02 1.650197679699e-02
2.266025390625e+02 -7.133887057591e-02
2.266014099121e+02 -1.368983238394e-02
2.266002807617e+02 -4.930466695366e-02
2.265991516113e+02 -1.779832733768e-02
2.265980224609e+02 2.486047099892e-02
2.265968933105e+02 6.957129332063e-03
2.265957641602e+02 -6.958184382010e-02
2.265946350098e+02 1.197077159519e-01
2.265935058594e+02 9.584276273100e-02
2.265923767090e+02 -2.693092092637e-02
2.265912475586e+02 -4.283128560371e-02
2.265901184082e+02 5.450081607284e-03
2.265889892578e+02 4.024180794166e-02
2.265878601074e+02 6.022126674585e-02
2.265867309570e+02 -2.258078300918e-02
2.265856018066e+02 2.253507034526e-01
2.265844726562e+02 1.297897766725e+00
2.265833435059e+02 1.542920605511e+00
2.265822143555e+02 1.232755872151e-01
2.265810852051e+02 -1.614345627214e-01
2.265799560547e+02 -1.793996667242e-01
2.265788269043e+02 -1.587441634237e-01
2.265776977539e+02 -7.337384095608e-03
2.265765686035e+02 3.356471793335e-02
2.265754394531e+02 -3.291768421121e-02
2.265743103027e+02 5.218757114333e-02
2.265731811523e+02 -1.087259878302e-01
2.265720520020e+02 9.336188950525e-02
2.265709228516e+02 7.174565465285e-02
2.265697937012e+02 1.209517421951e-01
2.265686645508e+02 3.754006525962e-01
2.265675354004e+02 3.107917322911e-01
2.265664062500e+02 1.528417278406e-01
2.265652770996e+02 1.593479384768e-01
2.265641479492e+02 -4.464592954977e-02
2.265630187988e+02 4.836606827627e-02
2.265618896484e+02 1.167942789239e-01
2.265607604980e+02 6.160524279426e-02
2.265596313477e+02 -3.116642337058e-02
2.265585021973e+02 9.151054054036e-02
2.265573730469e+02 8.563223673333e-02
2.265562438965e+02 9.169145638148e-02
2.265551147461e+02 6.646846324009e-02
2.265539855957e+02 5.430071516459e-02
2.265528564453e+02 -6.391534345940e-02
2.265517272949e+02 6.650970774889e-02
2.265505981445e+02 -6.171454532020e-02
2.265494842529e+02 -5.830390444165e-02
2.265483551025e+02 -5.399790066657e-02
2.265472259521e+02 -9.365687242942e-02
2.265460968018e+02 -5.495215486228e-02
2.265449676514e+02 1.344317233041e-01
2.265438385010e+02 2.210053052970e-01
2.265427093506e+02 2.348240773157e-02
2.265415802002e+02 7.881953804548e-02
2.265404510498e+02 1.350588443056e-01
2.265393218994e+02 -5.535352588355e-02
2.265381927490e+02 -1.198625316331e-01
2.265370635986e+02 3.946223637143e-02
2.265359344482e+02 9.644924621928e-03
2.265348052979e+02 2.685472234487e-02
2.265336761475e+02 9.079665806017e-02
2.265325469971e+02 9.812231911368e-02
2.265314178467e+02 1.029309436097e-01
2.265302886963e+02 -2.194219884188e-02
2.265291595459e+02 -5.856004611641e-02
2.265280303955e+02 3.303811420961e-02
2.265269012451e+02 -7.663318998021e-02
2.265257720947e+02 -7.125683169262e-02
2.265246429443e+02 -1.202321300393e-02
2.265235137939e+02 -9.465568992071e-02
2.265223846436e+02 -5.910073370313e-02
2.265212554932e+02 9.064993335227e-03
2.265201263428e+02 -1.052827503620e-02
2.265189971924e+02 -3.769070613592e-02
2.265178680420e+02 1.290282806646e-01
2.265167388916e+02 8.726197466474e-02
2.265156097412e+02 1.454460213126e-01
2.265144805908e+02 7.812363804905e-02
2.265133514404e+02 9.687953455453e-04
2.265122222900e+02 -7.485363838965e-04
2.265110931396e+02 1.463213513255e-02
2.265099639893e+02 4.025931740294e-02
2.265088348389e+02 6.449298402028e-02
2.265077056885e+02 -3.365658347726e-02
2.265065765381e+02 1.252485334758e-02
2.265054473877e+02 -5.516213106855e-02
2.265043182373e+02 9.605035093666e-02
2.265031890869e+02 3.466520855569e-02
2.265020599365e+02 2.152437236024e-01
2.265009307861e+02 1.233558026731e-01
2.264998016357e+02 9.638970832888e-03
2.264986724854e+02 -8.480601141332e-02
2.264975433350e+02 -1.207270717743e-01
2.264964141846e+02 4.628973227067e-03
2.264952850342e+02 -2.002233981820e-02
2.264941558838e+02 -2.119074655094e-01
2.264930267334e+02 -3.376360481413e-02
2.264918975830e+02 6.901899284121e-02
2.264907684326e+02 -1.895913214136e-02
2.264896392822e+02 5.678922541463e-02
2.264885101318e+02 4.700297388169e-02
2.264873809814e+02 6.823315753778e-02
2.264862518311e+02 7.649136715854e-02
2.264851226807e+02 -1.576837423834e-02
2.264839935303e+02 6.820776786524e-03
2.264828643799e+02 1.471192715905e-02
2.264817352295e+02 -3.170857770847e-02
2.264806060791e+02 -1.069090169187e-01
2.264794769287e+02 3.064135315522e-02
2.264783630371e+02 -9.876390544787e-02
2.264772338867e+02 1.299694391232e-04
2.264761047363e+02 1.062393906510e-02
2.264749755859e+02 3.195401152750e-02
2.264738464355e+02 1.277051299670e-01
2.264727172852e+02 -2.626300364306e-02
2.264715881348e+02 8.349216857748e-02
2.264704589844e+02 2.830568066574e-02
2.264693298340e+02 3.589606694011e-03
2.264682006836e+02 1.827291384704e-02
2.264670715332e+02 1.208671055028e-02
2.264659423828e+02 2.382674139660e-02
2.264648132324e+02 1.050086490916e-01
2.264636840820e+02 1.042218925388e-02
2.264625549316e+02 -3.312386479351e-02
2.264614257812e+02 3.761400401435e-03
2.264602966309e+02 4.935518499195e-02
2.264591674805e+02 3.190577849298e-02
2.264580383301e+02 -1.225055657400e-02
2.264569091797e+02 7.251076089037e-02
2.264557800293e+02 -1.017807055179e-01
2.264546508789e+02 -7.004908322217e-02
2.264535217285e+02 -8.054832841080e-02
2.264523925781e+02 -1.003594331726e-01
2.264512634277e+02 -1.975508306875e-03
2.264501342773e+02 -5.140831237829e-02
2.264490051270e+02 1.999517297349e-03
2.264478759766e+02 -7.208027228349e-02
2.264467468262e+02 -2.191497716090e-02
2.264456176758e+02 3.417432947354e-02
2.264444885254e+02 1.049104053736e-01
2.264433593750e+02 2.901066154944e-02
2.264422302246e+02 -3.105603174852e-02
2.264411010742e+02 -1.724210058092e-02
2.264399719238e+02 -1.643990251425e-01
2.264388427734e+02 -5.464118454112e-02
2.264377136230e+02 -8.834428825375e-02
2.264365844727e+02 3.602037600897e-02
2.264354553223e+02 6.713672956822e-02
2.264343261719e+02 1.648686143982e-01
2.264331970215e+02 1.117854591059e-01
2.264320678711e+02 1.953847214995e-02
2.264309387207e+02 -1.589005927219e-02
2.264298095703e+02 -2.717457328169e-02
2.264286804199e+02 1.008802461856e-02
2.264275512695e+02 3.096494058819e-02
2.264264221191e+02 4.228280077542e-02
2.264252929688e+02 1.239658509961e-02
2.264241638184e+02 1.589988478841e-01
2.264230346680e+02 1.434927588907e-01
2.264219055176e+02 -4.607510976291e-02
2.264207763672e+02 1.167959879084e-01
2.264196472168e+02 -8.161529928667e-02
2.264185180664e+02 1.044334079755e-01
2.264173889160e+02 5.227311954827e-02
2.264162597656e+02 -8.375263611915e-02
2.264151306152e+02 -1.206492137994e-01
2.264140014648e+02 -6.463446351919e-02
2.264128723145e+02 -1.048830559003e-02
2.264117431641e+02 5.587938955598e-02
2.264106140137e+02 4.528071809310e-02
2.264094848633e+02 -4.559268023560e-02
2.264083709717e+02 -3.461841366211e-02
2.264072418213e+02 3.661679251069e-02
2.264061126709e+02 -4.200219163123e-02
2.264049835205e+02 1.218570004168e-02
2.264038543701e+02 3.448294994107e-02
2.264027252197e+02 -5.549478413000e-02
2.264015960693e+02 -1.282571929815e-01
2.264004669189e+02 -1.457671883201e-01
2.263993377686e+02 -1.221991253720e-01
2.263982086182e+02 -1.381237400810e-01
2.263970794678e+02 -3.088042215156e-02
2.263959503174e+02 4.020818519836e-02
2.263948211670e+02 6.153929049010e-03
2.263936920166e+02 1.237522031435e-01
2.263925628662e+02 9.969828506989e-02
2.263914337158e+02 -2.133847719455e-02
2.263903045654e+02 3.080979684303e-02
2.263891754150e+02 6.011617564589e-02
2.263880462646e+02 -6.814441241637e-02
2.263869171143e+02 -1.100146765511e-01
2.263857879639e+02 -1.542967488143e-02
2.263846588135e+02 -1.805709161694e-01
2.263835296631e+02 -1.092589544693e-01
2.263824005127e+02 2.086350921545e-02
2.263812713623e+02 4.733142314656e-02
2.263801422119e+02 1.036713077195e-01
2.263790130615e+02 1.261269667451e-01
2.263778839111e+02 3.479114316250e-02
2.263767547607e+02 -5.298833335788e-02
2.263756256104e+02 -2.916531129128e-02
2.263744964600e+02 6.464767000175e-02
2.263733673096e+02 3.770799434474e-02
2.263722381592e+02 -7.849876013718e-02
2.263711090088e+02 -8.459037419605e-02
2.263699798584e+02 -8.284448635678e-02
2.263688507080e+02 3.374286811881e-03
2.263677215576e+02 6.947433038726e-02
2.263665924072e+02 5.867902652978e-02
2.263654632568e+02 5.534782291086e-02
2.263643341064e+02 7.051855803695e-02
2.263632049561e+02 -5.920602698206e-02
2.263620758057e+02 -4.125549893829e-02
2.263609466553e+02 -1.595183352897e-02
2.263598175049e+02 -1.245322763465e-02
2.263586883545e+02 2.427976246762e-03
2.263575592041e+02 -6.004175089871e-02
2.263564300537e+02 2.558366706294e-02
2.263553009033e+02 2.050897886414e-02
2.263541717529e+02 8.889654581782e-03
2.263530426025e+02 3.774875057227e-02
2.263519134521e+02 1.008333711834e-01
2.263507843018e+02 1.218247376131e-02
2.263496551514e+02 -6.094847777893e-02
2.263485260010e+02 -7.052813292754e-02
2.263473968506e+02 -1.783303154771e-01
2.263462677002e+02 -4.202553376490e-02
2.263451385498e+02 -5.940323158127e-03
2.263440093994e+02 -4.089892772384e-02
2.263428802490e+02 -1.351071994104e-01
2.263417510986e+02 -2.233623610730e-01
2.263406219482e+02 -1.851467029773e-02
2.263394927979e+02 9.876391879931e-03
2.263383636475e+02 8.340282836328e-02
2.263372497559e+02 -3.237663041354e-02
2.263361206055e+02 -1.008011446193e-01
2.263349914551e+02 2.074004462524e-02
2.263338623047e+02 4.315814413975e-02
2.263327331543e+02 -2.097046188777e-02
2.263316040039e+02 -1.498663096085e-01
2.263304748535e+02 -8.542247415012e-02
2.263293457031e+02 -1.101474718913e-02
2.263282165527e+02 4.118519406435e-02
2.263270874023e+02 1.318079133650e-01
2.263259582520e+02 -3.427853174899e-02
2.263248291016e+02 5.559651066682e-02
2.263236999512e+02 1.360340183021e-01
2.263225708008e+02 5.120756392515e-02
2.263214416504e+02 -5.277855170118e-02
2.263203125000e+02 1.276400149890e-02
2.263191833496e+02 1.505960459713e-01
2.263180541992e+02 6.201357182366e-02
2.263169250488e+02 7.459534522552e-03
2.263157958984e+02 -8.150954824405e-02
2.263146667480e+02 -1.187082919237e-02
2.263135375977e+02 3.258967134773e-01
2.263124084473e+02 8.869438897838e-01
2.263112792969e+02 1.526437938713e+00
2.263101501465e+02 7.498375295119e-02
2.263090209961e+02 -1.258773386662e-02
2.263078918457e+02 -5.682381327638e-02
2.263067626953e+02 1.639909135509e-01
2.263056335449e+02 4.527403474317e-02
2.263045043945e+02 2.854776136571e-02
2.263033752441e+02 1.152181527504e-01
2.263022460938e+02 4.155301863626e-02
2.263011169434e+02 1.055234863811e-02
2.262999877930e+02 -3.111153750372e-02
2.262988586426e+02 3.506514143601e-02
2.262977294922e+02 -3.840393630285e-02
2.262966003418e+02 2.547211958755e-02
2.262954711914e+02 3.182606466778e-02
2.262943420410e+02 5.923042883868e-01
2.262932128906e+02 4.265567219205e-01
2.262920837402e+02 4.828716125958e-02
2.262909545898e+02 -8.383050172343e-02
2.262898254395e+02 -1.127876335310e-01
2.262886962891e+02 -2.111438088569e-01
2.262875671387e+02 -1.751310050224e-01
2.262864379883e+02 -8.615559033485e-03
2.262853088379e+02 2.937599321657e-01
2.262841796875e+02 3.561588914284e-01
2.262830505371e+02 2.360568635528e-03
2.262819213867e+02 -1.690803417406e-02
2.262807922363e+02 1.339407564839e-01
2.262796630859e+02 7.042117453318e-03
2.262785339355e+02 -2.691333326379e-02
2.262774047852e+02 -6.266377269835e-03
2.262762756348e+02 9.266040479176e-02
2.262751464844e+02 5.083059552345e-02
2.262740173340e+02 -2.641854030205e-02
2.262728881836e+02 1.135504776529e-02
2.262717590332e+02 -6.077973845207e-02
2.262706298828e+02 -4.059641077222e-02
2.262695007324e+02 -6.827440204657e-02
2.262683715820e+02 1.581695345665e-02
2.262672576904e+02 6.131678147684e-01
2.262661285400e+02 7.245283547257e-01
2.262649993896e+02 1.489692453569e-01
2.262638702393e+02 -3.200688323411e-02
2.262627410889e+02 -9.051632357420e-02
2.262616119385e+02 -2.493511623562e-01
2.262604827881e+02 -3.118538766210e-03
2.262593536377e+02 -2.643860370328e-02
2.262582244873e+02 -2.274943459800e-02
2.262570953369e+02 9.696972353892e-02
2.262559661865e+02 1.526018291476e-01
2.262548370361e+02 1.990289095998e-01
2.262537078857e+02 1.104037604319e-01
2.262525787354e+02 6.393265455641e-02
2.262514495850e+02 2.645287601230e-01
2.262503204346e+02 2.660885136151e-01
2.262491912842e+02 1.148370988077e-02
2.262480621338e+02 -3.125794749908e-02
2.262469329834e+02 -6.464910337432e-03
2.262458038330e+02 -1.151154286702e-02
2.262446746826e+02 -4.793490446795e-02
2.262435455322e+02 3.589506081366e-03
2.262424163818e+02 -2.853885976922e-02
2.262412872314e+02 3.095686487369e-02
2.262401580811e+02 4.784691694546e-01
2.262390289307e+02 3.663312857103e-01
2.262378997803e+02 1.361000736031e-01
2.262367706299e+02 -1.402627820833e-02
2.262356414795e+02 -6.081329634551e-02
2.262345123291e+02 3.544881989052e-02
2.262333831787e+02 -8.769764363075e-03
2.262322540283e+02 -7.850586310383e-02
2.262311248779e+02 2.086019996542e-02
2.262299957275e+02 7.781803500719e-02
2.262288665771e+02 -9.333269562569e-03
2.262277374268e+02 2.588908509197e-02
2.262266082764e+02 3.950268742315e-02
2.262254791260e+02 -1.467869790179e-01
2.262243499756e+02 -8.572338034575e-04
2.262232208252e+02 1.140302559655e-01
2.262220916748e+02 1.834426661838e-01
2.262209625244e+02 1.717435689484e-01
2.262198333740e+02 9.256457959189e-02
2.262187042236e+02 2.530720449487e-02
2.262175750732e+02 1.170635507873e-01
2.262164459229e+02 1.922213683830e-01
2.262153167725e+02 8.383684175059e-02
2.262141876221e+02 7.520608114778e-02
2.262130584717e+02 1.472291940047e-01
2.262119293213e+02 1.966411378800e-01
2.262108001709e+02 4.354034630634e-02
2.262096710205e+02 -1.260517866878e-01
2.262085418701e+02 2.453334924877e-02
2.262074127197e+02 1.082531408229e-01
2.262062835693e+02 -2.729274307185e-02
2.262051544189e+02 9.316811813374e-02
2.262040252686e+02 5.679326136453e-02
2.262028961182e+02 7.028454160738e-03
2.262017669678e+02 4.277201283478e-02
2.262006378174e+02 7.269030344040e-02
2.261995086670e+02 2.574612167576e-02
2.261983795166e+02 -1.353225467107e-01
2.261972656250e+02 -2.055123541217e-01
2.261961364746e+02 -2.086701492240e-02
2.261950073242e+02 -4.404626674052e-02
2.261938781738e+02 3.533543182361e-02
2.261927490234e+02 1.408618383556e-01
2.261916198730e+02 1.487604288187e-01
2.261904907227e+02 1.904215178336e-01
2.261893615723e+02 -3.056143142901e-02
2.261882324219e+02 4.747662579017e-02
2.261871032715e+02 6.950185724403e-02
2.261859741211e+02 -2.635526782285e-03
2.261848449707e+02 8.913991970023e-02
2.261837158203e+02 1.482886575560e-01
2.261825866699e+02 1.574668959070e-02
2.261814575195e+02 2.340727497653e-01
2.261803283691e+02 5.122992949628e-02
2.261791992188e+02 -5.910475820894e-02
2.261780700684e+02 -1.371814945529e-01
2.261769409180e+02 -1.133644920789e-01
2.261758117676e+02 -9.239304027711e-02
2.261746826172e+02 2.230927535163e-01
2.261735534668e+02 1.044339038861e-01
2.261724243164e+02 -3.001326512795e-02
2.261712951660e+02 -6.230164251605e-02
2.261701660156e+02 -4.855272523704e-02
2.261690368652e+02 -3.779816997769e-02
2.261679077148e+02 -1.023674155220e-02
2.261667785645e+02 -5.244673024377e-02
2.261656494141e+02 -5.366017596486e-03
2.261645202637e+02 1.201879081592e-02
2.261633911133e+02 -1.907443633079e-01
2.261622619629e+02 -1.406357946437e-01
2.261611328125e+02 -7.752763734936e-02
2.261600036621e+02 1.019546480921e-01
2.261588745117e+02 9.405348270827e-03
2.261577453613e+02 4.446024915154e-02
2.261566162109e+02 9.548029780900e-02
2.261554870605e+02 1.083224157285e-01
2.261543579102e+02 3.745532404466e-02
2.261532287598e+02 -9.273186170433e-02
2.261520996094e+02 8.044281387942e-03
2.261509704590e+02 -2.595818070682e-02
2.261498413086e+02 4.086253360285e-03
2.261487121582e+02 -7.437945909924e-02
2.261475830078e+02 1.507976508240e-02
2.261464538574e+02 -2.979294918425e-02
2.261453247070e+02 5.524118685843e-02
2.261441955566e+02 9.909400647673e-02
2.261430664062e+02 -8.089381792916e-02
2.261419372559e+02 -7.841125860715e-02
2.261408081055e+02 -1.707793507630e-01
2.261396789551e+02 6.231239996285e-02
2.261385498047e+02 7.004182766763e-02
2.261374206543e+02 -1.188241862469e-01
2.261362915039e+02 -6.157403856914e-02
2.261351623535e+02 -6.012398051687e-02
2.261340332031e+02 3.629397564660e-03
2.261329040527e+02 -1.214326992492e-01
2.261317749023e+02 -8.166450125434e-02
2.261306457520e+02 -9.615915373724e-02
2.261295166016e+02 -3.323182836065e-02
2.261283874512e+02 -1.102963385518e-01
2.261272583008e+02 -4.192533310707e-02
2.261261444092e+02 -1.122115093123e-02
2.261250152588e+02 1.430154486874e-01
