#title: Spectral profile - SDC45.787-0.335_1_SPW_0.image.pbcor.fits-raster
#region (world): Ellipse[[19:16:31.115, +11d16m11.49], [19:16:31.048, +11d16m12.489]]
#region (pixel): Ellipse[[190, 175], [198, 184]]
#coordinate: world
#xLabel: frequency [GHz]
#yLabel: [Kelvin] Mean

# SDC45.787-0.335_1_SPW_0.image.pbcor.fits-raster
2.388186645508e+02 4.462949633598e-01
2.388197937012e+02 1.151208519936e+00
2.388209228516e+02 5.217443108559e-01
2.388220520020e+02 3.323379755020e-01
2.388231811523e+02 2.730351090431e-01
2.388242950439e+02 7.153887301683e-02
2.388254241943e+02 -1.205416843295e-01
2.388265533447e+02 -8.018255233765e-02
2.388276824951e+02 -2.316366322339e-02
2.388288116455e+02 8.905813843012e-02
2.388299407959e+02 4.205090552568e-02
2.388310699463e+02 -2.005429565907e-01
2.388321990967e+02 -2.722041681409e-02
2.388333282471e+02 2.955645509064e-02
2.388344573975e+02 7.983753085136e-02
2.388355865479e+02 2.058849781752e-01
2.388367156982e+02 2.197247445583e-01
2.388378448486e+02 3.733127415180e-01
2.388389739990e+02 6.079123020172e-01
2.388401031494e+02 7.599860429764e-01
2.388412322998e+02 1.041845917702e+00
2.388423614502e+02 9.216253161430e-01
2.388434906006e+02 5.276463627815e-01
2.388446197510e+02 1.965540945530e-01
2.388457489014e+02 1.357189379632e-02
2.388468780518e+02 -5.103864520788e-02
2.388480072021e+02 4.458904266357e-02
2.388491363525e+02 7.274105399847e-02
2.388502655029e+02 1.719664484262e-01
2.388513946533e+02 2.648018300533e-01
2.388525238037e+02 1.291395127773e-01
2.388536529541e+02 -7.997848093510e-02
2.388547821045e+02 2.405164390802e-01
2.388559112549e+02 4.226910471916e-01
2.388570404053e+02 3.938238024712e-01
2.388581695557e+02 2.136627286673e-01
2.388592987061e+02 3.853241801262e-01
2.388604278564e+02 9.453308582306e-01
2.388615570068e+02 1.293581008911e+00
2.388626861572e+02 1.619007110596e+00
2.388638153076e+02 2.261286020279e+00
2.388649444580e+02 1.903267621994e+00
2.388660736084e+02 1.000375390053e+00
2.388672027588e+02 4.886799156666e-01
2.388683319092e+02 3.143055140972e-01
2.388694610596e+02 7.018927484751e-02
2.388705902100e+02 -9.456261992455e-02
2.388717193604e+02 -1.287454925478e-02
2.388728485107e+02 1.776698529720e-01
2.388739776611e+02 9.838225692511e-02
2.388751068115e+02 1.776097863913e-01
2.388762359619e+02 8.506926149130e-02
2.388773651123e+02 3.575148880482e-01
2.388784942627e+02 4.461402893066e-01
2.388796234131e+02 2.027692198753e-01
2.388807525635e+02 1.570925861597e-01
2.388818817139e+02 1.348673701286e-01
2.388830108643e+02 3.502651154995e-01
2.388841400146e+02 4.522337615490e-01
2.388852691650e+02 -2.778824605048e-02
2.388863983154e+02 -7.301092147827e-02
2.388875274658e+02 -1.896665692329e-01
2.388886566162e+02 -8.716195076704e-02
2.388897857666e+02 -8.328721672297e-02
2.388909149170e+02 -1.293263882399e-01
2.388920440674e+02 -4.727122187614e-02
2.388931732178e+02 1.716405153275e-01
2.388943023682e+02 3.845415413380e-01
2.388954162598e+02 4.262428879738e-01
2.388965454102e+02 6.439493894577e-01
2.388976745605e+02 1.179515123367e+00
2.388988037109e+02 1.170006990433e+00
2.388999328613e+02 6.444194316864e-01
2.389010620117e+02 2.888726890087e-01
2.389021911621e+02 1.729471376166e-03
2.389033203125e+02 -9.584181010723e-02
2.389044494629e+02 4.979446902871e-02
2.389055786133e+02 1.855354458094e-01
2.389067077637e+02 3.067089021206e-01
2.389078369141e+02 2.280174344778e-01
2.389089660645e+02 1.985819786787e-01
2.389100952148e+02 8.570590615273e-02
2.389112243652e+02 2.412971258163e-01
2.389123535156e+02 2.219071835279e-01
2.389134826660e+02 1.557118147612e-01
2.389146118164e+02 1.217827349901e-01
2.389157409668e+02 4.296507313848e-02
2.389168701172e+02 1.387184262276e-01
2.389179992676e+02 4.255870878696e-01
2.389191284180e+02 1.081310629845e+00
2.389202575684e+02 1.912099599838e+00
2.389213867188e+02 2.500463247299e+00
2.389225158691e+02 3.918252944946e+00
2.389236450195e+02 5.553896427155e+00
2.389247741699e+02 4.549009799957e+00
2.389259033203e+02 2.913639783859e+00
2.389270324707e+02 1.559782981873e+00
2.389281616211e+02 1.196890711784e+00
2.389292907715e+02 1.459744811058e+00
2.389304199219e+02 1.044049739838e+00
2.389315490723e+02 6.097832322121e-01
2.389326782227e+02 2.539098560810e-01
2.389338073730e+02 -4.330510273576e-02
2.389349365234e+02 -4.760992154479e-02
2.389360656738e+02 3.353072702885e-02
2.389371948242e+02 1.572983898222e-02
2.389383239746e+02 4.406695812941e-02
2.389394531250e+02 1.372381746769e-01
2.389405822754e+02 2.402680218220e-01
2.389417114258e+02 2.552777826786e-01
2.389428405762e+02 4.070634543896e-01
2.389439697266e+02 6.233224272728e-01
2.389450988770e+02 6.435464620590e-01
2.389462280273e+02 5.308727025986e-01
2.389473571777e+02 3.490423262119e-01
2.389484863281e+02 3.153737783432e-01
2.389496154785e+02 4.002439081669e-01
2.389507446289e+02 5.063007473946e-01
2.389518737793e+02 7.948581576347e-01
2.389530029297e+02 9.698910117149e-01
2.389541320801e+02 5.346560478210e-01
2.389552612305e+02 1.190620213747e-01
2.389563903809e+02 1.397892832756e-01
2.389575195312e+02 1.338837444782e-01
2.389586486816e+02 -4.007294774055e-02
2.389597778320e+02 -4.992827400565e-02
2.389609069824e+02 7.584846019745e-02
2.389620361328e+02 1.938469856977e-01
2.389631652832e+02 4.850322604179e-01
2.389642944336e+02 7.962442636490e-01
2.389654083252e+02 1.119257330894e+00
2.389665374756e+02 1.517282724380e+00
2.389676666260e+02 1.495393157005e+00
2.389687957764e+02 1.619560956955e+00
2.389699249268e+02 2.504313230515e+00
2.389710540771e+02 3.854074239731e+00
2.389721832275e+02 4.118766784668e+00
2.389733123779e+02 4.956895828247e+00
2.389744415283e+02 5.923838138580e+00
2.389755706787e+02 4.374535083771e+00
2.389766998291e+02 2.413928270340e+00
2.389778289795e+02 1.174963474274e+00
2.389789581299e+02 6.873126626015e-01
2.389800872803e+02 2.947976589203e-01
2.389812164307e+02 3.104635477066e-01
2.389823455811e+02 2.811521589756e-01
2.389834747314e+02 2.052180171013e-01
2.389846038818e+02 2.234825193882e-01
2.389857330322e+02 3.065117001534e-01
2.389868621826e+02 1.755342930555e-01
2.389879913330e+02 -6.987779587507e-02
2.389891204834e+02 -1.267981082201e-01
2.389902496338e+02 -6.225855275989e-02
2.389913787842e+02 -1.527320593596e-01
2.389925079346e+02 -2.600795030594e-02
2.389936370850e+02 -1.443619132042e-01
2.389947662354e+02 -1.495698243380e-01
2.389958953857e+02 -1.095325127244e-02
2.389970245361e+02 -5.641102045774e-02
2.389981536865e+02 -1.463166028261e-01
2.389992828369e+02 -2.286562919617e-01
2.390004119873e+02 -4.299466684461e-02
2.390015411377e+02 -1.318605840206e-01
2.390026702881e+02 -5.567172169685e-02
2.390037994385e+02 4.743536189198e-02
2.390049285889e+02 5.511843785644e-02
2.390060577393e+02 2.363354712725e-01
2.390071868896e+02 3.270332813263e-01
2.390083160400e+02 2.978864312172e-01
2.390094451904e+02 8.797412514687e-01
2.390105743408e+02 9.620342850685e-01
2.390117034912e+02 2.474323034286e+00
2.390128326416e+02 3.232041835785e+00
2.390139617920e+02 4.383345603943e+00
2.390150909424e+02 6.602171421051e+00
2.390162200928e+02 7.702706336975e+00
2.390173492432e+02 4.783145427704e+00
2.390184783936e+02 2.110390186310e+00
2.390196075439e+02 1.065064311028e+00
2.390207366943e+02 5.956186056137e-01
2.390218658447e+02 2.505305111408e-01
2.390229949951e+02 1.561064273119e-01
2.390241241455e+02 -8.286987245083e-02
2.390252532959e+02 -1.055224761367e-01
2.390263824463e+02 4.730251431465e-02
2.390275115967e+02 5.119638144970e-02
2.390286407471e+02 -2.105951122940e-02
2.390297698975e+02 -3.581117391586e-01
2.390308990479e+02 -3.039250373840e-01
2.390320281982e+02 1.228969916701e-01
2.390331573486e+02 1.894773989916e-01
2.390342864990e+02 8.284672349691e-02
2.390354156494e+02 -2.567302584648e-01
2.390365295410e+02 -4.620580375195e-02
2.390376586914e+02 1.489339470863e-01
2.390387878418e+02 4.247056245804e-01
2.390399169922e+02 4.758909344673e-01
2.390410461426e+02 1.037705063820e+00
2.390421752930e+02 1.227995157242e+00
2.390433044434e+02 2.332441568375e+00
2.390444335938e+02 4.227688312531e+00
2.390455627441e+02 5.932960987091e+00
2.390466918945e+02 7.824733734131e+00
2.390478210449e+02 1.152536296844e+01
2.390489501953e+02 1.042714595795e+01
2.390500793457e+02 5.877882480621e+00
2.390512084961e+02 2.561556577682e+00
2.390523376465e+02 1.575076699257e+00
2.390534667969e+02 1.179947972298e+00
2.390545959473e+02 3.025731444359e-01
2.390557250977e+02 2.591962516308e-01
2.390568542480e+02 6.519983988255e-03
2.390579833984e+02 2.498842030764e-02
2.390591125488e+02 3.186331316829e-02
2.390602416992e+02 2.755257487297e-01
2.390613708496e+02 3.370740115643e-01
2.390625000000e+02 4.173377156258e-01
2.390636291504e+02 6.087954640388e-01
2.390647583008e+02 8.561906814575e-01
2.390658874512e+02 1.802017331123e+00
2.390670166016e+02 3.328650236130e+00
2.390681457520e+02 4.510416030884e+00
2.390692749023e+02 6.561549663544e+00
2.390704040527e+02 9.654119491577e+00
2.390715332031e+02 1.082007694244e+01
2.390726623535e+02 6.769587993622e+00
2.390737915039e+02 2.891191720963e+00
2.390749206543e+02 1.409140825272e+00
2.390760498047e+02 1.228812336922e+00
2.390771789551e+02 8.842854499817e-01
2.390783081055e+02 1.285125255585e+00
2.390794372559e+02 1.924209356308e+00
2.390805664062e+02 2.999680042267e+00
2.390816955566e+02 4.918906688690e+00
2.390828247070e+02 6.912176609039e+00
2.390839538574e+02 9.886444091797e+00
2.390850830078e+02 1.296243572235e+01
2.390862121582e+02 1.038577556610e+01
2.390873413086e+02 8.297728538513e+00
2.390884704590e+02 1.001433849335e+01
2.390895996094e+02 1.314502716064e+01
2.390907287598e+02 9.423478126526e+00
2.390918579102e+02 4.605226993561e+00
2.390929870605e+02 2.460752487183e+00
2.390941162109e+02 1.416886091232e+00
2.390952453613e+02 5.088374018669e-01
2.390963745117e+02 5.533749461174e-01
2.390975036621e+02 7.072262465954e-02
2.390986328125e+02 1.444846689701e-01
2.390997619629e+02 1.858811825514e-01
2.391008911133e+02 5.847422778606e-02
2.391020202637e+02 -2.318468987942e-01
2.391031494141e+02 -2.657983899117e-01
2.391042785645e+02 -2.774638235569e-01
2.391054077148e+02 -1.018565297127e-01
2.391065216064e+02 3.069828823209e-02
2.391076507568e+02 -9.417838603258e-02
2.391087799072e+02 -1.744886338711e-01
2.391099090576e+02 -1.940153837204e-01
2.391110382080e+02 5.120171606541e-02
2.391121673584e+02 1.477895081043e-01
2.391132965088e+02 -1.240823194385e-01
2.391144256592e+02 -2.304958552122e-01
2.391155548096e+02 -1.079980880022e-01
2.391166839600e+02 -3.827865049243e-02
2.391178131104e+02 -1.587426215410e-01
2.391189422607e+02 -1.198025941849e-01
2.391200714111e+02 2.850761823356e-02
2.391212005615e+02 -2.617210708559e-02
2.391223297119e+02 -1.021758019924e-01
2.391234588623e+02 -5.674868822098e-03
2.391245880127e+02 2.101810462773e-02
2.391257171631e+02 4.474961664528e-03
2.391268463135e+02 -7.102547585964e-02
2.391279754639e+02 -6.383724510670e-02
2.391291046143e+02 1.063250899315e-01
2.391302337646e+02 5.074702501297e-01
2.391313629150e+02 5.929198861122e-01
2.391324920654e+02 3.405789732933e-01
2.391336212158e+02 1.934759914875e-01
2.391347503662e+02 2.068053930998e-02
2.391358795166e+02 -6.318283826113e-02
2.391370086670e+02 2.233557961881e-02
2.391381378174e+02 3.681591525674e-02
2.391392669678e+02 -1.406714436598e-03
2.391403961182e+02 1.024270281196e-01
2.391415252686e+02 -1.070159599185e-01
2.391426544189e+02 -9.035016596317e-02
2.391437835693e+02 -1.678628325462e-01
2.391449127197e+02 1.470015558880e-04
2.391460418701e+02 1.006982102990e-01
2.391471710205e+02 -3.197163715959e-02
2.391483001709e+02 -6.639982759953e-02
2.391494293213e+02 3.657923266292e-02
2.391505584717e+02 -1.002954840660e-01
2.391516876221e+02 -1.049494966865e-01
2.391528167725e+02 -5.849535763264e-02
2.391539459229e+02 -1.347730960697e-02
2.391550750732e+02 4.003252461553e-02
2.391562042236e+02 -4.993911087513e-02
2.391573333740e+02 6.160343065858e-02
2.391584625244e+02 1.904665231705e-01
2.391595916748e+02 2.640818655491e-01
2.391607208252e+02 5.616542696953e-01
2.391618499756e+02 1.827065587044e+00
2.391629791260e+02 4.121740341187e+00
2.391641082764e+02 1.965387344360e+00
2.391652374268e+02 3.999139964581e-01
2.391663665771e+02 1.116438284516e-01
2.391674957275e+02 6.124441698194e-02
2.391686248779e+02 -5.103025585413e-03
2.391697540283e+02 -4.361301288009e-02
2.391708831787e+02 -1.371877789497e-01
2.391720123291e+02 -8.976553566754e-03
2.391731414795e+02 -1.232616007328e-01
2.391742706299e+02 -1.833605580032e-02
2.391753997803e+02 1.019993890077e-02
2.391765136719e+02 -8.027540147305e-02
2.391776428223e+02 1.113819144666e-02
2.391787719727e+02 1.397292017937e-01
2.391799011230e+02 1.301108449697e-01
2.391810302734e+02 9.510406106710e-02
2.391821594238e+02 3.654848337173e-01
2.391832885742e+02 3.446385264397e-01
2.391844177246e+02 1.286320805550e+00
2.391855468750e+02 3.316634893417e+00
2.391866760254e+02 2.274752378464e+00
2.391878051758e+02 3.482492864132e-01
2.391889343262e+02 2.462199516594e-02
2.391900634766e+02 -6.203925237060e-02
2.391911926270e+02 1.548900082707e-02
2.391923217773e+02 2.172067761421e-01
2.391934509277e+02 6.794070452452e-02
2.391945800781e+02 1.408353000879e-01
2.391957092285e+02 1.855067014694e-01
2.391968383789e+02 2.420637011528e-01
2.391979675293e+02 1.105096220970e+00
2.391990966797e+02 4.666743278503e+00
2.392002258301e+02 3.791237115860e+00
2.392013549805e+02 1.342880487442e+00
2.392024841309e+02 1.161068558693e+00
2.392036132812e+02 4.455247879028e+00
2.392047424316e+02 5.143471240997e+00
2.392058715820e+02 9.053369164467e-01
2.392070007324e+02 1.321752518415e-01
2.392081298828e+02 -8.474722504616e-02
2.392092590332e+02 -4.705714806914e-02
2.392103881836e+02 4.199375584722e-02
2.392115173340e+02 -1.808986999094e-02
2.392126464844e+02 -1.400462090969e-01
2.392137756348e+02 -1.185424998403e-01
2.392149047852e+02 -1.552915722132e-01
2.392160339355e+02 -1.087154969573e-01
2.392171630859e+02 -7.183500379324e-02
2.392182922363e+02 -1.206730455160e-01
2.392194213867e+02 -3.410435840487e-02
2.392205505371e+02 -1.008937582374e-01
2.392216796875e+02 -1.131704226136e-01
2.392228088379e+02 -2.364881336689e-01
2.392239379883e+02 -2.582061588764e-01
2.392250671387e+02 -1.588311791420e-01
2.392261962891e+02 -1.046874374151e-01
2.392273254395e+02 -9.745929390192e-03
2.392284545898e+02 6.390871107578e-02
2.392295837402e+02 -2.740734815598e-02
2.392307128906e+02 2.504802308977e-02
2.392318420410e+02 1.279982626438e-01
2.392329711914e+02 3.344497829676e-02
2.392341003418e+02 8.544627577066e-02
2.392352294922e+02 1.610580384731e-01
2.392363586426e+02 1.280556470156e-01
2.392374877930e+02 -1.047766115516e-02
2.392386169434e+02 -1.121982485056e-01
2.392397460938e+02 -1.346399188042e-01
2.392408752441e+02 -2.079064399004e-02
2.392420043945e+02 2.376390062273e-02
2.392431335449e+02 8.623557537794e-02
2.392442626953e+02 4.542092233896e-02
2.392453918457e+02 5.262764915824e-02
2.392465209961e+02 -4.836699459702e-03
2.392476348877e+02 -9.862902760506e-02
2.392487640381e+02 -1.389535367489e-01
2.392498931885e+02 -1.935734599829e-01
2.392510223389e+02 -1.238704249263e-01
2.392521514893e+02 -1.552481651306e-01
2.392532806396e+02 1.268291771412e-01
2.392544097900e+02 4.021694511175e-02
2.392555389404e+02 1.145432218909e-01
2.392566680908e+02 6.946485489607e-02
2.392577972412e+02 4.119544103742e-02
2.392589263916e+02 3.933372348547e-02
2.392600555420e+02 2.173458784819e-02
2.392611846924e+02 -2.404596284032e-02
2.392623138428e+02 -1.116789802909e-01
2.392634429932e+02 -1.588541269302e-01
2.392645721436e+02 -1.444478929043e-01
2.392657012939e+02 -1.646144092083e-01
2.392668304443e+02 -2.384759187698e-01
2.392679595947e+02 -6.880468130112e-02
2.392690887451e+02 -4.467357695103e-02
2.392702178955e+02 -1.235715392977e-02
2.392713470459e+02 1.262848377228e-01
2.392724761963e+02 3.411720395088e-01
2.392736053467e+02 2.823802232742e-01
2.392747344971e+02 2.074275314808e-01
2.392758636475e+02 9.618394076824e-02
2.392769927979e+02 3.954235613346e-01
2.392781219482e+02 4.658000171185e-01
2.392792510986e+02 2.708154022694e-01
2.392803802490e+02 1.816297173500e-01
2.392815093994e+02 2.363941073418e-01
2.392826385498e+02 2.366793453693e-01
2.392837677002e+02 1.262419223785e-01
2.392848968506e+02 2.033436298370e-01
2.392860260010e+02 2.619056701660e-01
2.392871551514e+02 1.263759881258e-01
2.392882843018e+02 1.515222489834e-01
2.392894134521e+02 1.854308843613e-01
2.392905426025e+02 4.091572761536e-01
2.392916717529e+02 3.164974451065e-01
2.392928009033e+02 2.503082752228e-01
2.392939300537e+02 3.161973655224e-01
2.392950592041e+02 1.080201029778e+00
2.392961883545e+02 1.195432066917e+00
2.392973175049e+02 6.869360804558e-01
2.392984466553e+02 1.257565319538e-01
2.392995758057e+02 9.663721546531e-03
2.393007049561e+02 -4.270927235484e-02
2.393018341064e+02 -5.337889119983e-02
2.393029632568e+02 -1.343049015850e-02
2.393040924072e+02 -2.362734451890e-02
2.393052215576e+02 -2.164652757347e-02
2.393063507080e+02 -7.241043448448e-02
2.393074798584e+02 -7.813038676977e-02
2.393086090088e+02 -7.634388655424e-02
2.393097381592e+02 4.745782539248e-02
2.393108673096e+02 -4.093844443560e-02
2.393119964600e+02 -6.911443173885e-02
2.393131256104e+02 -7.017550058663e-03
2.393142547607e+02 -2.382719330490e-02
2.393153839111e+02 -8.795597404242e-02
2.393165130615e+02 1.539770420641e-02
2.393176269531e+02 -6.998281925917e-02
2.393187561035e+02 -3.269339352846e-02
2.393198852539e+02 -2.202638983727e-01
2.393210144043e+02 -1.460747420788e-01
2.393221435547e+02 -3.045109100640e-02
2.393232727051e+02 -5.133535340428e-02
2.393244018555e+02 -4.839669540524e-02
2.393255310059e+02 -1.203321814537e-01
2.393266601562e+02 2.967062406242e-02
2.393277893066e+02 -6.555343046784e-03
2.393289184570e+02 -1.074444055557e-01
2.393300476074e+02 -3.388266637921e-02
2.393311767578e+02 -1.973732747138e-02
2.393323059082e+02 -1.166699901223e-01
2.393334350586e+02 4.990725312382e-03
2.393345642090e+02 -7.437154650688e-02
2.393356933594e+02 -4.757862538099e-02
2.393368225098e+02 -4.484704509377e-02
2.393379516602e+02 1.594754308462e-01
2.393390808105e+02 1.038166433573e-01
2.393402099609e+02 2.325611710548e-01
2.393413391113e+02 2.601225674152e-01
2.393424682617e+02 3.245781958103e-01
2.393435974121e+02 3.014321923256e-01
2.393447265625e+02 2.756047546864e-01
2.393458557129e+02 3.913631439209e-01
2.393469848633e+02 3.631342649460e-01
2.393481140137e+02 5.901930332184e-01
2.393492431641e+02 7.891360521317e-01
2.393503723145e+02 4.349185526371e-01
2.393515014648e+02 2.458077371120e-01
2.393526306152e+02 4.390035290271e-03
2.393537597656e+02 7.184861227870e-03
2.393548889160e+02 -1.143798604608e-01
2.393560180664e+02 -1.295320093632e-01
2.393571472168e+02 1.062520779669e-02
2.393582763672e+02 4.658667370677e-02
2.393594055176e+02 4.623124841601e-03
2.393605346680e+02 -3.225594162941e-01
2.393616638184e+02 -7.768067717552e-02
2.393627929688e+02 -4.121524468064e-02
2.393639221191e+02 -9.221415221691e-02
2.393650512695e+02 -1.327935457230e-01
2.393661804199e+02 -1.353178769350e-01
2.393673095703e+02 -1.638962477446e-01
2.393684387207e+02 2.132375538349e-02
2.393695678711e+02 1.098157023080e-03
2.393706970215e+02 -9.728151559830e-02
2.393718261719e+02 -2.069012373686e-01
2.393729553223e+02 -1.597571074963e-01
2.393740844727e+02 -1.527315825224e-01
2.393752136230e+02 -8.749817498028e-03
2.393763427734e+02 1.610233820975e-02
2.393774719238e+02 2.386535890400e-02
2.393786010742e+02 8.001372218132e-02
2.393797302246e+02 4.220461100340e-02
2.393808593750e+02 9.707792848349e-02
2.393819885254e+02 1.081556007266e-01
2.393831176758e+02 2.451326400042e-01
2.393842468262e+02 8.852309733629e-02
2.393853759766e+02 3.435999155045e-02
2.393865051270e+02 7.305472344160e-02
2.393876342773e+02 5.776942148805e-02
2.393887481689e+02 -6.778980046511e-02
2.393898773193e+02 -1.876305490732e-01
2.393910064697e+02 -1.168581321836e-01
2.393921356201e+02 1.880131848156e-02
2.393932647705e+02 5.469101294875e-02
2.393943939209e+02 2.224395051599e-02
2.393955230713e+02 2.698577754200e-02
2.393966522217e+02 -2.185799553990e-02
2.393977813721e+02 -3.494618460536e-02
2.393989105225e+02 -3.641455247998e-02
2.394000396729e+02 -3.230558708310e-02
2.394011688232e+02 -1.649292744696e-02
2.394022979736e+02 -3.728767111897e-02
2.394034271240e+02 5.908544175327e-03
2.394045562744e+02 -5.311958864331e-02
2.394056854248e+02 5.521064996719e-02
2.394068145752e+02 3.116671368480e-02
2.394079437256e+02 -2.980516292155e-03
2.394090728760e+02 -1.006897911429e-01
2.394102020264e+02 -5.453876033425e-02
2.394113311768e+02 4.852055758238e-02
2.394124603271e+02 7.192584872246e-02
2.394135894775e+02 7.201816886663e-02
2.394147186279e+02 -5.249037593603e-02
2.394158477783e+02 -1.255410015583e-01
2.394169769287e+02 -8.841268718243e-02
2.394181060791e+02 -8.184880018234e-02
2.394192352295e+02 3.210892528296e-02
2.394203643799e+02 1.988195814192e-02
2.394214935303e+02 6.510491669178e-02
2.394226226807e+02 1.511405259371e-01
2.394237518311e+02 1.990278512239e-01
2.394248809814e+02 2.156260907650e-01
2.394260101318e+02 2.730020284653e-01
2.394271392822e+02 5.727575421333e-01
2.394282684326e+02 8.434855341911e-01
2.394293975830e+02 9.385969638824e-01
2.394305267334e+02 5.959126353264e-01
2.394316558838e+02 2.824805974960e-01
2.394327850342e+02 1.315495669842e-01
2.394339141846e+02 3.474065288901e-02
2.394350433350e+02 -1.114636776038e-03
2.394361724854e+02 -8.619339764118e-02
2.394373016357e+02 -7.753077149391e-02
2.394384307861e+02 -1.309823095798e-01
2.394395599365e+02 -3.896950185299e-02
2.394406890869e+02 4.908247292042e-02
2.394418182373e+02 3.887199983001e-02
2.394429473877e+02 4.605188593268e-02
2.394440765381e+02 3.649271652102e-02
2.394452056885e+02 2.508016861975e-02
2.394463348389e+02 -6.251748651266e-02
2.394474639893e+02 -1.370555162430e-02
2.394485931396e+02 -5.274155363441e-02
2.394497222900e+02 -1.099021956325e-01
2.394508514404e+02 3.859267011285e-02
2.394519805908e+02 6.200470030308e-02
2.394531097412e+02 -1.074388921261e-01
2.394542388916e+02 -7.582074962556e-03
2.394553680420e+02 3.818805515766e-02
2.394564971924e+02 -1.050528977066e-02
2.394576263428e+02 -6.122848764062e-02
2.394587402344e+02 -4.703747108579e-02
2.394598693848e+02 -5.536826699972e-02
2.394609985352e+02 -6.824600696564e-02
2.394621276855e+02 -2.275124788284e-01
2.394632568359e+02 -8.354710787535e-02
2.394643859863e+02 -1.206909716129e-01
2.394655151367e+02 -1.091920807958e-01
2.394666442871e+02 -1.479257941246e-01
2.394677734375e+02 -1.257818341255e-01
2.394689025879e+02 -8.461400121450e-02
2.394700317383e+02 -1.075276285410e-01
2.394711608887e+02 -1.661035865545e-01
2.394722900391e+02 -2.093381285667e-01
2.394734191895e+02 -2.097423076630e-01
2.394745483398e+02 -5.328516289592e-02
2.394756774902e+02 -7.335671037436e-02
2.394768066406e+02 -5.036525055766e-02
2.394779357910e+02 -9.089742600918e-02
2.394790649414e+02 -1.926898211241e-01
2.394801940918e+02 -2.115692645311e-01
2.394813232422e+02 -7.714580744505e-02
2.394824523926e+02 -6.684340070933e-03
2.394835815430e+02 -1.306148711592e-02
2.394847106934e+02 1.336866803467e-02
2.394858398438e+02 -6.168263033032e-02
2.394869689941e+02 -1.432718336582e-02
2.394880981445e+02 5.780179053545e-02
2.394892272949e+02 9.214565902948e-02
2.394903564453e+02 2.621810138226e-02
2.394914855957e+02 1.365190446377e-01
2.394926147461e+02 1.349674761295e-01
2.394937438965e+02 9.867785125971e-02
2.394948730469e+02 -2.092835493386e-02
2.394960021973e+02 -4.577461630106e-03
2.394971313477e+02 -8.923275023699e-02
2.394982604980e+02 1.768710464239e-02
2.394993896484e+02 7.339857518673e-02
2.395005187988e+02 3.458640873432e-01
2.395016479492e+02 9.679967761040e-01
2.395027770996e+02 9.575622677803e-01
2.395039062500e+02 5.071139335632e-01
2.395050354004e+02 1.053723394871e-01
2.395061645508e+02 -1.860295049846e-02
2.395072937012e+02 -4.194938763976e-02
2.395084228516e+02 2.585743181407e-02
2.395095520020e+02 3.087460063398e-02
2.395106811523e+02 2.367876023054e-01
2.395118103027e+02 2.599404156208e-01
2.395129394531e+02 2.606388926506e-01
2.395140686035e+02 2.228330224752e-01
2.395151977539e+02 2.355695366859e-01
2.395163269043e+02 3.425486385822e-01
2.395174560547e+02 2.754575610161e-01
2.395185852051e+02 2.254296690226e-01
2.395197143555e+02 7.564327865839e-02
2.395208435059e+02 1.460209786892e-01
2.395219726562e+02 1.694749146700e-01
2.395231018066e+02 5.308378860354e-02
2.395242309570e+02 -4.278894048184e-03
2.395253601074e+02 -3.192049916834e-03
2.395264892578e+02 -2.106740325689e-02
2.395276184082e+02 -8.798181265593e-02
2.395287475586e+02 -1.353083997965e-01
2.395298614502e+02 -2.492779307067e-02
2.395309906006e+02 -7.901774719357e-03
2.395321197510e+02 -9.131278842688e-02
2.395332489014e+02 -3.310225158930e-02
2.395343780518e+02 -1.104615107179e-01
2.395355072021e+02 -2.295625209808e-01
2.395366363525e+02 -1.457710862160e-01
2.395377655029e+02 -6.801300495863e-02
2.395388946533e+02 -1.012313440442e-01
2.395400238037e+02 -9.493276476860e-02
2.395411529541e+02 -7.376138120890e-02
2.395422821045e+02 -1.637004017830e-01
2.395434112549e+02 -9.235187619925e-02
2.395445404053e+02 -3.103361092508e-02
2.395456695557e+02 2.907040156424e-02
2.395467987061e+02 -2.068902552128e-02
2.395479278564e+02 -9.979212284088e-02
2.395490570068e+02 -1.275571901351e-02
2.395501861572e+02 -1.223339438438e-01
2.395513153076e+02 -5.203139036894e-02
2.395524444580e+02 7.199237495661e-02
2.395535736084e+02 1.191786155105e-01
2.395547027588e+02 2.282226085663e-01
2.395558319092e+02 1.615545153618e-01
2.395569610596e+02 2.711990475655e-01
2.395580902100e+02 3.633317947388e-01
2.395592193604e+02 3.994539678097e-01
2.395603485107e+02 6.148717403412e-01
2.395614776611e+02 7.808057665825e-01
2.395626068115e+02 3.901081383228e-01
2.395637359619e+02 1.922776848078e-01
2.395648651123e+02 1.322314441204e-01
2.395659942627e+02 -1.212004665285e-02
2.395671234131e+02 -1.448449343443e-01
2.395682525635e+02 -1.056811213493e-01
2.395693817139e+02 -1.509013175964e-01
2.395705108643e+02 2.678948827088e-02
2.395716400146e+02 3.466688469052e-02
2.395727691650e+02 1.525346785784e-01
2.395738983154e+02 4.076969623566e-01
2.395750274658e+02 6.367712616920e-01
2.395761566162e+02 6.727557778358e-01
2.395772857666e+02 9.056042432785e-01
2.395784149170e+02 1.077090144157e+00
2.395795440674e+02 9.172263145447e-01
2.395806732178e+02 7.497791051865e-01
2.395818023682e+02 3.321633636951e-01
2.395829315186e+02 1.621616482735e-01
2.395840606689e+02 4.680879786611e-02
2.395851898193e+02 -3.616055846214e-02
2.395863189697e+02 -1.414686888456e-01
2.395874481201e+02 -3.964298963547e-02
2.395885772705e+02 -5.412545427680e-02
2.395897064209e+02 -2.208769507706e-02
2.395908355713e+02 -2.162036113441e-02
2.395919647217e+02 5.869901925325e-02
2.395930938721e+02 -1.102201938629e-01
2.395942230225e+02 -1.218556538224e-01
2.395953521729e+02 -1.098040640354e-01
2.395964813232e+02 -8.649250864983e-02
2.395976104736e+02 3.687892109156e-02
2.395987396240e+02 -1.923764869571e-02
2.395998535156e+02 1.048468425870e-01
2.396009826660e+02 2.629952430725e-01
2.396021118164e+02 3.299229443073e-01
2.396032409668e+02 2.236451208591e-01
2.396043701172e+02 4.538022279739e-01
2.396054992676e+02 2.970145046711e-01
2.396066284180e+02 8.477589115500e-03
2.396077575684e+02 1.074802726507e-01
2.396088867188e+02 8.318936079741e-02
2.396100158691e+02 -4.892170894891e-03
2.396111450195e+02 -8.577565848827e-02
2.396122741699e+02 -4.651769250631e-02
2.396134033203e+02 -1.946052908897e-02
2.396145324707e+02 -1.420940905809e-01
2.396156616211e+02 -9.769450873137e-02
2.396167907715e+02 -1.233213394880e-01
2.396179199219e+02 -1.448225378990e-01
2.396190490723e+02 -9.960992634296e-02
2.396201782227e+02 -4.036592692137e-02
2.396213073730e+02 -1.195639669895e-01
2.396224365234e+02 -5.666777491570e-02
2.396235656738e+02 -2.950948476791e-02
2.396246948242e+02 5.930209532380e-02
2.396258239746e+02 1.970217525959e-01
2.396269531250e+02 1.294932514429e-01
2.396280822754e+02 1.984377205372e-01
2.396292114258e+02 2.495026588440e-01
2.396303405762e+02 4.339429438114e-01
2.396314697266e+02 9.048504233360e-01
2.396325988770e+02 1.346277356148e+00
2.396337280273e+02 1.692080497742e+00
2.396348571777e+02 1.362373232841e+00
2.396359863281e+02 1.145187258720e+00
2.396371154785e+02 7.582189440727e-01
2.396382446289e+02 1.517128944397e-01
2.396393737793e+02 9.077706933022e-02
2.396405029297e+02 2.305785939097e-02
2.396416320801e+02 5.083497241139e-02
2.396427612305e+02 6.619628053159e-03
2.396438903809e+02 -5.972187221050e-02
2.396450195312e+02 3.942564502358e-02
2.396461486816e+02 1.782095879316e-01
2.396472778320e+02 1.948470473289e-01
2.396484069824e+02 2.105316966772e-01
2.396495361328e+02 3.393291831017e-01
2.396506652832e+02 5.184079408646e-01
2.396517944336e+02 3.823568522930e-01
2.396529235840e+02 3.488997817039e-01
2.396540527344e+02 3.806977272034e-01
2.396551818848e+02 4.401237070560e-01
2.396563110352e+02 4.329214692116e-01
2.396574401855e+02 2.716371119022e-01
2.396585693359e+02 3.291640579700e-01
2.396596984863e+02 1.774600446224e-01
2.396608276367e+02 1.049088537693e-01
2.396619567871e+02 1.852937974036e-02
2.396630859375e+02 3.385639563203e-02
2.396642150879e+02 -4.368165880442e-02
2.396653442383e+02 -1.426678001881e-01
2.396664733887e+02 -7.134820520878e-02
2.396676025391e+02 2.285194117576e-03
2.396687316895e+02 -2.550966665149e-02
2.396698455811e+02 -3.528860211372e-02
2.396709747314e+02 -1.800715625286e-01
2.396721038818e+02 -1.076246872544e-01
2.396732330322e+02 -6.896326690912e-02
2.396743621826e+02 -9.852063655853e-02
2.396754913330e+02 -3.677539527416e-02
2.396766204834e+02 1.387683451176e-01
2.396777496338e+02 2.694835960865e-01
2.396788787842e+02 6.563233137131e-01
2.396800079346e+02 1.221441268921e+00
2.396811370850e+02 1.997771978378e+00
2.396822662354e+02 3.704955101013e+00
2.396833953857e+02 3.000276327133e+00
2.396845245361e+02 1.784543037415e+00
2.396856536865e+02 7.828133702278e-01
2.396867828369e+02 5.482605695724e-01
2.396879119873e+02 3.748616874218e-01
2.396890411377e+02 4.463864266872e-01
2.396901702881e+02 3.028689920902e-01
2.396912994385e+02 9.558740258217e-01
2.396924285889e+02 2.163650989532e+00
2.396935577393e+02 4.070567607880e+00
2.396946868896e+02 5.861688613892e+00
2.396958160400e+02 8.861476898193e+00
2.396969451904e+02 1.318149089813e+01
2.396980743408e+02 1.582637023926e+01
2.396992034912e+02 9.945303916931e+00
2.397003326416e+02 4.924069404602e+00
2.397014617920e+02 1.991537928581e+00
2.397025909424e+02 1.087598919868e+00
2.397037200928e+02 6.198908090591e-01
2.397048492432e+02 1.979873031378e-01
2.397059783936e+02 1.384454071522e-01
2.397071075439e+02 1.587689965963e-01
2.397082366943e+02 5.242478847504e-02
2.397093658447e+02 -4.955947771668e-02
2.397104949951e+02 -1.038650125265e-01
2.397116241455e+02 -7.918548583984e-02
2.397127532959e+02 5.000741779804e-02
2.397138824463e+02 1.051148474216e-01
2.397150115967e+02 -2.903752401471e-02
2.397161407471e+02 -1.869622617960e-02
2.397172698975e+02 4.307923838496e-02
2.397183990479e+02 6.781271100044e-02
2.397195281982e+02 6.403441727161e-02
2.397206573486e+02 9.025108069181e-03
2.397217864990e+02 5.894136056304e-02
2.397229156494e+02 1.577184051275e-01
2.397240447998e+02 2.357393205166e-01
2.397251739502e+02 4.207669198513e-01
2.397263031006e+02 4.595735669136e-01
2.397274322510e+02 5.980684161186e-01
2.397285614014e+02 5.462896823883e-01
2.397296905518e+02 3.508201241493e-01
2.397308197021e+02 3.822935819626e-01
2.397319488525e+02 1.317995488644e-01
2.397330780029e+02 4.422438517213e-02
2.397342071533e+02 1.429974846542e-02
2.397353363037e+02 1.096413284540e-01
2.397364654541e+02 5.859865248203e-02
2.397375946045e+02 1.244973838329e-01
2.397387237549e+02 1.096507385373e-01
2.397398529053e+02 2.018072158098e-01
2.397409667969e+02 3.513951301575e-01
2.397420959473e+02 4.264748096466e-01
2.397432250977e+02 6.924526691437e-01
2.397443542480e+02 5.061390995979e-01
2.397454833984e+02 2.466491162777e-01
2.397466125488e+02 5.377632007003e-02
2.397477416992e+02 -1.145590096712e-01
2.397488708496e+02 -1.516343504190e-01
2.397500000000e+02 -1.433360874653e-01
2.397511291504e+02 -6.650674156845e-03
2.397522583008e+02 5.204557999969e-02
2.397533874512e+02 1.459185928106e-01
2.397545166016e+02 2.025295794010e-01
2.397556457520e+02 1.600853949785e-01
2.397567749023e+02 7.101410031319e-01
2.397579040527e+02 1.097818851471e+00
2.397590332031e+02 1.159307122231e+00
2.397601623535e+02 1.449807882309e+00
2.397612915039e+02 1.223680734634e+00
2.397624206543e+02 6.359062194824e-01
2.397635498047e+02 5.860003829002e-01
2.397646789551e+02 2.990767955780e-01
2.397658081055e+02 1.378388851881e-01
2.397669372559e+02 1.934272050858e-01
2.397680664062e+02 1.447643637657e-01
2.397691955566e+02 2.139098942280e-01
2.397703247070e+02 2.875961959362e-01
2.397714538574e+02 2.977795302868e-01
2.397725830078e+02 5.235781669617e-01
2.397737121582e+02 9.199284315109e-01
2.397748413086e+02 1.283762812614e+00
2.397759704590e+02 1.573121786118e+00
2.397770996094e+02 1.358485102654e+00
2.397782287598e+02 1.234582185745e+00
2.397793579102e+02 1.414723157883e+00
2.397804870605e+02 2.182457923889e+00
2.397816162109e+02 1.960090398788e+00
2.397827453613e+02 1.103388190269e+00
2.397838745117e+02 7.991240620613e-01
2.397850036621e+02 7.813990116119e-01
2.397861328125e+02 1.115064024925e+00
2.397872619629e+02 1.288915753365e+00
2.397883911133e+02 1.026088953018e+00
2.397895202637e+02 3.474289774895e-01
2.397906494141e+02 9.165382385254e-02
2.397917785645e+02 7.372134178877e-02
2.397929077148e+02 1.794224083424e-01
2.397940368652e+02 2.047418802977e-01
2.397951660156e+02 3.417224586010e-01
2.397962951660e+02 7.875323295593e-01
2.397974243164e+02 9.193913936615e-01
2.397985534668e+02 1.878776073456e+00
2.397996826172e+02 2.202869892120e+00
2.398008117676e+02 1.739540457726e+00
2.398019409180e+02 1.317713618279e+00
2.398030700684e+02 3.392935395241e-01
2.398041992188e+02 2.792046368122e-01
2.398053283691e+02 1.629737019539e-01
2.398064575195e+02 8.055233955383e-02
2.398075866699e+02 8.483439683914e-02
2.398087158203e+02 -5.606652423739e-02
2.398098449707e+02 -1.408314425498e-02
2.398109588623e+02 3.662000596523e-02
2.398120880127e+02 6.442667543888e-02
2.398132171631e+02 3.254481405020e-02
2.398143463135e+02 2.543056383729e-02
2.398154754639e+02 4.434505477548e-02
2.398166046143e+02 9.638497978449e-02
2.398177337646e+02 2.763120532036e-01
2.398188629150e+02 4.597854912281e-01
2.398199920654e+02 4.448803961277e-01
2.398211212158e+02 6.475200653076e-01
2.398222503662e+02 1.189768075943e+00
2.398233795166e+02 1.097918868065e+00
2.398245086670e+02 6.796959042549e-01
2.398256378174e+02 2.859694361687e-01
2.398267669678e+02 1.281773746014e-01
2.398278961182e+02 7.333116978407e-02
2.398290252686e+02 8.815423399210e-02
2.398301544189e+02 1.037656143308e-01
2.398312835693e+02 2.395559698343e-01
2.398324127197e+02 1.851862072945e-01
2.398335418701e+02 2.213225811720e-01
2.398346710205e+02 3.023550212383e-01
2.398358001709e+02 3.882614374161e-01
2.398369293213e+02 3.237988948822e-01
2.398380584717e+02 3.360465168953e-01
2.398391876221e+02 1.539031416178e-01
2.398403167725e+02 3.945093229413e-02
2.398414459229e+02 2.209270000458e-02
2.398425750732e+02 1.005277633667e-01
2.398437042236e+02 6.497398763895e-02
2.398448333740e+02 -3.314098110422e-03
2.398459625244e+02 -4.666004702449e-02
2.398470916748e+02 -4.199286550283e-02
2.398482208252e+02 -1.068431660533e-01
2.398493499756e+02 -1.858743876219e-01
2.398504791260e+02 -9.093856066465e-02
2.398516082764e+02 -1.483048051596e-01
2.398527374268e+02 -4.627965763211e-02
2.398538665771e+02 -1.519756112248e-02
2.398549957275e+02 -7.265346497297e-02
2.398561248779e+02 -1.008098274469e-01
2.398572540283e+02 -8.587669581175e-02
2.398583831787e+02 4.269253462553e-02
2.398595123291e+02 7.620902359486e-02
2.398606414795e+02 1.023133844137e-01
2.398617706299e+02 1.532137095928e-01
2.398628997803e+02 1.338209658861e-01
2.398640289307e+02 -3.877372294664e-02
2.398651580811e+02 -1.271797120571e-01
2.398662872314e+02 -3.147296141833e-03
2.398674163818e+02 -6.914543360472e-02
2.398685455322e+02 -3.655512630939e-02
2.398696746826e+02 2.637114562094e-02
2.398708038330e+02 -1.315729040653e-02
2.398719329834e+02 -5.471575260162e-02
2.398730621338e+02 8.207572251558e-02
2.398741912842e+02 1.615313738585e-01
2.398753204346e+02 3.629986047745e-01
2.398764495850e+02 3.059036135674e-01
2.398775787354e+02 2.225431501865e-01
2.398787078857e+02 4.916473105550e-02
2.398798370361e+02 -6.061412394047e-02
2.398809661865e+02 -6.017206981778e-02
2.398820800781e+02 -6.142892688513e-02
2.398832092285e+02 -7.001154590398e-03
2.398843383789e+02 -6.776212900877e-02
2.398854675293e+02 -1.211963668466e-01
2.398865966797e+02 -1.855755895376e-01
2.398877258301e+02 -1.010925024748e-01
2.398888549805e+02 -1.069495547563e-02
2.398899841309e+02 -4.332239180803e-02
2.398911132812e+02 -1.228020936251e-01
2.398922424316e+02 -1.467482447624e-01
2.398933715820e+02 -9.579849243164e-02
2.398945007324e+02 -1.483630686998e-01
2.398956298828e+02 6.541746109724e-02
2.398967590332e+02 1.500284820795e-01
2.398978881836e+02 4.625514745712e-01
2.398990173340e+02 1.137908816338e+00
2.399001464844e+02 1.335010766983e+00
2.399012756348e+02 1.547157526016e+00
2.399024047852e+02 1.916979789734e+00
2.399035339355e+02 1.892752766609e+00
2.399046630859e+02 1.475997328758e+00
2.399057922363e+02 1.056550741196e+00
2.399069213867e+02 5.948825478554e-01
2.399080505371e+02 3.182879686356e-01
2.399091796875e+02 2.589733898640e-01
2.399103088379e+02 1.415136307478e-01
2.399114379883e+02 6.872047204524e-03
2.399125671387e+02 -1.467521786690e-01
2.399136962891e+02 -6.270460039377e-02
2.399148254395e+02 -1.143775656819e-01
2.399159545898e+02 -1.232878342271e-01
2.399170837402e+02 6.884153187275e-02
2.399182128906e+02 -6.238240376115e-02
2.399193420410e+02 -4.784952476621e-02
2.399204711914e+02 1.150148585439e-01
2.399216003418e+02 2.207097709179e-01
2.399227294922e+02 3.012231588364e-01
2.399238586426e+02 4.540684819221e-01
2.399249877930e+02 5.195887684822e-01
2.399261169434e+02 1.031887292862e+00
2.399272460938e+02 1.867587685585e+00
2.399283752441e+02 1.922071576118e+00
2.399295043945e+02 1.120244979858e+00
2.399306335449e+02 6.786139011383e-01
2.399317626953e+02 6.297916769981e-01
2.399328918457e+02 4.114904403687e-01
2.399340209961e+02 4.190500378609e-01
2.399351501465e+02 4.863091707230e-01
2.399362792969e+02 4.694023132324e-01
2.399374084473e+02 3.719429373741e-01
2.399385375977e+02 3.696163296700e-01
2.399396667480e+02 3.416944742203e-01
2.399407958984e+02 6.568015813828e-01
2.399419250488e+02 7.729158997536e-01
2.399430541992e+02 6.483095884323e-01
2.399441833496e+02 4.755439758301e-01
2.399453125000e+02 3.856143057346e-01
2.399464416504e+02 3.159628212452e-01
2.399475708008e+02 5.115104317665e-01
2.399486999512e+02 4.718126654625e-01
2.399498291016e+02 2.191158980131e-01
2.399509582520e+02 8.525112643838e-03
2.399520721436e+02 -1.251128762960e-01
2.399532012939e+02 -9.730075299740e-02
2.399543304443e+02 -7.110688835382e-02
2.399554595947e+02 -5.492815375328e-02
2.399565887451e+02 -3.829904645681e-02
2.399577178955e+02 -1.062911003828e-01
2.399588470459e+02 -1.917846351862e-01
2.399599761963e+02 -1.763904839754e-01
2.399611053467e+02 -1.835057586432e-01
2.399622344971e+02 -3.502698987722e-02
2.399633636475e+02 -2.269398421049e-02
2.399644927979e+02 -1.072393506765e-01
2.399656219482e+02 -1.277536302805e-01
2.399667510986e+02 -6.750024110079e-02
2.399678802490e+02 1.166435480118e-01
2.399690093994e+02 7.458282113075e-01
2.399701385498e+02 8.368393778801e-01
2.399712677002e+02 2.343198060989e+00
2.399723968506e+02 3.572504043579e+00
2.399735260010e+02 1.807915329933e+00
2.399746551514e+02 8.172667026520e-01
2.399757843018e+02 1.125372722745e-01
2.399769134521e+02 7.477167248726e-02
2.399780426025e+02 6.002329662442e-02
2.399791717529e+02 2.336260676384e-02
2.399803009033e+02 3.864744305611e-02
2.399814300537e+02 1.691409498453e-01
2.399825592041e+02 4.898333251476e-01
2.399836883545e+02 9.722661375999e-01
2.399848175049e+02 2.131788730621e+00
2.399859466553e+02 3.494689464569e+00
2.399870758057e+02 1.893860816956e+00
2.399882049561e+02 7.902754545212e-01
2.399893341064e+02 2.671896815300e-01
2.399904632568e+02 1.194303259254e-01
2.399915924072e+02 3.489117696881e-02
2.399927215576e+02 -6.351374089718e-02
2.399938507080e+02 -3.853944689035e-02
2.399949798584e+02 1.044021267444e-02
2.399961090088e+02 1.559321135283e-01
2.399972381592e+02 7.097551971674e-02
2.399983673096e+02 6.230250000954e-02
2.399994964600e+02 2.501657232642e-02
2.400006256104e+02 7.239121198654e-02
2.400017547607e+02 1.674973964691e-01
2.400028839111e+02 1.413794606924e-01
2.400040130615e+02 7.990694604814e-03
2.400051422119e+02 -8.296329528093e-02
2.400062713623e+02 -1.920392736793e-02
2.400074005127e+02 -8.101300150156e-02
2.400085296631e+02 -9.960030019283e-02
2.400096588135e+02 -1.701519265771e-02
2.400107879639e+02 -1.314451694489e-01
2.400119171143e+02 -1.253918111324e-01
2.400130462646e+02 -8.053601533175e-02
2.400141754150e+02 -2.072514593601e-01
2.400153045654e+02 -1.790542900562e-01
2.400164337158e+02 -4.060289636254e-02
2.400175628662e+02 -1.968996822834e-01
2.400186920166e+02 -1.978531330824e-01
2.400198211670e+02 -9.825925529003e-02
2.400209503174e+02 -1.342432945967e-01
2.400220794678e+02 -1.529943048954e-01
2.400231933594e+02 -8.066367357969e-02
2.400243225098e+02 -1.261709164828e-02
2.400254516602e+02 -1.068744957447e-01
2.400265808105e+02 -1.046086847782e-01
2.400277099609e+02 -4.199795052409e-02
2.400288391113e+02 -1.046322472394e-02
2.400299682617e+02 4.997281730175e-02
2.400310974121e+02 2.727435156703e-02
2.400322265625e+02 -4.370315000415e-02
2.400333557129e+02 -6.549510359764e-02
2.400344848633e+02 9.046863764524e-03
2.400356140137e+02 1.519246399403e-01
2.400367431641e+02 2.262413203716e-01
2.400378723145e+02 5.964551568031e-01
2.400390014648e+02 9.361471533775e-01
2.400401306152e+02 1.739298701286e+00
2.400412597656e+02 1.616026282310e+00
2.400423889160e+02 7.833358049393e-01
2.400435180664e+02 2.132828533649e-01
2.400446472168e+02 7.949440181255e-02
2.400457763672e+02 1.607937365770e-02
2.400469055176e+02 -4.849073942751e-03
2.400480346680e+02 -5.717650521547e-03
2.400491638184e+02 -8.491244167089e-02
2.400502929688e+02 -3.201148286462e-02
2.400514221191e+02 -4.184411838651e-02
2.400525512695e+02 -9.063767641783e-02
2.400536804199e+02 -1.602435112000e-01
2.400548095703e+02 -2.640178240836e-02
2.400559387207e+02 -8.606645464897e-02
2.400570678711e+02 -4.283391311765e-02
2.400581970215e+02 2.709820866585e-02
2.400593261719e+02 1.309274416417e-02
2.400604553223e+02 -3.445609658957e-02
2.400615844727e+02 6.283559650183e-02
2.400627136230e+02 7.038361579180e-02
2.400638427734e+02 -2.805254422128e-02
2.400649719238e+02 -5.444091185927e-02
2.400661010742e+02 -2.629292756319e-02
2.400672302246e+02 -1.240160241723e-01
2.400683593750e+02 -1.233677268028e-01
2.400694885254e+02 -1.234270408750e-01
2.400706176758e+02 -1.685153096914e-01
2.400717468262e+02 -1.703193634748e-01
2.400728759766e+02 -9.424418210983e-02
2.400740051270e+02 -9.165381640196e-02
2.400751342773e+02 -1.158150658011e-01
2.400762634277e+02 -1.181651502848e-01
2.400773925781e+02 -6.935474276543e-02
2.400785217285e+02 1.032536774874e-01
2.400796508789e+02 2.661458849907e-01
2.400807800293e+02 3.772224783897e-01
2.400819091797e+02 3.506297469139e-01
2.400830383301e+02 2.799005508423e-01
2.400841674805e+02 2.902555763721e-01
2.400852966309e+02 1.173141896725e-01
2.400864257812e+02 2.951847948134e-02
2.400875549316e+02 -9.657366573811e-02
2.400886840820e+02 -1.507772207260e-01
2.400898132324e+02 -7.429122179747e-02
2.400909423828e+02 -4.744078963995e-02
2.400920715332e+02 -6.847101449966e-02
2.400931854248e+02 -4.766168445349e-02
2.400943145752e+02 2.590470761061e-02
2.400954437256e+02 7.007242739201e-02
2.400965728760e+02 8.214957267046e-02
2.400977020264e+02 1.395764499903e-01
2.400988311768e+02 2.593308687210e-01
2.400999603271e+02 2.430646270514e-01
2.401010894775e+02 1.337606161833e-01
2.401022186279e+02 1.266044676304e-01
2.401033477783e+02 8.484824746847e-02
2.401044769287e+02 7.410851866007e-02
2.401056060791e+02 1.033753678203e-01
2.401067352295e+02 2.337246835232e-01
2.401078643799e+02 1.905621290207e-01
2.401089935303e+02 2.554549276829e-02
2.401101226807e+02 -6.428825110197e-02
2.401112518311e+02 -1.159578785300e-01
2.401123809814e+02 -4.777838662267e-02
2.401135101318e+02 1.382661312819e-01
2.401146392822e+02 1.316659152508e-01
2.401157684326e+02 8.540126681328e-02
2.401168975830e+02 1.204334497452e-01
2.401180267334e+02 2.044648677111e-01
2.401191558838e+02 1.251517534256e-01
2.401202850342e+02 7.862779498100e-02
2.401214141846e+02 5.214472115040e-02
2.401225433350e+02 1.666408628225e-01
2.401236724854e+02 2.532807290554e-01
2.401248016357e+02 3.581988811493e-01
2.401259307861e+02 3.825321793556e-01
2.401270599365e+02 2.709647715092e-01
2.401281890869e+02 2.537830471992e-01
2.401293182373e+02 1.942223757505e-01
2.401304473877e+02 7.271108031273e-02
2.401315765381e+02 1.818412244320e-01
2.401327056885e+02 3.837856650352e-01
2.401338348389e+02 5.203272104263e-01
2.401349639893e+02 1.045117259026e+00
2.401360931396e+02 2.481912851334e+00
2.401372222900e+02 4.500554084778e+00
2.401383514404e+02 3.007358789444e+00
2.401394805908e+02 1.207126736641e+00
2.401406097412e+02 4.913800358772e-01
2.401417388916e+02 4.282704740763e-02
2.401428680420e+02 5.728144664317e-03
2.401439971924e+02 -4.825947061181e-02
2.401451263428e+02 -5.246698390692e-03
2.401462554932e+02 -5.277695599943e-03
2.401473846436e+02 1.252937465906e-01
2.401485137939e+02 1.631963402033e-01
2.401496429443e+02 2.004606872797e-01
2.401507720947e+02 1.091103553772e-01
2.401519012451e+02 1.390420794487e-01
2.401530303955e+02 1.086985990405e-01
2.401541595459e+02 7.613661885262e-02
2.401552886963e+02 4.521786794066e-02
2.401564178467e+02 4.169921576977e-02
2.401575469971e+02 3.369453549385e-02
2.401586761475e+02 1.215522363782e-02
2.401598052979e+02 1.277095824480e-02
2.401609344482e+02 4.541324451566e-02
2.401620635986e+02 -2.211095392704e-02
2.401631927490e+02 -7.970902323723e-02
2.401643066406e+02 1.247124299407e-01
2.401654357910e+02 9.571291506290e-02
2.401665649414e+02 2.660151943564e-02
2.401676940918e+02 -1.101568527520e-02
2.401688232422e+02 -3.099911613390e-03
2.401699523926e+02 1.117003560066e-01
2.401710815430e+02 -5.124162137508e-02
2.401722106934e+02 1.476463526487e-01
2.401733398438e+02 3.041646182537e-01
2.401744689941e+02 1.437359005213e-01
2.401755981445e+02 5.111202970147e-02
2.401767272949e+02 -2.661301987246e-04
2.401778564453e+02 -4.392256960273e-02
2.401789855957e+02 -2.196851745248e-02
2.401801147461e+02 -1.317389160395e-01
2.401812438965e+02 -1.069642975926e-01
2.401823730469e+02 3.357884287834e-02
2.401835021973e+02 5.252071470022e-02
2.401846313477e+02 -9.059865958989e-03
2.401857604980e+02 7.929120957851e-02
2.401868896484e+02 5.649955868721e-01
2.401880187988e+02 1.310520052910e+00
2.401891479492e+02 2.549598932266e+00
2.401902770996e+02 4.195505619049e+00
2.401914062500e+02 5.832911491394e+00
2.401925354004e+02 7.472285747528e+00
2.401936645508e+02 7.235685825348e+00
2.401947937012e+02 3.815852165222e+00
2.401959228516e+02 1.373139262199e+00
2.401970520020e+02 6.571181416512e-01
2.401981811523e+02 2.717076241970e-01
2.401993103027e+02 1.097344458103e-01
2.402004394531e+02 -3.102628141642e-02
2.402015686035e+02 -9.062383323908e-02
2.402026977539e+02 -6.481385231018e-02
2.402038269043e+02 -4.805805161595e-02
2.402049560547e+02 2.139569632709e-02
2.402060852051e+02 1.507863104343e-01
2.402072143555e+02 1.504180133343e-01
2.402083435059e+02 2.254680693150e-01
2.402094726562e+02 3.493602275848e-01
2.402106018066e+02 7.098253369331e-01
2.402117309570e+02 9.911655187607e-01
2.402128601074e+02 1.799568891525e+00
2.402139892578e+02 2.219389915466e+00
2.402151184082e+02 2.322631120682e+00
2.402162475586e+02 2.630445718765e+00
2.402173767090e+02 5.949557781219e+00
2.402185058594e+02 9.098759651184e+00
2.402196350098e+02 4.569814205170e+00
2.402207641602e+02 1.778699398041e+00
2.402218933105e+02 6.459991931915e-01
2.402230224609e+02 3.513724803925e-01
2.402241516113e+02 2.633097171783e-01
2.402252807617e+02 1.283853948116e-01
2.402264099121e+02 1.089486852288e-01
2.402275390625e+02 -3.089107014239e-02
2.402286682129e+02 -1.016741394997e-01
2.402297973633e+02 -5.339418351650e-02
2.402309265137e+02 1.129457354546e-01
2.402320556641e+02 1.976648718119e-01
2.402331848145e+02 -2.496602013707e-02
2.402342987061e+02 -4.220683872700e-02
2.402354278564e+02 -7.404836360365e-03
2.402365570068e+02 2.145223133266e-02
2.402376861572e+02 4.550494626164e-02
2.402388153076e+02 1.906537078321e-02
2.402399444580e+02 -7.973318570293e-04
2.402410736084e+02 -3.749337792397e-02
2.402422027588e+02 -1.116815358400e-01
2.402433319092e+02 1.160233374685e-02
2.402444610596e+02 -4.881394654512e-02
2.402455902100e+02 -1.140270382166e-01
2.402467193604e+02 -6.579945236444e-02
2.402478485107e+02 -8.115063607693e-02
2.402489776611e+02 -7.750169187784e-02
2.402501068115e+02 -1.369165480137e-01
2.402512359619e+02 -8.112619817257e-02
2.402523651123e+02 1.562044490129e-02
2.402534942627e+02 1.183385215700e-02
2.402546234131e+02 -6.515225768089e-02
2.402557525635e+02 -4.231483861804e-02
2.402568817139e+02 4.400546476245e-02
2.402580108643e+02 2.013130299747e-02
2.402591400146e+02 -7.299484312534e-02
2.402602691650e+02 -7.259434461594e-02
2.402613983154e+02 -5.909092724323e-02
2.402625274658e+02 -6.222600117326e-02
2.402636566162e+02 4.007863253355e-02
2.402647857666e+02 8.587025105953e-02
2.402659149170e+02 1.107494905591e-01
2.402670440674e+02 4.369096159935e-01
2.402681732178e+02 7.432767748833e-01
2.402693023682e+02 1.111239194870e+00
2.402704315186e+02 1.126354694366e+00
2.402715606689e+02 9.446285367012e-01
2.402726898193e+02 6.161437630653e-01
2.402738189697e+02 1.657730042934e-01
2.402749481201e+02 1.328752487898e-01
2.402760772705e+02 7.652295380831e-02
2.402772064209e+02 1.407339423895e-01
2.402783355713e+02 1.569419652224e-01
2.402794647217e+02 3.927638828754e-01
2.402805938721e+02 3.876571655273e-01
2.402817230225e+02 7.152442932129e-01
2.402828521729e+02 1.324919939041e+00
2.402839813232e+02 1.455493092537e+00
2.402851104736e+02 7.590631246567e-01
2.402862396240e+02 1.926753222942e-01
2.402873687744e+02 -2.366618253291e-02
2.402884979248e+02 -2.219670638442e-02
2.402896270752e+02 -5.063771083951e-02
2.402907562256e+02 -1.776004284620e-01
2.402918853760e+02 -1.466057002544e-01
2.402930145264e+02 -1.395371258259e-01
2.402941436768e+02 -2.793577127159e-02
2.402952728271e+02 2.153857424855e-02
2.402964019775e+02 6.917465478182e-02
2.402975311279e+02 8.168464526534e-03
2.402986602783e+02 -6.099227443337e-02
2.402997894287e+02 -1.110057905316e-01
2.403009185791e+02 -1.579057276249e-01
2.403020477295e+02 -9.591217339039e-02
2.403031768799e+02 3.513290360570e-02
2.403042907715e+02 1.075678169727e-01
2.403054199219e+02 -8.846567943692e-03
2.403065490723e+02 -8.161318302155e-02
2.403076782227e+02 -9.286314994097e-02
2.403088073730e+02 9.431789070368e-02
2.403099365234e+02 4.462470486760e-02
2.403110656738e+02 -4.289758950472e-02
2.403121948242e+02 7.227248698473e-02
2.403133239746e+02 6.046458706260e-02
2.403144531250e+02 2.645160630345e-02
2.403155822754e+02 5.025838688016e-02
2.403167114258e+02 8.536572754383e-02
2.403178405762e+02 1.118544861674e-01
2.403189697266e+02 6.984967738390e-02
2.403200988770e+02 -3.949517384171e-02
2.403212280273e+02 -8.894160389900e-02
2.403223571777e+02 8.685097098351e-03
2.403234863281e+02 -6.179651245475e-02
2.403246154785e+02 -9.157729893923e-02
2.403257446289e+02 2.118400037289e-01
2.403268737793e+02 3.440124988556e-01
2.403280029297e+02 3.428146541119e-01
2.403291320801e+02 9.361797571182e-01
2.403302612305e+02 1.046346545219e+00
2.403313903809e+02 1.565923452377e+00
2.403325195312e+02 3.678021430969e+00
2.403336486816e+02 5.061369895935e+00
2.403347778320e+02 2.601096868515e+00
2.403359069824e+02 1.294393301010e+00
2.403370361328e+02 7.869515419006e-01
2.403381652832e+02 5.916239619255e-01
2.403392944336e+02 1.005360960960e+00
2.403404235840e+02 1.771276116371e+00
2.403415527344e+02 2.315684080124e+00
2.403426818848e+02 3.372452735901e+00
2.403438110352e+02 6.374477863312e+00
2.403449401855e+02 9.007549285889e+00
2.403460693359e+02 6.090077400208e+00
2.403471984863e+02 2.252683401108e+00
2.403483276367e+02 8.327199220657e-01
2.403494567871e+02 7.060493826866e-01
2.403505859375e+02 5.469145774841e-01
2.403517150879e+02 3.805835545063e-01
2.403528442383e+02 1.392627805471e-01
2.403539733887e+02 3.256814926863e-02
2.403551025391e+02 8.060021325946e-03
2.403562316895e+02 6.913994438946e-04
2.403573608398e+02 -5.694313347340e-02
2.403584899902e+02 -8.393324911594e-02
2.403596191406e+02 -1.742203719914e-02
2.403607482910e+02 -6.378554552794e-02
2.403618774414e+02 -8.625509589911e-02
2.403630065918e+02 1.448245253414e-02
2.403641357422e+02 -4.555539414287e-02
2.403652648926e+02 5.090911313891e-02
2.403663940430e+02 5.669947713614e-02
2.403675231934e+02 9.474784880877e-02
2.403686523438e+02 2.569091916084e-01
2.403697814941e+02 2.548454999924e-01
2.403709106445e+02 2.540003657341e-01
2.403720397949e+02 1.821481734514e-01
2.403731689453e+02 1.686536222696e-01
2.403742980957e+02 1.379259526730e-01
2.403754119873e+02 2.152899354696e-01
2.403765411377e+02 2.419942915440e-01
2.403776702881e+02 6.283724308014e-01
2.403787994385e+02 9.095646739006e-01
2.403799285889e+02 1.138382434845e+00
2.403810577393e+02 8.481805324554e-01
2.403821868896e+02 5.079777240753e-01
2.403833160400e+02 1.758177578449e-01
2.403844451904e+02 1.460558325052e-01
2.403855743408e+02 1.607597619295e-01
2.403867034912e+02 1.529339104891e-01
2.403878326416e+02 9.447960555553e-02
2.403889617920e+02 9.189748018980e-02
2.403900909424e+02 9.257673472166e-02
2.403912200928e+02 5.196186527610e-02
2.403923492432e+02 6.746710091829e-02
2.403934783936e+02 8.288283646107e-02
2.403946075439e+02 1.185859739780e-01
2.403957366943e+02 1.274992227554e-01
2.403968658447e+02 7.000594586134e-02
2.403979949951e+02 1.449825987220e-02
2.403991241455e+02 8.419389277697e-02
2.404002532959e+02 3.171299099922e-01
2.404013824463e+02 5.243649482727e-01
2.404025115967e+02 6.035861372948e-01
2.404036407471e+02 6.035155653954e-01
2.404047698975e+02 9.410839080811e-01
2.404058990479e+02 1.143953084946e+00
2.404070281982e+02 8.079921603203e-01
2.404081573486e+02 5.130255222321e-01
2.404092864990e+02 3.232881724834e-01
2.404104156494e+02 1.952899843454e-01
2.404115447998e+02 1.831918358803e-01
2.404126739502e+02 -6.111045181751e-02
2.404138031006e+02 -6.628295779228e-02
2.404149322510e+02 -8.369942009449e-02
2.404160614014e+02 -6.301409751177e-02
2.404171905518e+02 -1.376413851976e-01
2.404183197021e+02 -4.819229245186e-02
2.404194488525e+02 5.922268331051e-02
2.404205780029e+02 1.382178366184e-01
2.404217071533e+02 5.730034038424e-02
2.404228363037e+02 7.085283845663e-02
2.404239654541e+02 3.306948579848e-03
2.404250946045e+02 8.590529859066e-02
2.404262237549e+02 6.826614588499e-02
2.404273529053e+02 -6.629577279091e-02
2.404284820557e+02 -1.131858825684e-01
2.404296112061e+02 -9.621668606997e-02
2.404307403564e+02 -3.394892066717e-02
2.404318695068e+02 -2.699718177319e-01
2.404329986572e+02 -1.487607210875e-01
2.404341278076e+02 -5.928409472108e-02
2.404352569580e+02 -3.497851267457e-02
2.404363861084e+02 -1.004696786404e-01
2.404375152588e+02 -1.008475497365e-01
2.404386444092e+02 -4.401069134474e-02
2.404397735596e+02 -1.141418665648e-01
2.404409027100e+02 -1.347353458405e-01
2.404420318604e+02 -1.272306889296e-01
2.404431610107e+02 -8.561475574970e-02
2.404442901611e+02 -1.899152435362e-02
2.404454040527e+02 -1.466729212552e-02
2.404465332031e+02 1.704112067819e-02
2.404476623535e+02 -2.968020550907e-02
2.404487915039e+02 -3.388441354036e-02
2.404499206543e+02 -2.374551445246e-02
2.404510498047e+02 -1.917134597898e-02
2.404521789551e+02 -2.034662477672e-02
2.404533081055e+02 -7.454387843609e-02
2.404544372559e+02 2.499121706933e-03
2.404555664062e+02 1.903109066188e-02
2.404566955566e+02 -5.557942762971e-02
2.404578247070e+02 3.183783963323e-02
2.404589538574e+02 4.347108677030e-02
2.404600830078e+02 -3.732065111399e-02
2.404612121582e+02 9.646261483431e-02
2.404623413086e+02 8.016049861908e-02
2.404634704590e+02 1.232907250524e-01
2.404645996094e+02 1.627499312162e-01
2.404657287598e+02 1.391613185406e-01
2.404668579102e+02 1.633934825659e-01
2.404679870605e+02 2.009596526623e-01
2.404691162109e+02 9.212636202574e-02
2.404702453613e+02 9.043659269810e-02
2.404713745117e+02 8.486140519381e-02
2.404725036621e+02 -2.597630769014e-02
2.404736328125e+02 -7.104969024658e-02
2.404747619629e+02 -2.221141383052e-02
2.404758911133e+02 2.277979627252e-02
2.404770202637e+02 4.108880460262e-02
2.404781494141e+02 1.365885324776e-02
2.404792785645e+02 -4.840243235230e-02
2.404804077148e+02 3.832175582647e-02
2.404815368652e+02 5.866287648678e-02
2.404826660156e+02 5.426680203527e-03
2.404837951660e+02 -2.687669917941e-02
2.404849243164e+02 -6.331671774387e-02
2.404860534668e+02 -1.126202046871e-01
2.404871826172e+02 -1.336766034365e-01
2.404883117676e+02 -5.473090335727e-02
2.404894409180e+02 -4.974332079291e-02
2.404905700684e+02 -1.865881495178e-02
2.404916992188e+02 2.884133905172e-02
2.404928283691e+02 2.574492692947e-01
2.404939575195e+02 5.037869215012e-01
2.404950866699e+02 6.060145497322e-01
2.404962158203e+02 9.207307696342e-01
2.404973449707e+02 1.224595546722e+00
2.404984741211e+02 1.367088913918e+00
2.404996032715e+02 3.898995399475e+00
2.405007324219e+02 4.813872337341e+00
2.405018615723e+02 2.246231555939e+00
2.405029907227e+02 6.884379386902e-01
2.405041198730e+02 1.997075676918e-01
2.405052490234e+02 1.440269201994e-01
2.405063781738e+02 -1.064622327685e-01
2.405075073242e+02 -1.028609573841e-01
2.405086364746e+02 1.873812824488e-02
2.405097656250e+02 9.997478127480e-02
2.405108947754e+02 1.120535954833e-01
2.405120239258e+02 1.018394604325e-01
2.405131530762e+02 8.650701493025e-02
2.405142822266e+02 8.983807265759e-02
2.405154113770e+02 1.773885786533e-01
2.405165252686e+02 1.747295260429e-01
2.405176544189e+02 1.295144110918e-01
2.405187835693e+02 1.357463002205e-01
2.405199127197e+02 2.113519236445e-02
2.405210418701e+02 7.918260060251e-03
2.405221710205e+02 6.412012130022e-02
2.405233001709e+02 2.116735577583e-01
2.405244293213e+02 1.376296132803e-01
2.405255584717e+02 -4.349983483553e-02
2.405266876221e+02 -8.438340574503e-02
2.405278167725e+02 1.570674963295e-02
2.405289459229e+02 7.625874131918e-02
2.405300750732e+02 8.667326718569e-02
2.405312042236e+02 -6.571520864964e-02
2.405323333740e+02 3.600978851318e-02
2.405334625244e+02 1.834976077080e-01
2.405345916748e+02 8.343243598938e-02
2.405357208252e+02 3.317856788635e-02
2.405368499756e+02 1.067286953330e-01
2.405379791260e+02 1.991557925940e-01
2.405391082764e+02 -3.377994522452e-02
2.405402374268e+02 2.645766548812e-02
2.405413665771e+02 2.789113670588e-02
2.405424957275e+02 -5.865204334259e-02
2.405436248779e+02 2.931809984148e-02
2.405447540283e+02 -1.008153660223e-03
2.405458831787e+02 -2.231992222369e-02
2.405470123291e+02 -4.136594384909e-02
2.405481414795e+02 -2.284545600414e-01
2.405492706299e+02 -9.712138026953e-02
2.405503997803e+02 5.095378030092e-03
2.405515289307e+02 -8.176042884588e-02
2.405526580811e+02 -1.259132921696e-01
2.405537872314e+02 3.661689697765e-04
2.405549163818e+02 4.185022786260e-02
2.405560455322e+02 7.847965508699e-02
2.405571746826e+02 5.024281889200e-02
2.405583038330e+02 1.255805492401e-01
2.405594329834e+02 2.654081285000e-01
2.405605621338e+02 1.055080294609e-01
2.405616912842e+02 6.955172866583e-02
2.405628204346e+02 -6.630666553974e-02
2.405639495850e+02 -1.122939065099e-01
2.405650787354e+02 -8.128116279840e-02
2.405662078857e+02 -1.520698517561e-01
2.405673370361e+02 -1.725381910801e-01
2.405684661865e+02 -1.464802324772e-01
2.405695953369e+02 1.797547005117e-02
2.405707244873e+02 -1.666636466980e-01
2.405718536377e+02 -2.428253740072e-01
2.405729827881e+02 -1.456781774759e-01
2.405741119385e+02 -2.235779017210e-01
2.405752410889e+02 -2.227585017681e-01
2.405763702393e+02 -1.586763858795e-01
2.405774993896e+02 -7.483051717281e-02
2.405786285400e+02 -5.289512500167e-02
2.405797576904e+02 -1.473996043205e-01
2.405808868408e+02 -1.651891320944e-01
2.405820159912e+02 -6.337939202785e-02
2.405831451416e+02 -3.419960662723e-02
2.405842742920e+02 -4.621059074998e-02
2.405854034424e+02 1.957406848669e-02
2.405865173340e+02 1.874291896820e-02
2.405876464844e+02 5.198043957353e-02
2.405887756348e+02 4.923743754625e-02
2.405899047852e+02 8.123777061701e-02
2.405910339355e+02 1.415268629789e-01
2.405921630859e+02 2.078336328268e-01
2.405932922363e+02 4.176487326622e-01
2.405944213867e+02 7.751216888428e-01
2.405955505371e+02 6.582194566727e-01
2.405966796875e+02 3.821851909161e-01
2.405978088379e+02 7.450906932354e-02
2.405989379883e+02 1.547685079277e-02
2.406000671387e+02 9.910701960325e-02
2.406011962891e+02 1.857639104128e-01
2.406023254395e+02 2.733669579029e-01
2.406034545898e+02 3.215594589710e-01
2.406045837402e+02 4.358040690422e-01
2.406057128906e+02 1.878313869238e-01
2.406068420410e+02 6.010497361422e-02
2.406079711914e+02 -4.668244626373e-03
2.406091003418e+02 -3.283359482884e-02
2.406102294922e+02 2.153610624373e-02
2.406113586426e+02 -8.000066876411e-02
2.406124877930e+02 -1.578222662210e-01
2.406136169434e+02 -1.930392384529e-01
2.406147460938e+02 -1.464893519878e-01
2.406158752441e+02 -1.744350343943e-01
2.406170043945e+02 -1.669356226921e-01
2.406181335449e+02 -1.723554730415e-01
2.406192626953e+02 -1.471016556025e-01
2.406203918457e+02 -1.719075143337e-01
2.406215209961e+02 -1.069247946143e-01
2.406226501465e+02 -7.667364925146e-02
2.406237792969e+02 -3.134686499834e-02
2.406249084473e+02 -9.866739809513e-02
2.406260375977e+02 -6.475894898176e-02
2.406271667480e+02 -9.317765384912e-02
2.406282958984e+02 -2.786382287741e-02
2.406294250488e+02 6.943555921316e-02
2.406305541992e+02 1.909945532680e-02
2.406316833496e+02 -6.568756699562e-02
2.406328125000e+02 3.178143873811e-02
2.406339416504e+02 -8.010876178741e-02
2.406350708008e+02 -9.399618208408e-02
2.406361999512e+02 -8.493733406067e-02
2.406373291016e+02 -4.244919121265e-02
2.406384582520e+02 2.004270441830e-02
2.406395874023e+02 -9.849580377340e-02
2.406407165527e+02 -1.403117179871e-01
2.406418457031e+02 -8.557639084756e-03
2.406429748535e+02 -8.317351341248e-02
2.406441040039e+02 -9.572092443705e-02
2.406452331543e+02 6.224682182074e-02
2.406463623047e+02 1.192474812269e-01
2.406474914551e+02 1.302457451820e-01
2.406486206055e+02 1.124600023031e-01
2.406497497559e+02 1.829389482737e-01
2.406508789062e+02 1.980535387993e-01
2.406520080566e+02 3.059332370758e-01
2.406531372070e+02 1.762937009335e-01
2.406542663574e+02 3.455564379692e-02
2.406553955078e+02 -1.686039380729e-02
2.406565246582e+02 1.588990725577e-02
2.406576385498e+02 1.916654035449e-02
2.406587677002e+02 5.079955328256e-03
2.406598968506e+02 3.624269040301e-03
2.406610260010e+02 -2.871835045516e-02
2.406621551514e+02 7.417329400778e-02
2.406632843018e+02 1.142279710621e-02
2.406644134521e+02 4.463255405426e-02
2.406655426025e+02 1.555846035480e-01
2.406666717529e+02 2.914823293686e-01
2.406678009033e+02 3.555410206318e-01
2.406689300537e+02 3.398269712925e-01
2.406700592041e+02 2.390013784170e-01
2.406711883545e+02 4.610286559910e-03
2.406723175049e+02 7.992773503065e-02
2.406734466553e+02 1.336396485567e-02
2.406745758057e+02 2.493486739695e-02
2.406757049561e+02 1.105089392513e-02
2.406768341064e+02 -5.875643715262e-02
2.406779632568e+02 8.901617489755e-03
2.406790924072e+02 9.613408893347e-02
2.406802215576e+02 3.865278139710e-02
2.406813507080e+02 -7.909654080868e-02
2.406824798584e+02 -1.030018031597e-01
2.406836090088e+02 1.427609324455e-01
2.406847381592e+02 1.414725184441e-01
2.406858673096e+02 2.328545153141e-01
2.406869964600e+02 5.104863643646e-01
2.406881256104e+02 9.217339754105e-01
2.406892547607e+02 2.010416507721e+00
2.406903839111e+02 1.981208205223e+00
2.406915130615e+02 1.194766521454e+00
