#title: Spectral profile - SDC45.787-0.335_1_SPW_2.image.pbcor.fits-raster
#region (world): Ellipse[[19:16:31.115, +11d16m11.49], [19:16:31.048, +11d16m12.489]]
#region (pixel): Ellipse[[190, 175], [198, 184]]
#coordinate: world
#xLabel: frequency [GHz]
#yLabel: [Kelvin] Mean

# SDC45.787-0.335_1_SPW_2.image.pbcor.fits-raster
2.279988555908e+02 -9.508929401636e-02
2.279977264404e+02 -4.343807324767e-02
2.279965972900e+02 -4.148724675179e-02
2.279954681396e+02 -2.926082350314e-02
2.279943389893e+02 -6.632080674171e-02
2.279932098389e+02 -1.451718900353e-02
2.279920806885e+02 6.420721113682e-02
2.279909515381e+02 -9.971604496241e-02
2.279898223877e+02 5.884717404842e-02
2.279886932373e+02 1.180083677173e-01
2.279875640869e+02 1.756408959627e-01
2.279864349365e+02 1.066835522652e-01
2.279853057861e+02 2.099299728870e-01
2.279841766357e+02 5.525842308998e-01
2.279830474854e+02 1.125900864601e+00
2.279819183350e+02 1.057144165039e+00
2.279807891846e+02 3.060040771961e-01
2.279796600342e+02 1.249515935779e-01
2.279785308838e+02 1.153081133962e-01
2.279774017334e+02 -6.591861695051e-02
2.279762725830e+02 -1.092433705926e-01
2.279751434326e+02 -7.402610778809e-02
2.279740142822e+02 5.548950657248e-02
2.279728851318e+02 7.578192651272e-02
2.279717559814e+02 7.026660442352e-02
2.279706268311e+02 1.213155314326e-01
2.279694976807e+02 1.868622601032e-01
2.279683685303e+02 1.474994122982e-01
2.279672393799e+02 1.129459366202e-01
2.279661102295e+02 6.773099303246e-02
2.279649810791e+02 -2.616978436708e-02
2.279638519287e+02 -6.742682307959e-02
2.279627227783e+02 1.166015192866e-01
2.279615936279e+02 1.063167452812e-01
2.279604644775e+02 5.308554507792e-03
2.279593353271e+02 1.155773848295e-01
2.279582061768e+02 1.218263134360e-01
2.279570770264e+02 1.586349010468e-01
2.279559478760e+02 1.851452589035e-01
2.279548187256e+02 5.112855881453e-02
2.279536895752e+02 -9.912588633597e-03
2.279525604248e+02 -9.686158038676e-03
2.279514312744e+02 1.857382431626e-02
2.279503021240e+02 5.382334347814e-03
2.279491729736e+02 1.085832417011e-01
2.279480438232e+02 2.101443558931e-01
2.279469146729e+02 1.535664945841e-01
2.279457855225e+02 9.451077878475e-02
2.279446563721e+02 -7.533408701420e-02
2.279435272217e+02 -7.945025712252e-02
2.279423980713e+02 -1.251062899828e-01
2.279412689209e+02 5.981936305761e-02
2.279401550293e+02 1.466408222914e-01
2.279390258789e+02 1.380689442158e-01
2.279378967285e+02 8.001979440451e-02
2.279367675781e+02 2.051849365234e-01
2.279356384277e+02 3.083530068398e-01
2.279345092773e+02 2.876119911671e-01
2.279333801270e+02 6.483013033867e-01
2.279322509766e+02 1.017335772514e+00
2.279311218262e+02 1.312410712242e+00
2.279299926758e+02 1.525141000748e+00
2.279288635254e+02 1.493567228317e+00
2.279277343750e+02 1.112698674202e+00
2.279266052246e+02 6.367624402046e-01
2.279254760742e+02 6.899651288986e-01
2.279243469238e+02 6.922513842583e-01
2.279232177734e+02 7.204359769821e-01
2.279220886230e+02 2.541833519936e-01
2.279209594727e+02 3.719211518764e-01
2.279198303223e+02 5.204328298569e-01
2.279187011719e+02 3.999234437943e-01
2.279175720215e+02 2.292543947697e-01
2.279164428711e+02 2.286947071552e-01
2.279153137207e+02 2.328656911850e-01
2.279141845703e+02 2.832434475422e-01
2.279130554199e+02 2.880561947823e-01
2.279119262695e+02 1.564738899469e-01
2.279107971191e+02 1.208342462778e-01
2.279096679688e+02 1.911990195513e-01
2.279085388184e+02 2.067532390356e-01
2.279074096680e+02 3.217547833920e-01
2.279062805176e+02 3.488783240318e-01
2.279051513672e+02 1.301267296076e-01
2.279040222168e+02 6.749090738595e-03
2.279028930664e+02 1.068338453770e-01
2.279017639160e+02 1.751314699650e-01
2.279006347656e+02 9.151570498943e-02
2.278995056152e+02 6.878504063934e-03
2.278983764648e+02 -9.041225537658e-03
2.278972473145e+02 3.367514815181e-03
2.278961181641e+02 3.011800050735e-01
2.278949890137e+02 3.180024921894e-01
2.278938598633e+02 5.210717320442e-01
2.278927307129e+02 7.476883530617e-01
2.278916015625e+02 6.316117644310e-01
2.278904724121e+02 3.388283252716e-01
2.278893432617e+02 3.924354016781e-01
2.278882141113e+02 4.492122307420e-02
2.278870849609e+02 -8.284410834312e-02
2.278859558105e+02 -1.647370010614e-01
2.278848266602e+02 -1.252154111862e-01
2.278836975098e+02 -6.693137437105e-02
2.278825683594e+02 -1.151452437043e-01
2.278814392090e+02 -3.704351931810e-02
2.278803100586e+02 -7.497198879719e-02
2.278791809082e+02 -1.674500107765e-01
2.278780517578e+02 -1.846427023411e-01
2.278769226074e+02 1.744299009442e-02
2.278757934570e+02 -2.235890179873e-02
2.278746643066e+02 -4.548221826553e-02
2.278735351562e+02 -9.740012697875e-03
2.278724060059e+02 1.733249127865e-01
2.278712768555e+02 9.581633657217e-02
2.278701629639e+02 1.156764924526e-01
2.278690338135e+02 1.948004215956e-01
2.278679046631e+02 1.073497086763e-01
2.278667755127e+02 1.393774244934e-02
2.278656463623e+02 -6.395672261715e-02
2.278645172119e+02 -7.455811649561e-02
2.278633880615e+02 -1.198206841946e-01
2.278622589111e+02 -5.029577016830e-02
2.278611297607e+02 2.633764147758e-01
2.278600006104e+02 3.716032207012e-01
2.278588714600e+02 5.036725401878e-01
2.278577423096e+02 4.751277863979e-01
2.278566131592e+02 4.378606081009e-01
2.278554840088e+02 2.772046327591e-01
2.278543548584e+02 2.643137872219e-01
2.278532257080e+02 3.505296111107e-01
2.278520965576e+02 2.782010138035e-01
2.278509674072e+02 2.530434429646e-01
2.278498382568e+02 3.953535556793e-01
2.278487091064e+02 4.664825797081e-01
2.278475799561e+02 4.259924292564e-01
2.278464508057e+02 8.999054431915e-01
2.278453216553e+02 9.686804413795e-01
2.278441925049e+02 6.430548429489e-01
2.278430633545e+02 3.180514574051e-01
2.278419342041e+02 3.047590553761e-01
2.278408050537e+02 -4.391008242965e-02
2.278396759033e+02 -6.824960932136e-03
2.278385467529e+02 -5.533143505454e-02
2.278374176025e+02 -8.176231384277e-02
2.278362884521e+02 1.798642985523e-02
2.278351593018e+02 4.379672557116e-02
2.278340301514e+02 -1.922068744898e-02
2.278329010010e+02 -1.124591007829e-01
2.278317718506e+02 -1.441697627306e-01
2.278306427002e+02 -9.879468381405e-02
2.278295135498e+02 -7.125577330589e-02
2.278283843994e+02 7.305535674095e-02
2.278272552490e+02 -3.407257422805e-02
2.278261260986e+02 7.293228060007e-02
2.278249969482e+02 1.486652046442e-01
2.278238677979e+02 -2.422372065485e-02
2.278227386475e+02 7.806876301765e-02
2.278216094971e+02 -7.225730270147e-02
2.278204803467e+02 -1.454879045486e-01
2.278193511963e+02 -1.302453428507e-01
2.278182220459e+02 -7.861557602882e-02
2.278170928955e+02 6.135742366314e-02
2.278159637451e+02 -6.134182959795e-02
2.278148345947e+02 -1.560597866774e-01
2.278137054443e+02 -9.209497272968e-02
2.278125762939e+02 -7.925589382648e-02
2.278114471436e+02 -3.451500087976e-02
2.278103179932e+02 -1.332297921181e-02
2.278091888428e+02 1.287931296974e-02
2.278080596924e+02 -5.464691296220e-02
2.278069305420e+02 -2.745005674660e-02
2.278058013916e+02 1.802980713546e-02
2.278046722412e+02 -8.048462122679e-02
2.278035430908e+02 2.389382279944e-04
2.278024139404e+02 -7.664801925421e-02
2.278012847900e+02 -1.884886026382e-01
2.278001556396e+02 -8.463886380196e-02
2.277990417480e+02 9.577097743750e-02
2.277979125977e+02 1.550755649805e-01
2.277967834473e+02 1.888110637665e-01
2.277956542969e+02 2.897135317326e-01
2.277945251465e+02 3.294270336628e-01
2.277933959961e+02 2.048764228821e-01
2.277922668457e+02 2.694504559040e-01
2.277911376953e+02 3.736745715141e-01
2.277900085449e+02 4.377432167530e-01
2.277888793945e+02 3.663210570812e-01
2.277877502441e+02 1.296157687902e-01
2.277866210938e+02 1.417932212353e-01
2.277854919434e+02 -1.331523060799e-02
2.277843627930e+02 -2.800313569605e-02
2.277832336426e+02 3.487766534090e-02
2.277821044922e+02 5.514131858945e-02
2.277809753418e+02 -3.044754453003e-02
2.277798461914e+02 -3.133690357208e-02
2.277787170410e+02 4.806881025434e-02
2.277775878906e+02 1.486118733883e-01
2.277764587402e+02 2.378790080547e-01
2.277753295898e+02 1.590145975351e-01
2.277742004395e+02 3.096518814564e-01
2.277730712891e+02 3.960275053978e-01
2.277719421387e+02 6.218793988228e-01
2.277708129883e+02 1.546897530556e+00
2.277696838379e+02 4.433001041412e+00
2.277685546875e+02 7.331874847412e+00
2.277674255371e+02 6.082188129425e+00
2.277662963867e+02 3.903759956360e+00
2.277651672363e+02 2.423827886581e+00
2.277640380859e+02 1.794753789902e+00
2.277629089355e+02 2.225186675787e-01
2.277617797852e+02 1.333726793528e-01
2.277606506348e+02 1.275315284729e-01
2.277595214844e+02 1.989018768072e-01
2.277583923340e+02 1.266061514616e-01
2.277572631836e+02 1.796438544989e-01
2.277561340332e+02 1.848367899656e-01
2.277550048828e+02 1.441655009985e-01
2.277538757324e+02 1.047317609191e-01
2.277527465820e+02 7.018077373505e-02
2.277516174316e+02 -3.464145120233e-04
2.277504882812e+02 1.761789247394e-02
2.277493591309e+02 1.231212913990e-01
2.277482299805e+02 7.415983825922e-02
2.277471008301e+02 1.381366401911e-01
2.277459716797e+02 2.303949743509e-01
2.277448425293e+02 4.819400608540e-01
2.277437133789e+02 3.323880136013e-01
2.277425842285e+02 1.565302014351e-01
2.277414550781e+02 1.758031398058e-01
2.277403259277e+02 2.277186512947e-01
2.277391967773e+02 1.253902763128e-01
2.277380676270e+02 1.797083020210e-01
2.277369384766e+02 3.095611929893e-01
2.277358093262e+02 6.821490526199e-01
2.277346801758e+02 1.163635969162e+00
2.277335510254e+02 1.018376469612e+00
2.277324218750e+02 5.387452244759e-01
2.277312927246e+02 2.927309870720e-01
2.277301635742e+02 3.677174746990e-01
2.277290496826e+02 9.154557436705e-02
2.277279205322e+02 -1.075058355927e-01
2.277267913818e+02 -3.527604043484e-02
2.277256622314e+02 1.391289383173e-01
2.277245330811e+02 -1.244995370507e-02
2.277234039307e+02 -1.691720336676e-01
2.277222747803e+02 -5.153905227780e-02
2.277211456299e+02 -6.191489472985e-02
2.277200164795e+02 -6.873318552971e-02
2.277188873291e+02 -8.478576689959e-02
2.277177581787e+02 -1.130013074726e-02
2.277166290283e+02 1.292930450290e-02
2.277154998779e+02 3.321030139923e-01
2.277143707275e+02 5.287891626358e-01
2.277132415771e+02 3.784572482109e-01
2.277121124268e+02 1.879810541868e-01
2.277109832764e+02 5.594276264310e-02
2.277098541260e+02 1.545377522707e-01
2.277087249756e+02 7.131088525057e-03
2.277075958252e+02 -1.164510473609e-02
2.277064666748e+02 -4.173467401415e-03
2.277053375244e+02 -7.932649552822e-02
2.277042083740e+02 -1.868636012077e-01
2.277030792236e+02 -1.068357229233e-01
2.277019500732e+02 -1.513645797968e-01
2.277008209229e+02 -1.002833470702e-01
2.276996917725e+02 2.308867638931e-03
2.276985626221e+02 -1.648916862905e-02
2.276974334717e+02 -3.021914046258e-03
2.276963043213e+02 -4.225797206163e-02
2.276951751709e+02 4.358030110598e-02
2.276940460205e+02 -9.410471469164e-02
2.276929168701e+02 -6.765181571245e-02
2.276917877197e+02 -1.028968542814e-01
2.276906585693e+02 -6.373292207718e-02
2.276895294189e+02 6.849493831396e-02
2.276884002686e+02 1.796374469995e-02
2.276872711182e+02 4.433561116457e-02
2.276861419678e+02 4.989441484213e-02
2.276850128174e+02 1.422983855009e-01
2.276838836670e+02 2.034531384706e-01
2.276827545166e+02 1.092667132616e-01
2.276816253662e+02 -2.669492550194e-02
2.276804962158e+02 -3.780185943469e-03
2.276793670654e+02 2.197899110615e-02
2.276782379150e+02 -1.014194935560e-01
2.276771087646e+02 1.519541349262e-02
2.276759796143e+02 1.248172763735e-02
2.276748504639e+02 -1.945263892412e-02
2.276737213135e+02 -1.119559332728e-01
2.276725921631e+02 -9.353110939264e-02
2.276714630127e+02 -5.728241056204e-03
2.276703338623e+02 3.755284240469e-03
2.276692047119e+02 -8.509187959135e-03
2.276680755615e+02 -6.004128977656e-02
2.276669464111e+02 -2.186104096472e-02
2.276658172607e+02 -5.324053019285e-02
2.276646881104e+02 3.098074719310e-02
2.276635589600e+02 8.334486186504e-02
2.276624298096e+02 5.841027086717e-05
2.276613006592e+02 -9.797517955303e-02
2.276601715088e+02 4.574349895120e-02
2.276590423584e+02 4.694252088666e-02
2.276579284668e+02 -2.903512865305e-02
2.276567993164e+02 3.296932205558e-02
2.276556701660e+02 -7.886042445898e-02
2.276545410156e+02 -3.868311271071e-02
2.276534118652e+02 7.288460433483e-02
2.276522827148e+02 -3.052941896021e-02
2.276511535645e+02 -7.569654285908e-02
2.276500244141e+02 -8.778245002031e-02
2.276488952637e+02 2.144640497863e-02
2.276477661133e+02 7.896924763918e-02
2.276466369629e+02 -1.310082990676e-02
2.276455078125e+02 2.460453473032e-02
2.276443786621e+02 1.610451750457e-02
2.276432495117e+02 -1.108991876245e-01
2.276421203613e+02 -1.079136207700e-01
2.276409912109e+02 -6.246934179217e-03
2.276398620605e+02 -8.354374207556e-03
2.276387329102e+02 -1.767735630274e-01
2.276376037598e+02 -9.346596151590e-02
2.276364746094e+02 -1.188353151083e-01
2.276353454590e+02 1.054942049086e-02
2.276342163086e+02 1.095836684108e-01
2.276330871582e+02 1.762423217297e-01
2.276319580078e+02 1.376779824495e-01
2.276308288574e+02 5.131837725639e-02
2.276296997070e+02 4.350768774748e-02
2.276285705566e+02 -3.815817087889e-02
2.276274414062e+02 -5.612916126847e-02
2.276263122559e+02 -2.434516139328e-02
2.276251831055e+02 -6.013755686581e-03
2.276240539551e+02 -1.041380390525e-01
2.276229248047e+02 3.817772492766e-02
2.276217956543e+02 -4.602251574397e-02
2.276206665039e+02 4.642312973738e-02
2.276195373535e+02 -2.577535342425e-03
2.276184082031e+02 -8.070145547390e-02
2.276172790527e+02 -6.886252015829e-02
2.276161499023e+02 -1.013687178493e-01
2.276150207520e+02 -3.404825180769e-02
2.276138916016e+02 1.842746436596e-01
2.276127624512e+02 4.789598584175e-01
2.276116333008e+02 6.284757852554e-01
2.276105041504e+02 9.746144413948e-01
2.276093750000e+02 8.655335903168e-01
2.276082458496e+02 5.837804675102e-01
2.276071166992e+02 5.134975314140e-01
2.276059875488e+02 3.970581293106e-01
2.276048583984e+02 2.030188292265e-01
2.276037292480e+02 1.466702222824e-01
2.276026000977e+02 6.255736947060e-01
2.276014709473e+02 9.833821654320e-01
2.276003417969e+02 8.646718859673e-01
2.275992126465e+02 2.619951665401e-01
2.275980834961e+02 1.443981081247e-01
2.275969543457e+02 1.406521201134e-01
2.275958251953e+02 2.585928328335e-02
2.275946960449e+02 -5.500757321715e-02
2.275935668945e+02 -1.493842303753e-01
2.275924377441e+02 -2.311515957117e-01
2.275913085938e+02 -9.444022178650e-02
2.275901794434e+02 -1.607668958604e-02
2.275890502930e+02 -6.023033987731e-03
2.275879364014e+02 8.755505084991e-02
2.275868072510e+02 6.417407840490e-02
2.275856781006e+02 -1.723895035684e-02
2.275845489502e+02 1.058656275272e-01
2.275834197998e+02 4.939454421401e-02
2.275822906494e+02 7.407113164663e-02
2.275811614990e+02 1.740812063217e-01
2.275800323486e+02 1.780895888805e-01
2.275789031982e+02 1.344253420830e-01
2.275777740479e+02 1.595573127270e-01
2.275766448975e+02 1.052829697728e-01
2.275755157471e+02 -1.098518259823e-02
2.275743865967e+02 -7.334091514349e-02
2.275732574463e+02 -1.509235799313e-01
2.275721282959e+02 -7.558565121144e-03
2.275709991455e+02 -1.059553772211e-01
2.275698699951e+02 4.065432772040e-02
2.275687408447e+02 4.040875285864e-02
2.275676116943e+02 -1.018751487136e-01
2.275664825439e+02 2.522883936763e-02
2.275653533936e+02 1.031588092446e-01
2.275642242432e+02 7.680745422840e-02
2.275630950928e+02 2.435607314110e-01
2.275619659424e+02 9.082730412483e-01
2.275608367920e+02 1.800864577293e+00
2.275597076416e+02 2.353866338730e+00
2.275585784912e+02 1.948998808861e+00
2.275574493408e+02 1.439333677292e+00
2.275563201904e+02 1.321058988571e+00
2.275551910400e+02 1.014220952988e+00
2.275540618896e+02 6.700923442841e-01
2.275529327393e+02 1.109019517899e+00
2.275518035889e+02 8.253540396690e-01
2.275506744385e+02 5.248414278030e-01
2.275495452881e+02 3.925004303455e-01
2.275484161377e+02 1.891751140356e-01
2.275472869873e+02 2.263559550047e-01
2.275461578369e+02 1.824161708355e-01
2.275450286865e+02 1.350501477718e-01
2.275438995361e+02 2.086286395788e-01
2.275427703857e+02 2.375912368298e-01
2.275416412354e+02 3.873778879642e-01
2.275405120850e+02 3.948797285557e-01
2.275393829346e+02 2.357222884893e-01
2.275382537842e+02 2.297451794147e-01
2.275371246338e+02 1.279727816582e-01
2.275359954834e+02 2.649726569653e-01
2.275348663330e+02 3.084810972214e-01
2.275337371826e+02 3.497434258461e-01
2.275326080322e+02 1.607262939215e-01
2.275314788818e+02 7.320281118155e-02
2.275303497314e+02 9.329793602228e-02
2.275292205811e+02 5.087984725833e-02
2.275280914307e+02 -8.199202269316e-02
2.275269622803e+02 9.136760607362e-03
2.275258331299e+02 -2.082730457187e-02
2.275247039795e+02 1.031158193946e-01
2.275235748291e+02 6.575996428728e-02
2.275224456787e+02 -5.735599622130e-02
2.275213165283e+02 1.280213594437e-01
2.275201873779e+02 4.229817688465e-01
2.275190582275e+02 1.233014106750e+00
2.275179443359e+02 3.404664993286e+00
2.275168151855e+02 6.839485645294e+00
2.275156860352e+02 7.999649047852e+00
2.275145568848e+02 6.293608188629e+00
2.275134277344e+02 3.637989282608e+00
2.275122985840e+02 1.926348567009e+00
2.275111694336e+02 9.915050864220e-01
2.275100402832e+02 5.284405350685e-01
2.275089111328e+02 6.693708896637e-02
2.275077819824e+02 -1.333932485431e-02
2.275066528320e+02 -2.449250593781e-02
2.275055236816e+02 1.198893878609e-02
2.275043945312e+02 -1.208198294044e-01
2.275032653809e+02 -1.094296127558e-01
2.275021362305e+02 -5.336280539632e-02
2.275010070801e+02 -3.381998091936e-02
2.274998779297e+02 7.134713232517e-02
2.274987487793e+02 2.311454117298e-01
2.274976196289e+02 1.741844564676e-01
2.274964904785e+02 2.035486400127e-01
2.274953613281e+02 1.597619801760e-01
2.274942321777e+02 6.888363510370e-02
2.274931030273e+02 1.361250877380e-01
2.274919738770e+02 1.827283650637e-01
2.274908447266e+02 1.835572570562e-01
2.274897155762e+02 2.674142122269e-01
2.274885864258e+02 2.478440254927e-01
2.274874572754e+02 3.661255240440e-01
2.274863281250e+02 5.360401868820e-01
2.274851989746e+02 4.467798173428e-01
2.274840698242e+02 3.310777544975e-01
2.274829406738e+02 1.596826761961e-01
2.274818115234e+02 2.038509398699e-01
2.274806823730e+02 1.908387802541e-02
2.274795532227e+02 -1.089404746890e-01
2.274784240723e+02 -1.098145097494e-01
2.274772949219e+02 -6.868891417980e-02
2.274761657715e+02 -3.309441730380e-02
2.274750366211e+02 -1.863463036716e-02
2.274739074707e+02 -3.755248337984e-02
2.274727783203e+02 -3.701844811440e-02
2.274716491699e+02 -1.157045140862e-01
2.274705200195e+02 2.806989103556e-02
2.274693908691e+02 4.398386552930e-02
2.274682617188e+02 5.884441360831e-02
2.274671325684e+02 6.661394238472e-02
2.274660034180e+02 5.623507499695e-02
2.274648742676e+02 4.644182976335e-03
2.274637451172e+02 -3.422252088785e-02
2.274626159668e+02 1.359904408455e-01
2.274614868164e+02 8.772963285446e-02
2.274603576660e+02 8.870808780193e-02
2.274592285156e+02 1.433665752411e-01
2.274580993652e+02 -3.985649906099e-03
2.274569702148e+02 7.335025817156e-02
2.274558410645e+02 -1.408899873495e-01
2.274547119141e+02 8.830272592604e-03
2.274535827637e+02 7.429688423872e-02
2.274524536133e+02 1.396108567715e-01
2.274513244629e+02 1.058801561594e-01
2.274501953125e+02 9.678113460541e-02
2.274490661621e+02 8.423060178757e-02
2.274479370117e+02 -1.311043500900e-01
2.274468231201e+02 2.999090217054e-02
2.274456939697e+02 6.938976794481e-02
2.274445648193e+02 5.995815247297e-02
2.274434356689e+02 4.258066788316e-02
2.274423065186e+02 3.644910454750e-02
2.274411773682e+02 -6.227977946401e-02
2.274400482178e+02 -3.284538164735e-02
2.274389190674e+02 -1.301231235266e-02
2.274377899170e+02 -3.183198720217e-02
2.274366607666e+02 -5.966514348984e-02
2.274355316162e+02 -5.048282071948e-02
2.274344024658e+02 -5.793193355203e-02
2.274332733154e+02 -1.670603156090e-01
2.274321441650e+02 -1.421665698290e-01
2.274310150146e+02 -6.748472154140e-02
2.274298858643e+02 -3.614406287670e-02
2.274287567139e+02 -1.098848953843e-01
2.274276275635e+02 -6.995011866093e-02
2.274264984131e+02 -9.822271764278e-03
2.274253692627e+02 -2.263109013438e-02
2.274242401123e+02 -2.958852425218e-02
2.274231109619e+02 -6.729797273874e-02
2.274219818115e+02 -1.175308451056e-01
2.274208526611e+02 -1.568984985352e-01
2.274197235107e+02 -9.155336767435e-02
2.274185943604e+02 7.031010836363e-02
2.274174652100e+02 -4.958449676633e-02
2.274163360596e+02 -1.468396186829e-01
2.274152069092e+02 1.917063072324e-02
2.274140777588e+02 5.026379972696e-02
2.274129486084e+02 4.981735721231e-02
2.274118194580e+02 9.808936715126e-02
2.274106903076e+02 8.181672543287e-03
2.274095611572e+02 1.651158332825e-01
2.274084320068e+02 1.415937691927e-01
2.274073028564e+02 1.455115824938e-01
2.274061737061e+02 1.730469465256e-01
2.274050445557e+02 9.454379230738e-02
2.274039154053e+02 5.444194003940e-02
2.274027862549e+02 6.881013512611e-03
2.274016571045e+02 -7.459591329098e-02
2.274005279541e+02 -4.465604946017e-02
2.273993988037e+02 -2.294668182731e-02
2.273982696533e+02 4.468698799610e-02
2.273971405029e+02 -5.349518358707e-02
2.273960113525e+02 -5.535853281617e-02
2.273948822021e+02 3.330969065428e-02
2.273937530518e+02 -2.266731113195e-02
2.273926239014e+02 -1.188158243895e-01
2.273914947510e+02 1.615961045027e-01
2.273903656006e+02 9.824014455080e-02
2.273892364502e+02 1.163553223014e-01
2.273881072998e+02 2.951428852975e-02
2.273869781494e+02 1.288091018796e-02
2.273858489990e+02 7.002887874842e-02
2.273847198486e+02 1.195471510291e-01
2.273835906982e+02 1.625293493271e-02
2.273824615479e+02 5.452722311020e-02
2.273813323975e+02 1.944632828236e-01
2.273802032471e+02 2.476614117622e-01
2.273790740967e+02 5.668818354607e-01
2.273779449463e+02 7.823446989059e-01
2.273768310547e+02 1.420802831650e+00
2.273757019043e+02 1.992247939110e+00
2.273745727539e+02 4.013352870941e+00
2.273734436035e+02 8.850089073181e+00
2.273723144531e+02 8.011570930481e+00
2.273711853027e+02 5.036653995514e+00
2.273700561523e+02 3.540718555450e+00
2.273689270020e+02 2.518141984940e+00
2.273677978516e+02 1.761519193649e+00
2.273666687012e+02 1.112723231316e+00
2.273655395508e+02 8.757824897766e-01
2.273644104004e+02 4.816909730434e-01
2.273632812500e+02 2.111284136772e-01
2.273621520996e+02 2.094941586256e-01
2.273610229492e+02 1.801465600729e-01
2.273598937988e+02 5.159341543913e-02
2.273587646484e+02 5.733942240477e-02
2.273576354980e+02 6.372828036547e-02
2.273565063477e+02 9.135578572750e-02
2.273553771973e+02 1.559690386057e-02
2.273542480469e+02 5.524732172489e-03
2.273531188965e+02 -4.157169908285e-02
2.273519897461e+02 -1.233948022127e-02
2.273508605957e+02 2.419461682439e-02
2.273497314453e+02 -1.726606301963e-02
2.273486022949e+02 -3.626237064600e-02
2.273474731445e+02 3.331332281232e-02
2.273463439941e+02 -3.003201447427e-02
2.273452148438e+02 -4.609594121575e-02
2.273440856934e+02 3.008661419153e-02
2.273429565430e+02 -9.107355959713e-03
2.273418273926e+02 -6.395259499550e-02
2.273406982422e+02 -1.592750400305e-01
2.273395690918e+02 -1.806084252894e-02
2.273384399414e+02 1.850704103708e-02
2.273373107910e+02 -1.217000186443e-01
2.273361816406e+02 -2.324970513582e-01
2.273350524902e+02 -1.885540932417e-01
2.273339233398e+02 -1.009272113442e-01
2.273327941895e+02 -7.276242971420e-02
2.273316650391e+02 3.229818865657e-02
2.273305358887e+02 6.426224857569e-02
2.273294067383e+02 -8.057337999344e-02
2.273282775879e+02 -5.563427880406e-02
2.273271484375e+02 -2.277666889131e-02
2.273260192871e+02 -3.804334998131e-02
2.273248901367e+02 5.633494257927e-02
2.273237609863e+02 -5.368593335152e-02
2.273226318359e+02 -7.044580578804e-02
2.273215026855e+02 -6.927009671926e-02
2.273203735352e+02 -1.620221436024e-01
2.273192443848e+02 -2.740391530097e-02
2.273181152344e+02 -5.817925557494e-02
2.273169860840e+02 -7.218294590712e-02
2.273158569336e+02 5.262938141823e-02
2.273147277832e+02 1.175580471754e-01
2.273135986328e+02 1.150017008185e-01
2.273124694824e+02 1.030923798680e-01
2.273113403320e+02 9.170922636986e-02
2.273102111816e+02 1.885111182928e-01
2.273090820312e+02 1.685142368078e-01
2.273079528809e+02 6.363571435213e-02
2.273068237305e+02 -1.744069904089e-02
2.273057098389e+02 1.535161957145e-02
2.273045806885e+02 1.920782215893e-02
2.273034515381e+02 1.381120234728e-01
2.273023223877e+02 -1.131769269705e-01
2.273011932373e+02 -7.045686244965e-02
2.273000640869e+02 -5.792497843504e-02
2.272989349365e+02 -6.385413557291e-02
2.272978057861e+02 5.284149944782e-02
2.272966766357e+02 -7.183223962784e-02
2.272955474854e+02 4.732097685337e-02
2.272944183350e+02 6.281370669603e-02
2.272932891846e+02 -4.866617172956e-02
2.272921600342e+02 -1.062796264887e-01
2.272910308838e+02 -3.344837576151e-02
2.272899017334e+02 6.390961259604e-02
2.272887725830e+02 9.290964901447e-02
2.272876434326e+02 5.069349892437e-03
2.272865142822e+02 6.047768145800e-02
2.272853851318e+02 -9.395658969879e-02
2.272842559814e+02 -1.774073764682e-02
2.272831268311e+02 4.963504523039e-02
2.272819976807e+02 -3.153681382537e-02
2.272808685303e+02 9.627661854029e-02
2.272797393799e+02 2.848824253306e-03
2.272786102295e+02 5.719689279795e-02
2.272774810791e+02 1.115524023771e-01
2.272763519287e+02 1.985463798046e-01
2.272752227783e+02 1.427574008703e-01
2.272740936279e+02 4.024952650070e-02
2.272729644775e+02 -2.536878362298e-02
2.272718353271e+02 6.784676015377e-02
2.272707061768e+02 1.906186193228e-01
2.272695770264e+02 2.245452553034e-01
2.272684478760e+02 1.765272170305e-01
2.272673187256e+02 1.224778816104e-01
2.272661895752e+02 1.994000077248e-01
2.272650604248e+02 6.979654729366e-02
2.272639312744e+02 5.578543990850e-02
2.272628021240e+02 6.467718631029e-02
2.272616729736e+02 -5.399023648351e-03
2.272605438232e+02 -9.175019711256e-02
2.272594146729e+02 -1.105517297983e-01
2.272582855225e+02 -5.596676468849e-02
2.272571563721e+02 1.077239587903e-01
2.272560272217e+02 2.859703600407e-01
2.272548980713e+02 8.597013950348e-01
2.272537689209e+02 8.107523918152e-01
2.272526397705e+02 6.402104496956e-01
2.272515106201e+02 5.066097378731e-01
2.272503814697e+02 5.888893604279e-01
2.272492523193e+02 7.528155446053e-01
2.272481231689e+02 1.097678184509e+00
2.272469940186e+02 5.730580091476e-01
2.272458648682e+02 2.379937022924e-01
2.272447357178e+02 1.325095146894e-01
2.272436065674e+02 5.948552489281e-02
2.272424774170e+02 -7.729139178991e-04
2.272413482666e+02 3.935414925218e-02
2.272402191162e+02 -1.198028549552e-01
2.272390899658e+02 -4.956585541368e-02
2.272379608154e+02 -5.911743734032e-03
2.272368316650e+02 -8.963657915592e-02
2.272357177734e+02 -6.781251728535e-02
2.272345886230e+02 -1.267624348402e-01
2.272334594727e+02 -1.084136962891e-01
2.272323303223e+02 1.854282431304e-02
2.272312011719e+02 -2.420847117901e-02
2.272300720215e+02 -8.366311341524e-02
2.272289428711e+02 -5.919830873609e-02
2.272278137207e+02 -7.612923532724e-02
2.272266845703e+02 -9.940116852522e-02
2.272255554199e+02 -1.464097499847e-01
2.272244262695e+02 -1.439707130194e-01
2.272232971191e+02 -1.576879918575e-01
2.272221679688e+02 -7.793837040663e-02
2.272210388184e+02 -1.914033591747e-01
2.272199096680e+02 -1.503950953484e-01
2.272187805176e+02 -1.090251579881e-01
2.272176513672e+02 -1.024490147829e-01
2.272165222168e+02 5.363869294524e-02
2.272153930664e+02 6.006890535355e-02
2.272142639160e+02 1.409378349781e-01
2.272131347656e+02 1.219259649515e-01
2.272120056152e+02 8.350952714682e-02
2.272108764648e+02 1.604794897139e-02
2.272097473145e+02 -1.500894781202e-03
2.272086181641e+02 -1.087265312672e-01
2.272074890137e+02 -2.970119006932e-02
2.272063598633e+02 2.132392302155e-02
2.272052307129e+02 -3.267359361053e-02
2.272041015625e+02 -8.457592129707e-02
2.272029724121e+02 6.397982686758e-02
2.272018432617e+02 1.620577275753e-01
2.272007141113e+02 4.037449061871e-01
2.271995849609e+02 6.149762272835e-01
2.271984558105e+02 5.890425443649e-01
2.271973266602e+02 2.412824183702e-01
2.271961975098e+02 1.486345678568e-01
2.271950683594e+02 4.383151978254e-02
2.271939392090e+02 1.132886782289e-01
2.271928100586e+02 1.549888402224e-01
2.271916809082e+02 4.300022497773e-02
2.271905517578e+02 -7.249905169010e-02
2.271894226074e+02 -1.160566136241e-01
2.271882934570e+02 -3.457639599219e-03
2.271871643066e+02 -1.015613973141e-01
2.271860351562e+02 -3.710504993796e-02
2.271849060059e+02 3.948563337326e-01
2.271837768555e+02 9.345424771309e-01
2.271826477051e+02 1.016952753067e+00
2.271815185547e+02 4.045130908489e-01
2.271803894043e+02 2.147915214300e-01
2.271792602539e+02 2.242943644524e-01
2.271781311035e+02 1.474042534828e-01
2.271770019531e+02 1.053040698171e-01
2.271758728027e+02 6.686104834080e-02
2.271747436523e+02 1.983118802309e-02
2.271736145020e+02 -8.016603440046e-02
2.271724853516e+02 -7.707194983959e-02
2.271713562012e+02 -2.758115716279e-02
2.271702270508e+02 -9.461274370551e-03
2.271690979004e+02 -3.387712314725e-02
2.271679687500e+02 -5.609745904803e-02
2.271668395996e+02 -1.417152136564e-01
2.271657104492e+02 -1.493115723133e-01
2.271645965576e+02 -8.023398369551e-02
2.271634674072e+02 -6.863348931074e-02
2.271623382568e+02 -5.091851204634e-02
2.271612091064e+02 -8.724833279848e-02
2.271600799561e+02 8.837206289172e-03
2.271589508057e+02 -1.943926960230e-01
2.271578216553e+02 -1.162531226873e-01
2.271566925049e+02 -8.207193762064e-02
2.271555633545e+02 -1.152369081974e-01
2.271544342041e+02 -6.700234115124e-02
2.271533050537e+02 -5.782448127866e-02
2.271521759033e+02 -1.862491108477e-02
2.271510467529e+02 -8.215352892876e-02
2.271499176025e+02 -7.839238643646e-02
2.271487884521e+02 -1.242059543729e-01
2.271476593018e+02 -7.214414328337e-02
2.271465301514e+02 7.610355503857e-03
2.271454010010e+02 -1.323826611042e-03
2.271442718506e+02 -1.174509152770e-01
2.271431427002e+02 -1.881416141987e-01
2.271420135498e+02 -2.122576236725e-01
2.271408843994e+02 -1.359145492315e-01
2.271397552490e+02 -1.134086400270e-02
2.271386260986e+02 -8.366559445858e-02
2.271374969482e+02 2.662810869515e-02
2.271363677979e+02 1.322425156832e-01
2.271352386475e+02 5.232062339783e-01
2.271341094971e+02 5.603367686272e-01
2.271329803467e+02 3.060489892960e-01
2.271318511963e+02 1.278298199177e-01
2.271307220459e+02 4.974674805999e-02
2.271295928955e+02 -4.178258404136e-02
2.271284637451e+02 -3.122220188379e-02
2.271273345947e+02 -4.484707862139e-02
2.271262054443e+02 -4.358693957329e-02
2.271250762939e+02 5.336099863052e-02
2.271239471436e+02 2.873311936855e-01
2.271228179932e+02 2.532603740692e-01
2.271216888428e+02 1.338580846786e-01
2.271205596924e+02 -8.667159080505e-02
2.271194305420e+02 -7.510591298342e-02
2.271183013916e+02 -1.108207181096e-01
2.271171722412e+02 -1.298424005508e-01
2.271160430908e+02 -9.883505851030e-02
2.271149139404e+02 -1.779127717018e-01
2.271137847900e+02 -1.997432857752e-01
2.271126556396e+02 -1.438699811697e-01
2.271115264893e+02 -1.182264685631e-01
2.271103973389e+02 -3.674369771034e-03
2.271092681885e+02 -1.176953781396e-02
2.271081390381e+02 -2.899627387524e-02
2.271070098877e+02 -3.442325070500e-02
2.271058807373e+02 1.300008036196e-02
2.271047515869e+02 3.193867951632e-02
2.271036224365e+02 6.664446741343e-02
2.271024932861e+02 -8.527486026287e-02
2.271013641357e+02 -2.474904656410e-01
2.271002349854e+02 5.601312965155e-02
2.270991058350e+02 9.043741226196e-02
2.270979766846e+02 6.090246140957e-02
2.270968475342e+02 7.712607830763e-02
2.270957183838e+02 -1.966393925250e-02
2.270946044922e+02 -1.547060310841e-01
2.270934753418e+02 -2.030356973410e-01
2.270923461914e+02 -6.125849112868e-02
2.270912170410e+02 -8.268833905458e-02
2.270900878906e+02 -1.434082984924e-01
2.270889587402e+02 -1.876560412347e-02
2.270878295898e+02 -5.354742705822e-02
2.270867004395e+02 -3.603979945183e-03
2.270855712891e+02 -1.249442435801e-02
2.270844421387e+02 1.602233797312e-01
2.270833129883e+02 1.431401520967e-01
2.270821838379e+02 -3.645199909806e-02
2.270810546875e+02 -1.054650768638e-01
2.270799255371e+02 8.395265042782e-02
2.270787963867e+02 8.281075209379e-02
2.270776672363e+02 5.965993925929e-02
2.270765380859e+02 8.344409614801e-02
2.270754089355e+02 5.728403478861e-02
2.270742797852e+02 3.373865038157e-02
2.270731506348e+02 -6.612903624773e-02
2.270720214844e+02 -2.638510055840e-02
2.270708923340e+02 -1.627008020878e-01
2.270697631836e+02 5.672906339169e-02
2.270686340332e+02 2.675278484821e-01
2.270675048828e+02 3.708485960960e-01
2.270663757324e+02 4.021759331226e-01
2.270652465820e+02 2.711402773857e-01
2.270641174316e+02 1.971407830715e-01
2.270629882812e+02 1.629149168730e-01
2.270618591309e+02 2.321685999632e-01
2.270607299805e+02 1.309502124786e-01
2.270596008301e+02 -1.791612990201e-02
2.270584716797e+02 1.032065525651e-01
2.270573425293e+02 1.379840541631e-02
2.270562133789e+02 2.328911237419e-02
2.270550842285e+02 8.235822618008e-02
2.270539550781e+02 1.046836823225e-01
2.270528259277e+02 1.893418878317e-01
2.270516967773e+02 8.358104825020e-01
2.270505676270e+02 2.093039035797e+00
2.270494384766e+02 3.526841640472e+00
2.270483093262e+02 3.921122312546e+00
2.270471801758e+02 2.515091896057e+00
2.270460510254e+02 1.522126436234e+00
2.270449218750e+02 1.166452050209e+00
2.270437927246e+02 7.334810495377e-01
2.270426635742e+02 1.847207844257e-01
2.270415344238e+02 9.583157300949e-02
2.270404052734e+02 1.215455029160e-02
2.270392761230e+02 -4.093453660607e-02
2.270381469727e+02 -1.329910662025e-02
2.270370178223e+02 -1.116043627262e-01
2.270358886719e+02 -5.322492122650e-02
2.270347595215e+02 -2.906020497903e-03
2.270336303711e+02 4.887181334198e-03
2.270325012207e+02 -6.805442273617e-02
2.270313720703e+02 -4.555045813322e-02
2.270302429199e+02 -2.070954535156e-03
2.270291137695e+02 -9.243433922529e-02
2.270279846191e+02 -1.068133115768e-01
2.270268554688e+02 -7.704437524080e-02
2.270257263184e+02 -7.287663966417e-02
2.270245971680e+02 2.450315980241e-03
2.270234832764e+02 -9.628686122596e-03
2.270223541260e+02 -1.247315704823e-01
2.270212249756e+02 -1.208036318421e-01
2.270200958252e+02 -1.049650236964e-01
2.270189666748e+02 -6.393966078758e-02
2.270178375244e+02 -1.107236836106e-02
2.270167083740e+02 -4.438816383481e-02
2.270155792236e+02 -1.307679563761e-01
2.270144500732e+02 -1.778716295958e-01
2.270133209229e+02 -2.010738104582e-01
2.270121917725e+02 -1.648487448692e-01
2.270110626221e+02 -7.622049003839e-02
2.270099334717e+02 -7.752718031406e-02
2.270088043213e+02 -3.589322790504e-02
2.270076751709e+02 1.016319096088e-01
2.270065460205e+02 -5.055427551270e-02
2.270054168701e+02 -1.495891809464e-01
2.270042877197e+02 -1.629601269960e-01
2.270031585693e+02 -1.440272927284e-01
2.270020294189e+02 -2.425648123026e-01
2.270009002686e+02 -1.353799998760e-01
2.269997711182e+02 -2.854024991393e-02
2.269986419678e+02 1.589235067368e-01
2.269975128174e+02 1.167783439159e-01
2.269963836670e+02 -1.305257808417e-02
2.269952545166e+02 -9.960483759642e-02
2.269941253662e+02 -1.287247836590e-01
2.269929962158e+02 9.473831951618e-02
2.269918670654e+02 5.559807643294e-03
2.269907379150e+02 2.048260904849e-02
2.269896087646e+02 6.058928091079e-03
2.269884796143e+02 1.179685592651e-01
2.269873504639e+02 2.639594972134e-01
2.269862213135e+02 2.766390740871e-01
2.269850921631e+02 5.259041190147e-01
2.269839630127e+02 1.090425491333e+00
2.269828338623e+02 2.386379480362e+00
2.269817047119e+02 3.242081642151e+00
2.269805755615e+02 1.486890554428e+00
2.269794464111e+02 7.751759290695e-01
2.269783172607e+02 5.783603191376e-01
2.269771881104e+02 3.890113532543e-01
2.269760589600e+02 6.948913335800e-01
2.269749298096e+02 1.375936985016e+00
2.269738006592e+02 3.216440439224e+00
2.269726715088e+02 2.554588556290e+00
2.269715423584e+02 1.038206100464e+00
2.269704132080e+02 5.386492609978e-01
2.269692840576e+02 2.095682919025e-01
2.269681549072e+02 -3.302610712126e-03
2.269670257568e+02 -7.530633360147e-02
2.269658966064e+02 -1.300773490220e-02
2.269647674561e+02 -7.710759341717e-02
2.269636383057e+02 3.540880233049e-02
2.269625091553e+02 8.867054432631e-02
2.269613800049e+02 2.492460235953e-02
2.269602508545e+02 4.423223808408e-02
2.269591217041e+02 1.408846080303e-01
2.269579925537e+02 -1.252945978194e-02
2.269568634033e+02 -1.049030050635e-01
2.269557342529e+02 -1.097911298275e-01
2.269546051025e+02 -1.055943146348e-01
2.269534912109e+02 -1.379188448191e-01
2.269523620605e+02 -1.037417799234e-01
2.269512329102e+02 -8.138152211905e-02
2.269501037598e+02 -1.637415885925e-01
2.269489746094e+02 -9.899964183569e-02
2.269478454590e+02 -5.095252022147e-02
2.269467163086e+02 -8.645086735487e-02
2.269455871582e+02 -8.675678074360e-02
2.269444580078e+02 3.453941643238e-02
2.269433288574e+02 1.973025947809e-01
2.269421997070e+02 2.215304523706e-01
2.269410705566e+02 4.125257581472e-02
2.269399414062e+02 -8.721383288503e-03
2.269388122559e+02 -3.236174583435e-02
2.269376831055e+02 -5.777055770159e-02
2.269365539551e+02 2.276930212975e-02
2.269354248047e+02 6.444045901299e-02
2.269342956543e+02 8.347675204277e-02
2.269331665039e+02 5.967086926103e-02
2.269320373535e+02 5.868289992213e-02
2.269309082031e+02 -1.542962715030e-02
2.269297790527e+02 -4.350736364722e-02
2.269286499023e+02 -4.695362597704e-02
2.269275207520e+02 5.751118063927e-02
2.269263916016e+02 2.330439686775e-01
2.269252624512e+02 1.363745797426e-02
2.269241333008e+02 4.059776663780e-02
2.269230041504e+02 6.425240635872e-02
2.269218750000e+02 -6.267846375704e-02
2.269207458496e+02 -2.034438550472e-01
2.269196166992e+02 -1.092578321695e-01
2.269184875488e+02 7.199847605079e-03
2.269173583984e+02 1.056532841176e-02
2.269162292480e+02 3.480415046215e-02
2.269151000977e+02 -2.468807622790e-02
2.269139709473e+02 6.632501631975e-02
2.269128417969e+02 6.003030110151e-03
2.269117126465e+02 -6.975925713778e-02
2.269105834961e+02 -1.187649890780e-01
2.269094543457e+02 -3.954597935081e-02
2.269083251953e+02 9.882255643606e-02
2.269071960449e+02 -7.470785081387e-02
2.269060668945e+02 -2.208944708109e-01
2.269049377441e+02 -5.619544163346e-02
2.269038085938e+02 1.667383313179e-02
2.269026794434e+02 -5.524428933859e-02
2.269015502930e+02 -6.719263643026e-02
2.269004211426e+02 -9.266026318073e-02
2.268992919922e+02 1.246657446027e-01
2.268981628418e+02 2.496441304684e-01
2.268970336914e+02 4.449819922447e-01
2.268959045410e+02 5.146827101707e-01
2.268947753906e+02 5.105632543564e-01
2.268936462402e+02 5.171150565147e-01
2.268925170898e+02 4.718973040581e-01
2.268913879395e+02 1.981731951237e-01
2.268902587891e+02 -1.400763820857e-02
2.268891296387e+02 -1.143627893180e-02
2.268880004883e+02 1.026421599090e-02
2.268868713379e+02 -1.257454976439e-02
2.268857421875e+02 -2.329166419804e-02
2.268846130371e+02 -6.231793668121e-03
2.268834991455e+02 -1.372726261616e-01
2.268823699951e+02 9.705904126167e-02
2.268812408447e+02 3.136739879847e-02
2.268801116943e+02 5.456833541393e-02
2.268789825439e+02 4.748181253672e-02
2.268778533936e+02 2.670253515244e-01
2.268767242432e+02 4.539873003960e-01
2.268755950928e+02 4.357522130013e-01
2.268744659424e+02 2.104373425245e-01
2.268733367920e+02 1.832717508078e-01
2.268722076416e+02 6.482602655888e-02
2.268710784912e+02 -2.637236029841e-04
2.268699493408e+02 -1.525270380080e-02
2.268688201904e+02 7.273445371538e-04
2.268676910400e+02 8.486748486757e-02
2.268665618896e+02 1.967475004494e-02
2.268654327393e+02 5.057970806956e-02
2.268643035889e+02 6.360312923789e-03
2.268631744385e+02 -7.171782106161e-02
2.268620452881e+02 -2.995783928782e-03
2.268609161377e+02 2.055051550269e-02
2.268597869873e+02 -2.053083293140e-02
2.268586578369e+02 -4.278075322509e-02
2.268575286865e+02 -1.346502639353e-02
2.268563995361e+02 -1.013633757830e-01
2.268552703857e+02 -1.435082107782e-01
2.268541412354e+02 -5.298981070518e-02
2.268530120850e+02 -6.778561510146e-03
2.268518829346e+02 -3.248339146376e-02
2.268507537842e+02 -1.323476582766e-01
2.268496246338e+02 -1.205134391785e-01
2.268484954834e+02 -4.314256832004e-03
2.268473663330e+02 4.977876543999e-01
2.268462371826e+02 1.071945071220e+00
2.268451080322e+02 4.831897616386e-01
2.268439788818e+02 8.296622335911e-02
2.268428497314e+02 2.090332210064e-01
2.268417205811e+02 9.096831083298e-01
2.268405914307e+02 4.779473841190e-01
2.268394622803e+02 2.481517344713e-01
2.268383331299e+02 1.566346921027e-02
2.268372039795e+02 -2.818634212017e-01
2.268360748291e+02 -3.967807888985e-01
2.268349456787e+02 -2.320469468832e-01
2.268338165283e+02 -7.957091927528e-01
2.268326873779e+02 -1.040757179260e+00
2.268315582275e+02 -1.118775844574e+00
2.268304290771e+02 -1.044532179832e+00
2.268292999268e+02 -1.449710011482e+00
2.268281707764e+02 4.650865077972e+00
2.268270416260e+02 3.045941829681e+00
2.268259124756e+02 6.601726412773e-01
2.268247833252e+02 1.046531498432e-01
2.268236541748e+02 2.808523774147e-01
2.268225250244e+02 1.574136018753e-01
2.268213958740e+02 3.989245370030e-02
2.268202667236e+02 3.745530918241e-02
2.268191375732e+02 1.201677620411e-01
2.268180084229e+02 1.298309117556e-01
2.268168792725e+02 3.469267189503e-01
2.268157501221e+02 5.015838146210e-01
2.268146209717e+02 3.807635605335e-01
2.268134918213e+02 1.795944422483e-01
2.268123779297e+02 2.706485986710e-01
2.268112487793e+02 6.535205841064e-01
2.268101196289e+02 8.022930026054e-01
2.268089904785e+02 5.142376422882e-01
2.268078613281e+02 2.553576231003e-01
2.268067321777e+02 8.633282035589e-02
2.268056030273e+02 -4.158696904778e-02
2.268044738770e+02 -1.007512733340e-01
2.268033447266e+02 -1.361236721277e-01
2.268022155762e+02 1.464295294136e-02
2.268010864258e+02 1.560105234385e-01
2.267999572754e+02 2.459975630045e-01
2.267988281250e+02 2.124052345753e-01
2.267976989746e+02 8.866255730391e-02
2.267965698242e+02 2.961283177137e-02
2.267954406738e+02 9.079363197088e-03
2.267943115234e+02 9.619798511267e-02
2.267931823730e+02 2.636132575572e-02
2.267920532227e+02 -1.019285395741e-01
2.267909240723e+02 -1.259761193069e-04
2.267897949219e+02 -3.223332762718e-02
2.267886657715e+02 9.679389744997e-02
2.267875366211e+02 2.831319570541e-01
2.267864074707e+02 6.747207641602e-01
2.267852783203e+02 7.923343181610e-01
2.267841491699e+02 5.087923407555e-01
2.267830200195e+02 2.229793518782e-01
2.267818908691e+02 3.055784404278e-01
2.267807617188e+02 3.219091296196e-01
2.267796325684e+02 4.231875240803e-01
2.267785034180e+02 4.218360781670e-01
2.267773742676e+02 9.267062693834e-02
2.267762451172e+02 1.471066325903e-01
2.267751159668e+02 1.864585131407e-01
2.267739868164e+02 5.065088272095e-01
2.267728576660e+02 8.448655009270e-01
2.267717285156e+02 7.929111719131e-01
2.267705993652e+02 4.171662032604e-01
2.267694702148e+02 2.931247651577e-01
2.267683410645e+02 1.567329615355e-01
2.267672119141e+02 9.433562308550e-02
2.267660827637e+02 1.211737319827e-01
2.267649536133e+02 1.167063638568e-01
2.267638244629e+02 -8.310363627970e-03
2.267626953125e+02 1.073865033686e-02
2.267615661621e+02 -7.920511066914e-02
2.267604370117e+02 -1.114627197385e-01
2.267593078613e+02 -6.113437563181e-02
2.267581787109e+02 -5.459521710873e-02
2.267570495605e+02 -6.485463120043e-03
2.267559204102e+02 -1.180271953344e-01
2.267547912598e+02 -1.164450272918e-01
2.267536621094e+02 1.189627684653e-02
2.267525329590e+02 -7.535603642464e-02
2.267514038086e+02 -7.486602663994e-02
2.267502746582e+02 4.534005373716e-02
2.267491455078e+02 7.451508194208e-02
2.267480163574e+02 1.134524121881e-01
2.267468872070e+02 8.610232174397e-02
2.267457580566e+02 9.568990767002e-02
2.267446289062e+02 8.320006728172e-02
2.267434997559e+02 2.745583951473e-01
2.267423858643e+02 4.172871708870e-01
2.267412567139e+02 3.895460367203e-01
2.267401275635e+02 3.284729123116e-01
2.267389984131e+02 6.249253153801e-01
2.267378692627e+02 1.020701646805e+00
2.267367401123e+02 1.147281408310e+00
2.267356109619e+02 9.616453647614e-01
2.267344818115e+02 1.346886754036e+00
2.267333526611e+02 3.234983205795e+00
2.267322235107e+02 3.610500335693e+00
2.267310943604e+02 2.022070169449e+00
2.267299652100e+02 1.363811254501e+00
2.267288360596e+02 1.603328824043e+00
2.267277069092e+02 3.119123697281e+00
2.267265777588e+02 2.904872179031e+00
2.267254486084e+02 1.295625925064e+00
2.267243194580e+02 7.518858909607e-01
2.267231903076e+02 6.094154715538e-01
2.267220611572e+02 3.378817439079e-01
2.267209320068e+02 8.141471445560e-02
2.267198028564e+02 1.373037993908e-01
2.267186737061e+02 3.452925384045e-02
2.267175445557e+02 4.682715609670e-02
2.267164154053e+02 9.309405088425e-02
2.267152862549e+02 1.519314199686e-01
2.267141571045e+02 1.586379706860e-01
2.267130279541e+02 9.979841113091e-02
2.267118988037e+02 1.509002689272e-02
2.267107696533e+02 2.243567956612e-03
2.267096405029e+02 4.039717372507e-03
2.267085113525e+02 3.755675256252e-02
2.267073822021e+02 -4.355727881193e-02
2.267062530518e+02 -8.606810122728e-02
2.267051239014e+02 -1.597824841738e-01
2.267039947510e+02 -2.212106734514e-01
2.267028656006e+02 -1.290568113327e-01
2.267017364502e+02 -9.276710450649e-02
2.267006072998e+02 -3.056990541518e-02
2.266994781494e+02 -3.210773691535e-02
2.266983489990e+02 -4.249065369368e-02
2.266972198486e+02 -5.605412647128e-03
2.266960906982e+02 1.134001016617e-01
2.266949615479e+02 7.412932068110e-02
2.266938323975e+02 1.412106491625e-02
2.266927032471e+02 2.600395306945e-02
2.266915740967e+02 6.327885389328e-02
2.266904449463e+02 2.961458638310e-02
2.266893157959e+02 -1.195584461093e-01
2.266881866455e+02 -7.645186036825e-02
2.266870574951e+02 8.929041773081e-02
2.266859283447e+02 5.695214867592e-02
2.266847991943e+02 5.081599205732e-02
2.266836700439e+02 1.014677211642e-01
2.266825408936e+02 -6.664124876261e-02
2.266814117432e+02 2.600633725524e-02
2.266802825928e+02 2.551234513521e-02
2.266791534424e+02 -1.674745045602e-02
2.266780242920e+02 -2.764934487641e-02
2.266768951416e+02 -4.683273658156e-02
2.266757659912e+02 1.565549373627e-01
2.266746368408e+02 9.108129739761e-01
2.266735076904e+02 2.268241167068e+00
2.266723785400e+02 3.488893032074e+00
2.266712646484e+02 1.711260557175e+00
2.266701354980e+02 1.130789041519e+00
2.266690063477e+02 1.380956530571e+00
2.266678771973e+02 2.495132207870e+00
2.266667480469e+02 3.394604206085e+00
2.266656188965e+02 1.719350099564e+00
2.266644897461e+02 8.947321772575e-01
2.266633605957e+02 6.918387413025e-01
2.266622314453e+02 6.484773159027e-01
2.266611022949e+02 5.835481882095e-01
2.266599731445e+02 5.898787975311e-01
2.266588439941e+02 3.608704805374e-01
2.266577148438e+02 1.781790405512e-01
2.266565856934e+02 7.201276253909e-03
2.266554565430e+02 -3.805671632290e-02
2.266543273926e+02 -6.896903365850e-02
2.266531982422e+02 -1.339421719313e-01
2.266520690918e+02 -2.435759082437e-02
2.266509399414e+02 1.884259749204e-03
2.266498107910e+02 3.344034403563e-02
2.266486816406e+02 1.504635065794e-01
2.266475524902e+02 4.004760384560e-01
2.266464233398e+02 5.714093446732e-01
2.266452941895e+02 3.903905749321e-01
2.266441650391e+02 2.716501653194e-01
2.266430358887e+02 1.492009162903e-01
2.266419067383e+02 1.840257085860e-02
2.266407775879e+02 -4.398458451033e-02
2.266396484375e+02 -7.086729258299e-02
2.266385192871e+02 -1.693421900272e-01
2.266373901367e+02 -3.621783554554e-01
2.266362609863e+02 -2.663320004940e-01
2.266351318359e+02 -1.056002005935e-01
2.266340026855e+02 6.826488971710e-01
2.266328735352e+02 7.707242965698e-01
2.266317443848e+02 2.271437644958e-01
2.266306152344e+02 -5.454659089446e-02
2.266294860840e+02 -5.705896764994e-02
2.266283569336e+02 3.031273558736e-02
2.266272277832e+02 2.497317455709e-02
2.266260986328e+02 1.381949186325e-01
2.266249694824e+02 3.354498371482e-02
2.266238403320e+02 1.309284418821e-01
2.266227111816e+02 3.355921059847e-02
2.266215820312e+02 -1.829311251640e-01
2.266204528809e+02 -3.405062258244e-01
2.266193237305e+02 -4.103381335735e-01
2.266181945801e+02 -3.573825359344e-01
2.266170654297e+02 -8.495142310858e-02
2.266159362793e+02 -2.972812354565e-01
2.266148071289e+02 -4.154849052429e-01
2.266136779785e+02 2.758787393570e+00
2.266125488281e+02 2.544610738754e+00
2.266114196777e+02 6.334660053253e-01
2.266102905273e+02 -2.176746539772e-02
2.266091613770e+02 -2.972750808112e-04
2.266080322266e+02 -4.511762037873e-02
2.266069030762e+02 7.176780700684e-02
2.266057739258e+02 6.011648848653e-02
2.266046447754e+02 -5.250088497996e-02
2.266035156250e+02 -1.170770227909e-01
2.266023864746e+02 -3.975199535489e-02
2.266012725830e+02 -1.260199993849e-01
2.266001434326e+02 4.010869562626e-02
2.265990142822e+02 1.601165086031e-01
2.265978851318e+02 3.759693503380e-01
2.265967559814e+02 4.636139273643e-01
2.265956268311e+02 2.560940682888e-01
2.265944976807e+02 2.018504887819e-01
2.265933685303e+02 8.259877562523e-02
2.265922393799e+02 -2.858456782997e-02
2.265911102295e+02 -1.427017301321e-01
2.265899810791e+02 7.286570966244e-02
2.265888519287e+02 7.027481496334e-02
2.265877227783e+02 3.142045140266e-01
2.265865936279e+02 1.015941262245e+00
2.265854644775e+02 8.865082263947e-01
2.265843353271e+02 5.897275209427e-01
2.265832061768e+02 6.027961969376e-01
2.265820770264e+02 4.007067382336e-01
2.265809478760e+02 8.318766951561e-02
2.265798187256e+02 7.949792593718e-02
2.265786895752e+02 -2.795173227787e-02
2.265775604248e+02 -5.222906917334e-02
2.265764312744e+02 1.222497783601e-02
2.265753021240e+02 -1.566066443920e-01
2.265741729736e+02 -2.921355366707e-01
2.265730438232e+02 -2.298012822866e-01
2.265719146729e+02 7.791537791491e-03
2.265707855225e+02 2.187411673367e-02
2.265696563721e+02 -4.258463531733e-02
2.265685272217e+02 6.258990615606e-03
2.265673980713e+02 5.493720993400e-03
2.265662689209e+02 1.603020541370e-02
2.265651397705e+02 -1.274271961302e-02
2.265640106201e+02 6.804714351892e-02
2.265628814697e+02 -3.309679403901e-02
2.265617523193e+02 -3.926860913634e-02
2.265606231689e+02 9.537651389837e-02
2.265594940186e+02 -4.830420017242e-02
2.265583648682e+02 -1.474166810513e-01
2.265572357178e+02 -3.861541673541e-02
2.265561065674e+02 -9.217661805451e-03
2.265549774170e+02 3.079492412508e-02
2.265538482666e+02 -7.517758756876e-02
2.265527191162e+02 -2.928364276886e-02
2.265515899658e+02 -1.470962315798e-01
2.265504608154e+02 -6.109660025686e-03
2.265493316650e+02 1.819618195295e-01
2.265482025146e+02 6.921563744545e-01
2.265470733643e+02 1.164078712463e+00
2.265459442139e+02 1.053143382072e+00
2.265448150635e+02 4.510742425919e-01
2.265436859131e+02 2.123265415430e-01
2.265425567627e+02 1.508145630360e-01
2.265414276123e+02 2.769081108272e-02
2.265402984619e+02 -7.551462948322e-02
2.265391693115e+02 -1.961610652506e-02
2.265380401611e+02 5.338500440121e-02
2.265369110107e+02 8.602983504534e-02
2.265357818604e+02 1.971612870693e-01
2.265346527100e+02 2.465360611677e-01
2.265335235596e+02 1.232262924314e-01
2.265323944092e+02 1.253058761358e-02
2.265312652588e+02 -6.021854281425e-02
2.265301513672e+02 -7.076228410006e-02
2.265290222168e+02 -9.545532613993e-02
2.265278930664e+02 -3.551155561581e-03
2.265267639160e+02 9.340145438910e-02
2.265256347656e+02 7.776746153831e-02
2.265245056152e+02 -7.434051483870e-03
2.265233764648e+02 -1.854701526463e-02
2.265222473145e+02 -1.833057105541e-01
2.265211181641e+02 -5.096077173948e-02
2.265199890137e+02 8.479596115649e-03
2.265188598633e+02 -2.105826511979e-02
2.265177307129e+02 1.707465201616e-01
2.265166015625e+02 3.142309486866e-01
2.265154724121e+02 3.425914049149e-01
2.265143432617e+02 1.773587763309e-01
2.265132141113e+02 1.751326173544e-01
2.265120849609e+02 2.210683971643e-01
2.265109558105e+02 1.863465756178e-01
2.265098266602e+02 2.513203024864e-01
2.265086975098e+02 1.355987638235e-01
2.265075683594e+02 5.678853392601e-01
2.265064392090e+02 1.426401734352e+00
2.265053100586e+02 1.716231942177e+00
2.265041809082e+02 1.501646876335e+00
2.265030517578e+02 1.404613733292e+00
2.265019226074e+02 1.348090052605e+00
2.265007934570e+02 7.660771012306e-01
2.264996643066e+02 5.865443944931e-01
2.264985351562e+02 1.223252266645e-01
2.264974060059e+02 1.313481628895e-01
2.264962768555e+02 6.919208168983e-02
2.264951477051e+02 1.820606291294e-01
2.264940185547e+02 4.476564228535e-01
2.264928894043e+02 8.504157066345e-01
2.264917602539e+02 9.168239235878e-01
2.264906311035e+02 5.667952299118e-01
2.264895019531e+02 2.932562828064e-01
2.264883728027e+02 -3.226749598980e-03
2.264872436523e+02 -1.477310508490e-01
2.264861145020e+02 -6.622891873121e-03
2.264849853516e+02 -3.697470948100e-02
2.264838562012e+02 -3.082812391222e-02
2.264827270508e+02 1.546527352184e-02
2.264815979004e+02 1.763079315424e-02
2.264804687500e+02 6.642392370850e-03
2.264793395996e+02 2.503466047347e-02
2.264782104492e+02 -3.608523309231e-02
2.264770812988e+02 -4.522730410099e-02
2.264759521484e+02 1.613018661737e-02
2.264748229980e+02 4.394540563226e-02
2.264736938477e+02 -9.640207886696e-02
2.264725646973e+02 -9.686759859324e-02
2.264714355469e+02 -4.573889076710e-02
2.264703063965e+02 -1.406168937683e-01
2.264691772461e+02 -8.597879856825e-02
2.264680480957e+02 -8.814695477486e-02
2.264669189453e+02 -1.339973956347e-01
2.264657897949e+02 -1.172383315861e-02
2.264646606445e+02 5.728016421199e-02
2.264635314941e+02 5.339555442333e-02
2.264624023438e+02 2.013392560184e-02
2.264612731934e+02 2.749053388834e-02
2.264601593018e+02 9.018199890852e-02
2.264590301514e+02 3.459750860929e-02
2.264579010010e+02 1.110374778509e-01
2.264567718506e+02 -3.853815048933e-02
2.264556427002e+02 5.388017371297e-02
2.264545135498e+02 1.270176172256e-01
2.264533843994e+02 2.157518863678e-01
2.264522552490e+02 1.927439868450e-01
2.264511260986e+02 2.892262637615e-01
2.264499969482e+02 4.495553970337e-01
2.264488677979e+02 4.641676843166e-01
2.264477386475e+02 3.466448783875e-01
2.264466094971e+02 2.820661067963e-01
2.264454803467e+02 1.858222633600e-01
2.264443511963e+02 4.558640718460e-02
2.264432220459e+02 1.861609816551e-01
2.264420928955e+02 5.835755541921e-02
2.264409637451e+02 2.191491425037e-02
2.264398345947e+02 1.093387976289e-01
2.264387054443e+02 9.411252290010e-02
2.264375762939e+02 7.088422775269e-02
2.264364471436e+02 -5.261738225818e-02
2.264353179932e+02 -1.810415461659e-02
2.264341888428e+02 1.750796139240e-01
2.264330596924e+02 1.793266236782e-01
2.264319305420e+02 1.467649787664e-01
2.264308013916e+02 2.777376770973e-01
2.264296722412e+02 3.650375902653e-01
2.264285430908e+02 2.457077056170e-01
2.264274139404e+02 1.710005998611e-01
2.264262847900e+02 -8.375526405871e-03
2.264251556396e+02 -1.161284837872e-02
2.264240264893e+02 6.472093611956e-02
2.264228973389e+02 2.154807187617e-02
2.264217681885e+02 2.704761736095e-02
2.264206390381e+02 4.234951734543e-02
2.264195098877e+02 -9.347352199256e-03
2.264183807373e+02 -2.792051807046e-02
2.264172515869e+02 -3.114700131118e-02
2.264161224365e+02 -4.985531326383e-03
2.264149932861e+02 -2.379661425948e-02
2.264138641357e+02 -1.438887715340e-01
2.264127349854e+02 9.169611334801e-02
2.264116058350e+02 1.396510899067e-01
2.264104766846e+02 6.430615484715e-02
2.264093475342e+02 1.440019905567e-01
2.264082183838e+02 3.014008998871e-01
2.264070892334e+02 1.581998616457e-01
2.264059600830e+02 4.791796207428e-02
2.264048309326e+02 -2.211472764611e-02
2.264037017822e+02 -3.368180710822e-03
2.264025726318e+02 4.767445102334e-02
2.264014434814e+02 -9.115048497915e-02
2.264003143311e+02 -3.263592720032e-02
2.263991851807e+02 -2.531530708075e-02
2.263980560303e+02 -7.955837994814e-02
2.263969268799e+02 -9.538988582790e-03
2.263957977295e+02 3.329361230135e-02
2.263946685791e+02 1.408011168242e-01
2.263935394287e+02 1.535778045654e-01
2.263924102783e+02 1.728633195162e-01
2.263912811279e+02 1.813019812107e-01
2.263901672363e+02 7.946681380272e-01
2.263890380859e+02 1.845617175102e+00
2.263879089355e+02 1.164659738541e+00
2.263867797852e+02 5.450040698051e-01
2.263856506348e+02 4.910500049591e-01
2.263845214844e+02 4.238143861294e-01
2.263833923340e+02 2.113204747438e-01
2.263822631836e+02 5.927235260606e-02
2.263811340332e+02 -1.004814654589e-01
2.263800048828e+02 -3.025218658149e-02
2.263788757324e+02 -7.282931357622e-02
2.263777465820e+02 -4.449918342289e-04
2.263766174316e+02 9.700061753392e-03
2.263754882812e+02 -9.489915519953e-02
2.263743591309e+02 -1.623979508877e-01
2.263732299805e+02 -3.790587931871e-02
2.263721008301e+02 4.114928469062e-02
2.263709716797e+02 -7.872356474400e-02
2.263698425293e+02 -9.559892863035e-02
2.263687133789e+02 -8.450450003147e-02
2.263675842285e+02 -8.812911063433e-02
2.263664550781e+02 -9.164383262396e-02
2.263653259277e+02 -1.043882146478e-01
2.263641967773e+02 -1.123843118548e-01
2.263630676270e+02 -6.177167221904e-02
2.263619384766e+02 1.938511151820e-03
2.263608093262e+02 -3.932200744748e-02
2.263596801758e+02 -3.934253752232e-02
2.263585510254e+02 -1.107560843229e-02
2.263574218750e+02 -5.667770281434e-02
2.263562927246e+02 -1.899426579475e-01
2.263551635742e+02 -1.113020479679e-01
2.263540344238e+02 1.002283990383e-01
2.263529052734e+02 8.667425066233e-02
2.263517761230e+02 -5.924861133099e-02
2.263506469727e+02 6.949510425329e-02
2.263495178223e+02 2.975000739098e-01
2.263483886719e+02 2.047933638096e-01
2.263472595215e+02 4.727661982179e-02
2.263461303711e+02 3.358053788543e-02
2.263450012207e+02 5.629279837012e-02
2.263438720703e+02 -3.229508176446e-02
2.263427429199e+02 -1.036722399294e-02
2.263416137695e+02 -3.924901038408e-02
2.263404846191e+02 5.780848488212e-02
2.263393554688e+02 5.444114804268e-01
2.263382263184e+02 1.013051629066e+00
2.263370971680e+02 1.543356776237e+00
2.263359680176e+02 1.281895041466e+00
2.263348388672e+02 6.203239560127e-01
2.263337097168e+02 4.747918546200e-01
2.263325805664e+02 2.988740503788e-01
2.263314514160e+02 1.594564169645e-01
2.263303222656e+02 -2.723848819733e-02
2.263291931152e+02 -4.775319993496e-02
2.263280639648e+02 -1.304192692041e-01
2.263269348145e+02 1.972489990294e-02
2.263258056641e+02 1.474293135107e-02
2.263246765137e+02 2.779753692448e-02
2.263235473633e+02 9.349274635315e-02
2.263224182129e+02 9.634386748075e-02
2.263212890625e+02 1.841538585722e-02
2.263201599121e+02 4.769757390022e-02
2.263190460205e+02 -2.538844756782e-02
2.263179168701e+02 -2.066140472889e-01
2.263167877197e+02 -1.051588281989e-01
2.263156585693e+02 1.905550509691e-01
2.263145294189e+02 8.714579343796e-01
2.263134002686e+02 6.139285564423e-01
2.263122711182e+02 2.845641374588e-01
2.263111419678e+02 5.086907744408e-02
2.263100128174e+02 -7.272038608789e-02
2.263088836670e+02 -7.067333906889e-02
2.263077545166e+02 -2.849513851106e-02
2.263066253662e+02 1.560417264700e-01
2.263054962158e+02 4.447743594646e-01
2.263043670654e+02 8.409910798073e-01
2.263032379150e+02 1.345800638199e+00
2.263021087646e+02 2.446651458740e+00
2.263009796143e+02 3.254098653793e+00
2.262998504639e+02 2.244642972946e+00
2.262987213135e+02 9.456957578659e-01
2.262975921631e+02 4.262177944183e-01
2.262964630127e+02 3.904348611832e-01
2.262953338623e+02 9.680362790823e-02
2.262942047119e+02 1.559538841248e-01
2.262930755615e+02 2.804550826550e-01
2.262919464111e+02 1.152736693621e-01
2.262908172607e+02 1.508870162070e-03
2.262896881104e+02 5.089055001736e-02
2.262885589600e+02 1.384579986334e-01
2.262874298096e+02 1.505820006132e-01
2.262863006592e+02 2.087773233652e-01
2.262851715088e+02 2.282634004951e-02
2.262840423584e+02 7.985138148069e-02
2.262829132080e+02 2.885012514889e-02
2.262817840576e+02 1.017193030566e-02
2.262806549072e+02 7.836550474167e-02
2.262795257568e+02 1.196023374796e-01
2.262783966064e+02 1.680976450443e-01
2.262772674561e+02 9.075097739697e-02
2.262761383057e+02 -3.421019762754e-03
2.262750091553e+02 -7.741009443998e-02
2.262738800049e+02 -5.040048435330e-02
2.262727508545e+02 -2.762484550476e-02
2.262716217041e+02 -7.815258204937e-02
2.262704925537e+02 1.806355416775e-01
2.262693634033e+02 5.679361820221e-01
2.262682342529e+02 3.935865461826e-01
2.262671051025e+02 1.102134883404e-01
2.262659759521e+02 8.545106649399e-02
2.262648468018e+02 8.050363510847e-02
2.262637176514e+02 2.321295626462e-02
2.262625885010e+02 1.321561634541e-01
2.262614593506e+02 1.917409300804e-01
2.262603302002e+02 2.872113883495e-01
2.262592010498e+02 4.042866826057e-01
2.262580718994e+02 1.018379688263e+00
2.262569427490e+02 1.321308612823e+00
2.262558135986e+02 1.844101786613e+00
2.262546844482e+02 2.449492454529e+00
2.262535552979e+02 2.854502677917e+00
2.262524261475e+02 2.619576454163e+00
2.262512969971e+02 1.763810038567e+00
2.262501678467e+02 1.142601609230e+00
2.262490539551e+02 7.143412232399e-01
2.262479248047e+02 4.168686866760e-01
2.262467956543e+02 3.305672109127e-01
2.262456665039e+02 1.473760306835e-01
2.262445373535e+02 1.381559520960e-01
2.262434082031e+02 1.522690355778e-01
2.262422790527e+02 2.975541055202e-01
2.262411499023e+02 1.771215498447e-01
2.262400207520e+02 5.342205241323e-02
2.262388916016e+02 -1.121531873941e-01
2.262377624512e+02 5.165328830481e-02
2.262366333008e+02 1.232448220253e-01
2.262355041504e+02 2.375772446394e-01
2.262343750000e+02 2.073368579149e-01
2.262332458496e+02 2.728418111801e-01
2.262321166992e+02 1.432527452707e-01
2.262309875488e+02 -7.477974891663e-02
2.262298583984e+02 -1.161891222000e-01
2.262287292480e+02 -1.717042177916e-01
2.262276000977e+02 -2.424761839211e-02
2.262264709473e+02 -9.663277119398e-02
2.262253417969e+02 -6.189838796854e-02
2.262242126465e+02 -5.512642115355e-02
2.262230834961e+02 -8.277152478695e-02
2.262219543457e+02 8.761604875326e-02
2.262208251953e+02 2.003368437290e-01
2.262196960449e+02 1.624248921871e-01
2.262185668945e+02 1.372729986906e-01
2.262174377441e+02 2.007313817739e-01
2.262163085938e+02 1.239885091782e-01
2.262151794434e+02 -2.766570448875e-02
2.262140502930e+02 -9.595914930105e-02
2.262129211426e+02 8.248642832041e-02
2.262117919922e+02 2.982458174229e-01
2.262106628418e+02 3.136150538921e-01
2.262095336914e+02 2.962645292282e-01
2.262084045410e+02 1.226156055927e-01
2.262072753906e+02 8.539162576199e-02
2.262061462402e+02 -4.972400516272e-02
2.262050170898e+02 -1.598084568977e-01
2.262038879395e+02 -9.770009666681e-02
2.262027587891e+02 -6.508105993271e-02
2.262016296387e+02 -9.731601923704e-02
2.262005004883e+02 -1.143550500274e-01
2.261993713379e+02 -9.412555396557e-02
2.261982421875e+02 -3.386273607612e-02
2.261971130371e+02 -8.841374516487e-02
2.261959838867e+02 -3.048033639789e-02
2.261948547363e+02 7.138710469007e-02
2.261937255859e+02 5.120356008410e-02
2.261925964355e+02 -1.074232906103e-02
2.261914672852e+02 -1.403207182884e-01
2.261903381348e+02 3.941666707397e-02
2.261892089844e+02 -3.618024662137e-02
2.261880798340e+02 -4.917372763157e-02
2.261869506836e+02 -4.843284189701e-02
2.261858215332e+02 -4.765003547072e-02
2.261846923828e+02 -1.405074913055e-02
2.261835632324e+02 -7.891892641783e-02
2.261824340820e+02 -4.181357566267e-03
2.261813049316e+02 2.257368713617e-02
2.261801757812e+02 -2.646309509873e-02
2.261790466309e+02 7.108153402805e-02
2.261779327393e+02 2.950790897012e-02
2.261768035889e+02 3.297066316009e-03
2.261756744385e+02 -1.328881382942e-01
2.261745452881e+02 2.739360323176e-03
2.261734161377e+02 1.653106659651e-01
2.261722869873e+02 2.182757705450e-01
2.261711578369e+02 3.118599392474e-02
2.261700286865e+02 -9.621602296829e-02
2.261688995361e+02 -7.425550371408e-02
2.261677703857e+02 1.057352684438e-02
2.261666412354e+02 1.063340902328e-01
2.261655120850e+02 1.823016107082e-01
2.261643829346e+02 1.204531118274e-01
2.261632537842e+02 2.544272504747e-02
2.261621246338e+02 -1.052034422755e-01
2.261609954834e+02 -8.078435808420e-02
2.261598663330e+02 7.162630558014e-02
2.261587371826e+02 1.834443956614e-02
2.261576080322e+02 2.841036021709e-02
2.261564788818e+02 4.716505855322e-02
2.261553497314e+02 -9.583675116301e-02
2.261542205811e+02 -4.511399194598e-02
2.261530914307e+02 -1.703621000051e-01
2.261519622803e+02 -1.654343008995e-01
2.261508331299e+02 -1.468000710011e-01
2.261497039795e+02 -1.178814843297e-01
2.261485748291e+02 -1.168432552367e-02
2.261474456787e+02 3.965269029140e-02
2.261463165283e+02 -9.436215460300e-02
2.261451873779e+02 -3.518463298678e-02
2.261440582275e+02 -4.353576898575e-02
2.261429290771e+02 2.554988488555e-03
2.261417999268e+02 2.661837339401e-01
2.261406707764e+02 5.349814295769e-01
2.261395416260e+02 6.023950576782e-01
2.261384124756e+02 2.016247659922e-01
2.261372833252e+02 1.828006058931e-01
2.261361541748e+02 1.017065942287e-01
2.261350250244e+02 8.524803444743e-03
2.261338958740e+02 -1.129883751273e-01
2.261327667236e+02 -5.002292245626e-02
2.261316375732e+02 -7.457295805216e-02
2.261305084229e+02 -5.794384703040e-02
2.261293792725e+02 -5.837710574269e-02
2.261282501221e+02 -1.342537552118e-01
2.261271209717e+02 -1.012092009187e-01
2.261259918213e+02 -1.309659183025e-01
