#title: Spectral profile - SDC45.787-0.335_1_SPW_3.image.pbcor.fits-raster
#region (world): Ellipse[[19:16:31.115, +11d16m11.49], [19:16:31.048, +11d16m12.489]]
#region (pixel): Ellipse[[190, 175], [198, 184]]
#coordinate: world
#xLabel: frequency [GHz]
#yLabel: [Kelvin] Mean

# SDC45.787-0.335_1_SPW_3.image.pbcor.fits-raster
2.261105194092e+02 -2.067486196756e-01
2.261093902588e+02 -1.124858781695e-01
2.261082611084e+02 -4.659128561616e-02
2.261071319580e+02 -3.034903481603e-02
2.261060028076e+02 2.737402357161e-02
2.261048736572e+02 5.097820609808e-02
2.261037445068e+02 6.317207962275e-02
2.261026153564e+02 -2.546677133068e-03
2.261014862061e+02 -6.126757245511e-03
2.261003570557e+02 -1.287760306150e-02
2.260992279053e+02 1.737371087074e-03
2.260980987549e+02 3.855236992240e-02
2.260969696045e+02 -3.966028615832e-02
2.260958404541e+02 -1.866651922464e-01
2.260947113037e+02 -9.862297028303e-02
2.260935821533e+02 -6.751032918692e-02
2.260924530029e+02 -1.822529137135e-01
2.260913238525e+02 -1.064410731196e-01
2.260901947021e+02 -6.559199839830e-02
2.260890655518e+02 -1.071383208036e-01
2.260879364014e+02 -1.119679287076e-01
2.260868072510e+02 2.803974319249e-03
2.260856781006e+02 -1.388614028692e-01
2.260845489502e+02 -1.412644535303e-01
2.260834197998e+02 -4.367275536060e-02
2.260822906494e+02 4.810759425163e-02
2.260811614990e+02 2.168446183205e-01
2.260800323486e+02 2.924531996250e-01
2.260789031982e+02 1.777041852474e-01
2.260777740479e+02 3.587751463056e-02
2.260766448975e+02 9.983113408089e-02
2.260755157471e+02 1.358921676874e-01
2.260743865967e+02 1.020676121116e-01
2.260732574463e+02 -3.117497824132e-02
2.260721282959e+02 -4.678819328547e-02
2.260709991455e+02 6.202933564782e-02
2.260698699951e+02 1.181183289737e-02
2.260687408447e+02 -8.286467194557e-02
2.260676116943e+02 7.363761216402e-02
2.260664825439e+02 -2.267633751035e-02
2.260653533936e+02 1.030253842473e-01
2.260642242432e+02 6.252150237560e-02
2.260630950928e+02 -1.021247580647e-01
2.260619659424e+02 -1.127006709576e-01
2.260608367920e+02 -4.035093635321e-02
2.260597229004e+02 3.010622039437e-02
2.260585937500e+02 5.761926621199e-02
2.260574645996e+02 1.136900298297e-02
2.260563354492e+02 -4.277962818742e-02
2.260552062988e+02 -3.453347086906e-02
2.260540771484e+02 5.559651553631e-02
2.260529479980e+02 -3.752279281616e-02
2.260518188477e+02 -1.531041692942e-03
2.260506896973e+02 2.686356306076e-01
2.260495605469e+02 3.489253222942e-01
2.260484313965e+02 2.991812229156e-01
2.260473022461e+02 2.504592835903e-01
2.260461730957e+02 3.837596476078e-01
2.260450439453e+02 7.473412156105e-01
2.260439147949e+02 8.153241276741e-01
2.260427856445e+02 4.570805132389e-01
2.260416564941e+02 2.818357646465e-01
2.260405273438e+02 9.486173093319e-02
2.260393981934e+02 2.585199289024e-02
2.260382690430e+02 4.940769448876e-02
2.260371398926e+02 1.970841735601e-02
2.260360107422e+02 -3.903726488352e-02
2.260348815918e+02 -8.905529230833e-02
2.260337524414e+02 5.523674562573e-02
2.260326232910e+02 2.466830909252e-01
2.260314941406e+02 4.645760059357e-01
2.260303649902e+02 2.458032816648e-01
2.260292358398e+02 1.996098011732e-01
2.260281066895e+02 3.819804489613e-01
2.260269775391e+02 5.501415133476e-01
2.260258483887e+02 5.124592185020e-01
2.260247192383e+02 1.228979602456e-01
2.260235900879e+02 2.002324163914e-01
2.260224609375e+02 1.922975108027e-02
2.260213317871e+02 -8.292520791292e-02
2.260202026367e+02 4.177504405379e-02
2.260190734863e+02 3.123212233186e-02
2.260179443359e+02 1.217546960106e-04
2.260168151855e+02 -4.168773069978e-02
2.260156860352e+02 1.206749528646e-01
2.260145568848e+02 1.482528299093e-01
2.260134277344e+02 2.861734628677e-01
2.260122985840e+02 2.525169849396e-01
2.260111694336e+02 2.178224176168e-01
2.260100402832e+02 4.969619214535e-02
2.260089111328e+02 7.684560865164e-02
2.260077819824e+02 2.662846632302e-02
2.260066528320e+02 -5.045115947723e-02
2.260055236816e+02 -3.769505769014e-02
2.260043945312e+02 1.838365383446e-02
2.260032653809e+02 -1.084536015987e-01
2.260021362305e+02 -1.669966429472e-01
2.260010070801e+02 3.652228042483e-02
2.259998779297e+02 -3.395396471024e-02
2.259987487793e+02 1.956686079502e-01
2.259976196289e+02 3.335466980934e-01
2.259964904785e+02 2.421588897705e-01
2.259953613281e+02 7.290624827147e-02
2.259942321777e+02 -6.399185955524e-02
2.259931030273e+02 -3.288894146681e-02
2.259919738770e+02 -9.498792141676e-02
2.259908447266e+02 -9.684567153454e-02
2.259897308350e+02 8.561230264604e-03
2.259886016846e+02 1.254075169563e-01
2.259874725342e+02 1.815876364708e-01
2.259863433838e+02 7.546694576740e-02
2.259852142334e+02 6.771317217499e-03
2.259840850830e+02 -5.070974305272e-02
2.259829559326e+02 -9.460365027189e-02
2.259818267822e+02 -3.720430657268e-02
2.259806976318e+02 -1.952947974205e-01
2.259795684814e+02 -1.081721931696e-01
2.259784393311e+02 1.489095855504e-02
2.259773101807e+02 1.466135233641e-01
2.259761810303e+02 -3.179033100605e-02
2.259750518799e+02 -1.118064522743e-01
2.259739227295e+02 -2.218639105558e-02
2.259727935791e+02 2.817823737860e-02
2.259716644287e+02 -2.213036864996e-01
2.259705352783e+02 -1.932162493467e-01
2.259694061279e+02 1.400933414698e-02
2.259682769775e+02 -1.217807922512e-02
2.259671478271e+02 -5.461397022009e-02
2.259660186768e+02 -1.370093971491e-01
2.259648895264e+02 -1.304508745670e-01
2.259637603760e+02 -2.635053396225e-01
2.259626312256e+02 -2.087382823229e-01
2.259615020752e+02 -1.398727744818e-01
2.259603729248e+02 -1.685295403004e-01
2.259592437744e+02 -1.096509993076e-01
2.259581146240e+02 -3.835106268525e-02
2.259569854736e+02 -5.571093410254e-02
2.259558563232e+02 -7.610677182674e-02
2.259547271729e+02 8.149049244821e-03
2.259535980225e+02 -1.096583437175e-02
2.259524688721e+02 -2.516628615558e-02
2.259513397217e+02 -2.127573639154e-01
2.259502105713e+02 -1.033756211400e-01
2.259490814209e+02 3.551317378879e-02
2.259479522705e+02 -6.738885771483e-03
2.259468231201e+02 -2.703402377665e-02
2.259456939697e+02 -9.417902678251e-02
2.259445648193e+02 -8.175559341908e-02
2.259434356689e+02 -1.153674870729e-01
2.259423065186e+02 -6.433101743460e-02
2.259411773682e+02 -8.682072907686e-02
2.259400482178e+02 -1.291712820530e-01
2.259389190674e+02 -1.588337272406e-01
2.259377899170e+02 -1.861082315445e-01
2.259366607666e+02 -2.724792659283e-01
2.259355316162e+02 -8.627694100142e-02
2.259344024658e+02 9.732956066728e-03
2.259332733154e+02 -9.135106205940e-02
2.259321441650e+02 -1.048260629177e-01
2.259310150146e+02 3.774759918451e-02
2.259298858643e+02 -7.537251710892e-02
2.259287567139e+02 -1.867900788784e-01
2.259276275635e+02 -1.260476857424e-01
2.259264984131e+02 6.983425468206e-03
2.259253692627e+02 3.490554541349e-02
2.259242401123e+02 -2.548809535801e-02
2.259231109619e+02 -8.175583183765e-02
2.259219818115e+02 -7.279606908560e-02
2.259208526611e+02 -6.863522529602e-02
2.259197235107e+02 -7.462561130524e-02
2.259186096191e+02 -2.742387354374e-02
2.259174804688e+02 -4.231940954924e-02
2.259163513184e+02 -5.397844687104e-02
2.259152221680e+02 -5.345815792680e-02
2.259140930176e+02 -3.574535995722e-02
2.259129638672e+02 -1.315326988697e-01
2.259118347168e+02 -8.922265470028e-02
2.259107055664e+02 -3.343138843775e-02
2.259095764160e+02 -1.316194236279e-01
2.259084472656e+02 -8.445049822330e-02
2.259073181152e+02 -4.460312053561e-02
2.259061889648e+02 -1.091579347849e-01
2.259050598145e+02 -1.061795726418e-01
2.259039306641e+02 -5.888463556767e-02
2.259028015137e+02 1.025678217411e-02
2.259016723633e+02 -6.891425698996e-02
2.259005432129e+02 -7.628441601992e-02
2.258994140625e+02 -1.581549644470e-01
2.258982849121e+02 -8.955759555101e-02
2.258971557617e+02 -5.874866619706e-02
2.258960266113e+02 -1.570838242769e-01
2.258948974609e+02 2.775396220386e-02
2.258937683105e+02 -8.337230980396e-02
2.258926391602e+02 -2.011386901140e-01
2.258915100098e+02 -7.182956486940e-02
2.258903808594e+02 1.782833933830e-01
2.258892517090e+02 1.953860521317e-01
2.258881225586e+02 1.064299270511e-01
2.258869934082e+02 2.550881169736e-02
2.258858642578e+02 1.243425160646e-01
2.258847351074e+02 2.670960724354e-01
2.258836059570e+02 6.901816129684e-01
2.258824768066e+02 8.850117325783e-01
2.258813476562e+02 5.607707500458e-01
2.258802185059e+02 2.960650026798e-01
2.258790893555e+02 1.749542802572e-01
2.258779602051e+02 1.304355412722e-01
2.258768310547e+02 5.573730543256e-02
2.258757019043e+02 1.011288352311e-02
2.258745727539e+02 -5.110837519169e-02
2.258734436035e+02 -6.796798110008e-02
2.258723144531e+02 -1.540217101574e-01
2.258711853027e+02 -1.099172160029e-01
2.258700561523e+02 -8.299569785595e-02
2.258689270020e+02 9.363412857056e-02
2.258677978516e+02 4.927091300488e-02
2.258666687012e+02 -9.842742234468e-02
2.258655395508e+02 -1.407884359360e-01
2.258644104004e+02 -1.059991568327e-01
2.258632812500e+02 -1.154770180583e-01
2.258621520996e+02 -1.134302467108e-01
2.258610229492e+02 2.160325460136e-02
2.258598937988e+02 9.377691149712e-02
2.258587646484e+02 1.390858441591e-01
2.258576354980e+02 1.335447728634e-01
2.258565063477e+02 1.904973387718e-01
2.258553771973e+02 5.839514136314e-01
2.258542480469e+02 1.287915587425e+00
2.258531188965e+02 1.775986552238e+00
2.258519897461e+02 4.010772228241e+00
2.258508605957e+02 4.741255283356e+00
2.258497314453e+02 3.473881483078e+00
2.258486175537e+02 2.029866218567e+00
2.258474884033e+02 1.415171504021e+00
2.258463592529e+02 8.941203355789e-01
2.258452301025e+02 2.758105099201e-01
2.258441009521e+02 1.255742311478e-01
2.258429718018e+02 -5.152680911124e-03
2.258418426514e+02 1.948395930231e-02
2.258407135010e+02 -1.015038862824e-01
2.258395843506e+02 -1.492698937654e-01
2.258384552002e+02 -5.087261646986e-02
2.258373260498e+02 -6.652145832777e-02
2.258361968994e+02 -1.684369891882e-01
2.258350677490e+02 -7.761903852224e-02
2.258339385986e+02 1.710226386786e-01
2.258328094482e+02 2.670201361179e-01
2.258316802979e+02 2.775742113590e-01
2.258305511475e+02 1.309296339750e-01
2.258294219971e+02 -1.622017845511e-02
2.258282928467e+02 -1.128119975328e-01
2.258271636963e+02 -1.055471897125e-01
2.258260345459e+02 -6.493544578552e-02
2.258249053955e+02 5.940122157335e-02
2.258237762451e+02 2.534593082964e-02
2.258226470947e+02 5.054223537445e-02
2.258215179443e+02 -5.390200018883e-02
2.258203887939e+02 -7.612068206072e-02
2.258192596436e+02 9.839050471783e-03
2.258181304932e+02 -5.720117688179e-02
2.258170013428e+02 -4.315983504057e-02
2.258158721924e+02 -6.818824261427e-02
2.258147430420e+02 -1.396596729755e-01
2.258136138916e+02 -1.906047165394e-01
2.258124847412e+02 -9.129660576582e-02
2.258113555908e+02 -1.915671862662e-02
2.258102264404e+02 3.293714523315e-01
2.258090972900e+02 5.291588902473e-01
2.258079681396e+02 1.358034610748e-01
2.258068389893e+02 5.536407977343e-02
2.258057098389e+02 1.650608778000e-01
2.258045806885e+02 3.610294461250e-01
2.258034515381e+02 5.552644133568e-01
2.258023223877e+02 7.154659628868e-01
2.258011932373e+02 4.840015470982e-01
2.258000640869e+02 3.143126070499e-01
2.257989349365e+02 1.186542510986e-01
2.257978057861e+02 1.962137222290e-02
2.257966766357e+02 8.151124417782e-02
2.257955474854e+02 3.777085617185e-02
2.257944183350e+02 -2.043243870139e-02
2.257932891846e+02 6.451969593763e-02
2.257921600342e+02 8.945927023888e-02
2.257910308838e+02 1.505962163210e-01
2.257899017334e+02 3.208420276642e-01
2.257887725830e+02 2.287501990795e-01
2.257876434326e+02 1.118988990784e-01
2.257865142822e+02 4.862840753049e-03
2.257853851318e+02 8.088637143373e-02
2.257842559814e+02 -7.352407276630e-02
2.257831268311e+02 -1.375937759876e-01
2.257819976807e+02 -2.408086881042e-02
2.257808685303e+02 -5.395847186446e-02
2.257797393799e+02 5.661597102880e-02
2.257786102295e+02 2.481187582016e-01
2.257774963379e+02 4.214631617069e-01
2.257763671875e+02 3.414429426193e-01
2.257752380371e+02 2.430838197470e-01
2.257741088867e+02 4.569984972477e-02
2.257729797363e+02 -6.625500321388e-02
2.257718505859e+02 -1.039673201740e-02
2.257707214355e+02 -2.684690244496e-02
2.257695922852e+02 5.017321556807e-02
2.257684631348e+02 8.821130543947e-02
2.257673339844e+02 7.085246592760e-02
2.257662048340e+02 4.684394225478e-02
2.257650756836e+02 -3.284158930182e-02
2.257639465332e+02 4.487841506489e-04
2.257628173828e+02 -2.220890857279e-02
2.257616882324e+02 -6.991762667894e-02
2.257605590820e+02 1.092018000782e-02
2.257594299316e+02 -1.584917656146e-03
2.257583007812e+02 1.710599511862e-01
2.257571716309e+02 2.868482768536e-01
2.257560424805e+02 3.117657005787e-01
2.257549133301e+02 2.030836939812e-01
2.257537841797e+02 2.891991436481e-01
2.257526550293e+02 4.857189655304e-01
2.257515258789e+02 7.060092091560e-01
2.257503967285e+02 7.914261221886e-01
2.257492675781e+02 3.371459841728e-01
2.257481384277e+02 2.559536993504e-01
2.257470092773e+02 1.397227048874e-01
2.257458801270e+02 8.986250311136e-02
2.257447509766e+02 6.604483723640e-02
2.257436218262e+02 -9.993659704924e-02
2.257424926758e+02 -1.143874078989e-01
2.257413635254e+02 -3.780808672309e-02
2.257402343750e+02 -8.845061808825e-02
2.257391052246e+02 -2.194484695792e-03
2.257379760742e+02 1.055797860026e-01
2.257368469238e+02 1.909013986588e-01
2.257357177734e+02 2.979497313499e-01
2.257345886230e+02 1.862057149410e-01
2.257334594727e+02 -8.681757375598e-03
2.257323303223e+02 8.475561626256e-03
2.257312011719e+02 -2.623070962727e-02
2.257300720215e+02 7.639443129301e-02
2.257289428711e+02 6.248624622822e-02
2.257278137207e+02 -1.109481304884e-01
2.257266845703e+02 -1.295472681522e-01
2.257255554199e+02 -1.031396463513e-01
2.257244262695e+02 6.437994539738e-02
2.257232971191e+02 1.263209730387e-01
2.257221679688e+02 2.052340507507e-01
2.257210388184e+02 1.202508583665e-01
2.257199096680e+02 8.472213894129e-02
2.257187805176e+02 1.093336641788e-01
2.257176513672e+02 -5.943312309682e-03
2.257165222168e+02 -2.152514643967e-02
2.257153930664e+02 -5.325642600656e-02
2.257142639160e+02 -9.020566195250e-02
2.257131347656e+02 -1.162578091025e-01
2.257120056152e+02 -2.589488588274e-02
2.257108764648e+02 3.576959669590e-01
2.257097473145e+02 6.647242307663e-01
2.257086181641e+02 3.931356072426e-01
2.257075042725e+02 1.698805242777e-01
2.257063751221e+02 4.649940133095e-02
2.257052459717e+02 6.537941843271e-02
2.257041168213e+02 3.616311401129e-02
2.257029876709e+02 -1.137009859085e-01
2.257018585205e+02 6.170080974698e-02
2.257007293701e+02 6.305833160877e-02
2.256996002197e+02 2.479417324066e-01
2.256984710693e+02 5.350264310837e-01
2.256973419189e+02 6.278958320618e-01
2.256962127686e+02 3.358973264694e-01
2.256950836182e+02 3.147906661034e-01
2.256939544678e+02 2.129853814840e-01
2.256928253174e+02 8.266133815050e-02
2.256916961670e+02 -2.118014544249e-02
2.256905670166e+02 -8.987972140312e-02
2.256894378662e+02 -1.555338650942e-01
2.256883087158e+02 -1.358003467321e-01
2.256871795654e+02 -1.161015778780e-02
2.256860504150e+02 -3.457407653332e-02
2.256849212646e+02 -1.366266328841e-02
2.256837921143e+02 5.489337816834e-02
2.256826629639e+02 1.369774490595e-01
2.256815338135e+02 3.781598210335e-01
2.256804046631e+02 4.865845441818e-01
2.256792755127e+02 4.318672418594e-01
2.256781463623e+02 4.073518216610e-01
2.256770172119e+02 2.835659980774e-01
2.256758880615e+02 1.845589280128e-01
2.256747589111e+02 3.979051113129e-02
2.256736297607e+02 4.406956583261e-02
2.256725006104e+02 1.189974695444e-01
2.256713714600e+02 1.234582215548e-01
2.256702423096e+02 1.550431847572e-01
2.256691131592e+02 1.171328201890e-01
2.256679840088e+02 -4.728899151087e-02
2.256668548584e+02 9.724473953247e-02
2.256657257080e+02 8.772233128548e-02
2.256645965576e+02 1.239285990596e-01
2.256634674072e+02 1.509724091738e-02
2.256623382568e+02 3.314675092697e-01
2.256612091064e+02 3.653265535831e-01
2.256600799561e+02 5.550838112831e-01
2.256589508057e+02 9.410627484322e-01
2.256578216553e+02 1.809157967567e+00
2.256566925049e+02 2.117683410645e+00
2.256555633545e+02 3.168520689011e+00
2.256544342041e+02 3.131975889206e+00
2.256533050537e+02 3.419056177139e+00
2.256521759033e+02 1.525345516205e+01
2.256510467529e+02 2.480160713196e+01
2.256499176025e+02 1.262568569183e+01
2.256487884521e+02 8.177975654602e+00
2.256476593018e+02 4.860548496246e+00
2.256465301514e+02 2.529295444489e+00
2.256454010010e+02 1.613595843315e+00
2.256442718506e+02 9.711636900902e-01
2.256431427002e+02 7.946999073029e-01
2.256420135498e+02 7.248844504356e-01
2.256408843994e+02 2.607895433903e-01
2.256397552490e+02 4.199473559856e-01
2.256386260986e+02 3.015517294407e-01
2.256374969482e+02 7.006491720676e-02
2.256363830566e+02 1.469868272543e-01
2.256352539062e+02 9.847330302000e-02
2.256341247559e+02 1.001655533910e-01
2.256329956055e+02 1.639369279146e-01
2.256318664551e+02 -2.906479686499e-02
2.256307373047e+02 1.836993247271e-01
2.256296081543e+02 1.792770475149e-01
2.256284790039e+02 2.327879965305e-01
2.256273498535e+02 3.574041426182e-01
2.256262207031e+02 5.107148289680e-01
2.256250915527e+02 7.075872421265e-01
2.256239624023e+02 8.297160267830e-01
2.256228332520e+02 7.990029454231e-01
2.256217041016e+02 1.327925443649e+00
2.256205749512e+02 6.271795630455e-01
2.256194458008e+02 2.492353171110e-01
2.256183166504e+02 1.964439898729e-01
2.256171875000e+02 2.368113398552e-01
2.256160583496e+02 3.191020488739e-01
2.256149291992e+02 8.939262032509e-01
2.256138000488e+02 9.288600683212e-01
2.256126708984e+02 4.043075144291e-01
2.256115417480e+02 1.815068870783e-01
2.256104125977e+02 1.691336482763e-01
2.256092834473e+02 6.716658920050e-02
2.256081542969e+02 -9.756559133530e-02
2.256070251465e+02 -9.120176732540e-02
2.256058959961e+02 -7.230503857136e-02
2.256047668457e+02 2.040971256793e-02
2.256036376953e+02 3.605566620827e-01
2.256025085449e+02 9.137530922890e-01
2.256013793945e+02 5.901326537132e-01
2.256002502441e+02 2.329598516226e-01
2.255991210938e+02 1.574751734734e-02
2.255979919434e+02 -1.315854936838e-01
2.255968627930e+02 -5.239595845342e-02
2.255957336426e+02 -1.106968745589e-01
2.255946044922e+02 -1.647503077984e-01
2.255934753418e+02 -1.700848490000e-01
2.255923461914e+02 -1.286823749542e-01
2.255912170410e+02 -1.188667863607e-01
2.255900878906e+02 -3.268422186375e-01
2.255889587402e+02 -2.704938352108e-01
2.255878295898e+02 -1.506204754114e-01
2.255867004395e+02 -5.454469844699e-02
2.255855712891e+02 -4.850757867098e-02
2.255844421387e+02 -1.225553452969e-01
2.255833129883e+02 -8.177448809147e-02
2.255821838379e+02 -5.948741361499e-02
2.255810546875e+02 4.482651501894e-02
2.255799255371e+02 4.286027550697e-01
2.255787963867e+02 7.783266305923e-01
2.255776672363e+02 5.436097979546e-01
2.255765380859e+02 2.593828737736e-01
2.255754089355e+02 4.500829875469e-01
2.255742797852e+02 1.349390745163e+00
2.255731506348e+02 2.947319030762e+00
2.255720214844e+02 2.348992347717e+00
2.255708923340e+02 7.523580789566e-01
2.255697631836e+02 6.026315689087e-01
2.255686340332e+02 2.686648666859e-01
2.255675048828e+02 1.211429387331e-01
2.255663909912e+02 1.358297169209e-01
2.255652618408e+02 2.718594372272e-01
2.255641326904e+02 1.659943938255e+00
2.255630035400e+02 3.337992668152e+00
2.255618743896e+02 1.687545299530e+00
2.255607452393e+02 7.815462946892e-01
2.255596160889e+02 4.831852614880e-01
2.255584869385e+02 2.216383367777e-01
2.255573577881e+02 1.633919179440e-01
2.255562286377e+02 4.886374771595e-01
2.255550994873e+02 2.473831415176e+00
2.255539703369e+02 6.439684391022e+00
2.255528411865e+02 6.241871833801e+00
2.255517120361e+02 3.202178478241e+00
2.255505828857e+02 1.359564065933e+00
2.255494537354e+02 8.187397122383e-01
2.255483245850e+02 1.578559130430e-01
2.255471954346e+02 3.270886465907e-02
2.255460662842e+02 -8.396662026644e-02
2.255449371338e+02 7.732165511698e-03
2.255438079834e+02 5.104957148433e-02
2.255426788330e+02 -1.580118574202e-02
2.255415496826e+02 -6.131947040558e-02
2.255404205322e+02 7.012487202883e-02
2.255392913818e+02 7.188217341900e-02
2.255381622314e+02 8.797707408667e-02
2.255370330811e+02 1.757825613022e-01
2.255359039307e+02 1.220821812749e-01
2.255347747803e+02 9.460300207138e-02
2.255336456299e+02 7.381491363049e-02
2.255325164795e+02 4.785973951221e-02
2.255313873291e+02 7.377798110247e-02
2.255302581787e+02 -2.395965531468e-02
2.255291290283e+02 -8.945123106241e-02
2.255279998779e+02 6.166877970099e-02
2.255268707275e+02 2.867635488510e-01
2.255257415771e+02 5.182402729988e-01
2.255246124268e+02 6.994981765747e-01
2.255234832764e+02 7.384724020958e-01
2.255223541260e+02 9.070009589195e-01
2.255212249756e+02 1.172119140625e+00
2.255200958252e+02 8.499081134796e-01
2.255189666748e+02 3.756497502327e-01
2.255178375244e+02 1.129625663161e-01
2.255167083740e+02 1.181620284915e-01
2.255155792236e+02 3.238366246223e-01
2.255144500732e+02 7.771953940392e-01
2.255133209229e+02 7.048135995865e-01
2.255121917725e+02 3.185536861420e-01
2.255110626221e+02 3.185470402241e-01
2.255099334717e+02 4.271445572376e-01
2.255088043213e+02 6.206309795380e-01
2.255076751709e+02 6.768816709518e-01
2.255065460205e+02 5.281657576561e-01
2.255054168701e+02 1.884154975414e-01
2.255042877197e+02 4.404095560312e-02
2.255031585693e+02 1.230806186795e-01
2.255020294189e+02 1.798238903284e-01
2.255009002686e+02 3.756313920021e-01
2.254997711182e+02 6.216780543327e-01
2.254986419678e+02 5.020741224289e-01
2.254975128174e+02 2.860461771488e-01
2.254963989258e+02 1.878557056189e-01
2.254952697754e+02 1.438756566495e-02
2.254941406250e+02 7.303998619318e-02
2.254930114746e+02 9.845941513777e-02
2.254918823242e+02 2.034971266985e-01
2.254907531738e+02 4.096224308014e-01
2.254896240234e+02 2.213226705790e-01
2.254884948730e+02 3.165028244257e-02
2.254873657227e+02 1.765169017017e-02
2.254862365723e+02 3.939832374454e-02
2.254851074219e+02 -6.461583077908e-02
2.254839782715e+02 -7.817555218935e-02
2.254828491211e+02 -5.941019579768e-02
2.254817199707e+02 -2.477551996708e-02
2.254805908203e+02 -7.027289271355e-02
2.254794616699e+02 -5.300874263048e-02
2.254783325195e+02 -1.174438670278e-01
2.254772033691e+02 -1.283508446068e-02
2.254760742188e+02 1.208054646850e-01
2.254749450684e+02 1.235572472215e-01
2.254738159180e+02 1.094880178571e-01
2.254726867676e+02 5.645716562867e-02
2.254715576172e+02 -3.529962524772e-02
2.254704284668e+02 1.374480128288e-01
2.254692993164e+02 3.471994698048e-01
2.254681701660e+02 5.842704176903e-01
2.254670410156e+02 7.316012382507e-01
2.254659118652e+02 5.768324136734e-01
2.254647827148e+02 5.214583277702e-01
2.254636535645e+02 4.145551323891e-01
2.254625244141e+02 2.197678089142e-01
2.254613952637e+02 7.175265252590e-02
2.254602661133e+02 5.854051094502e-03
2.254591369629e+02 -6.041553989053e-02
2.254580078125e+02 -6.793934106827e-02
2.254568786621e+02 -8.530182763934e-03
2.254557495117e+02 5.570423323661e-03
2.254546203613e+02 2.062133699656e-02
2.254534912109e+02 -1.341205369681e-02
2.254523620605e+02 2.654343284667e-02
2.254512329102e+02 1.792396605015e-02
2.254501037598e+02 -6.064077839255e-02
2.254489746094e+02 -5.765228718519e-02
2.254478454590e+02 -7.830711547285e-04
2.254467163086e+02 2.304574102163e-02
2.254455871582e+02 5.818353220820e-02
2.254444580078e+02 2.114798687398e-02
2.254433288574e+02 -1.195196527988e-02
2.254421997070e+02 6.217933073640e-02
2.254410705566e+02 1.757764816284e-02
2.254399414062e+02 2.552394568920e-02
2.254388122559e+02 -4.233382642269e-02
2.254376831055e+02 4.066355526447e-02
2.254365539551e+02 4.844602942467e-02
2.254354248047e+02 -6.094990670681e-02
2.254342956543e+02 5.154235288501e-02
2.254331665039e+02 -2.976487390697e-03
2.254320373535e+02 2.779936976731e-02
2.254309082031e+02 7.198937819339e-04
2.254297790527e+02 6.593739986420e-02
2.254286499023e+02 2.418035082519e-02
2.254275207520e+02 1.098648980260e-01
2.254263916016e+02 7.922834903002e-02
2.254252777100e+02 3.902815282345e-02
2.254241485596e+02 7.666831463575e-02
2.254230194092e+02 2.775903642178e-01
2.254218902588e+02 1.821685731411e-01
2.254207611084e+02 -4.198151454329e-02
2.254196319580e+02 -1.938430033624e-02
2.254185028076e+02 -1.720147090964e-03
2.254173736572e+02 -1.181080415845e-01
2.254162445068e+02 -1.588964909315e-01
2.254151153564e+02 -6.567039340734e-02
2.254139862061e+02 8.888010680676e-02
2.254128570557e+02 3.092366456985e-01
2.254117279053e+02 5.632308721542e-01
2.254105987549e+02 7.399979829788e-01
2.254094696045e+02 4.898903369904e-01
2.254083404541e+02 3.670456409454e-01
2.254072113037e+02 1.383992880583e-01
2.254060821533e+02 -8.427147567272e-02
2.254049530029e+02 5.180342495441e-02
2.254038238525e+02 3.584778606892e-01
2.254026947021e+02 7.867857217789e-01
2.254015655518e+02 4.526783227921e-01
2.254004364014e+02 1.783764809370e-01
2.253993072510e+02 6.236064806581e-02
2.253981781006e+02 7.962942868471e-02
2.253970489502e+02 1.381445974112e-01
2.253959197998e+02 2.389694452286e-01
2.253947906494e+02 1.389797776937e-01
2.253936614990e+02 1.433404684067e-01
2.253925323486e+02 1.714615374804e-01
2.253914031982e+02 1.140172928572e-01
2.253902740479e+02 1.022494286299e-01
2.253891448975e+02 5.553684011102e-02
2.253880157471e+02 -1.464313715696e-01
2.253868865967e+02 -1.280423402786e-01
2.253857574463e+02 -6.935575604439e-02
2.253846282959e+02 -9.170095622540e-02
2.253834991455e+02 -1.850290149450e-01
2.253823699951e+02 -1.660416722298e-01
2.253812408447e+02 -1.790142655373e-01
2.253801116943e+02 -2.374934107065e-01
2.253789825439e+02 -1.552544981241e-01
2.253778533936e+02 -1.507093757391e-01
2.253767242432e+02 -2.303977459669e-01
2.253755950928e+02 -1.995557248592e-01
2.253744659424e+02 -1.527757793665e-01
2.253733367920e+02 2.871002303436e-03
2.253722076416e+02 -6.358168274164e-02
2.253710784912e+02 1.679713465273e-02
2.253699493408e+02 2.693708539009e-01
2.253688201904e+02 1.079587101936e+00
2.253676910400e+02 1.694374918938e+00
2.253665618896e+02 1.103629112244e+00
2.253654327393e+02 6.635939478874e-01
2.253643035889e+02 5.161081552505e-01
2.253631744385e+02 -1.899040304124e-02
2.253620452881e+02 -7.512466609478e-02
2.253609161377e+02 1.599488705397e-01
2.253597869873e+02 4.717046022415e-01
2.253586578369e+02 9.623597264290e-01
2.253575286865e+02 1.137809395790e+00
2.253563995361e+02 6.898846626282e-01
2.253552856445e+02 5.557385683060e-01
2.253541564941e+02 7.262555956841e-01
2.253530273438e+02 6.328332424164e-01
2.253518981934e+02 2.227502167225e-01
2.253507690430e+02 9.254110604525e-02
2.253496398926e+02 7.747326046228e-02
2.253485107422e+02 3.142403438687e-02
2.253473815918e+02 -4.052708297968e-02
2.253462524414e+02 -9.902963042259e-02
2.253451232910e+02 -1.380205750465e-01
2.253439941406e+02 -1.907885372639e-01
2.253428649902e+02 -2.039288133383e-01
2.253417358398e+02 -1.418306231499e-01
2.253406066895e+02 -7.295260578394e-02
2.253394775391e+02 -3.990340232849e-02
2.253383483887e+02 -9.296618402004e-02
2.253372192383e+02 -1.679977178574e-01
2.253360900879e+02 -1.360382139683e-01
2.253349609375e+02 1.811310183257e-03
2.253338317871e+02 -1.519559919834e-01
2.253327026367e+02 -4.311753436923e-02
2.253315734863e+02 -5.806666985154e-02
2.253304443359e+02 -5.368211120367e-02
2.253293151855e+02 1.281125396490e-01
2.253281860352e+02 2.732181549072e-01
2.253270568848e+02 5.152810215950e-01
2.253259277344e+02 6.651363968849e-01
2.253247985840e+02 2.702403068542e-01
2.253236694336e+02 1.601004302502e-01
2.253225402832e+02 1.948413103819e-01
2.253214111328e+02 9.995497763157e-02
2.253202819824e+02 -8.636941760778e-02
2.253191528320e+02 -1.737378686666e-01
2.253180236816e+02 -8.390095084906e-02
2.253168945312e+02 -8.394981175661e-02
2.253157653809e+02 -8.398113399744e-02
2.253146362305e+02 1.389302487951e-04
2.253135070801e+02 2.277371101081e-02
2.253123779297e+02 3.718505054712e-02
2.253112487793e+02 -8.190365880728e-02
2.253101196289e+02 -6.490191817284e-02
2.253089904785e+02 -2.990331500769e-02
2.253078613281e+02 2.362913079560e-02
2.253067321777e+02 -1.186891347170e-01
2.253056030273e+02 -2.366310507059e-01
2.253044738770e+02 -2.008287012577e-01
2.253033447266e+02 -8.320073783398e-02
2.253022155762e+02 -1.693332642317e-01
2.253010864258e+02 -1.913759112358e-01
2.252999572754e+02 -6.678487360477e-02
2.252988281250e+02 -2.082298323512e-02
2.252976989746e+02 -9.469006210566e-02
2.252965698242e+02 1.631837524474e-02
2.252954406738e+02 -5.242129042745e-02
2.252943115234e+02 -1.166465803981e-01
2.252931823730e+02 8.412416279316e-02
2.252920532227e+02 2.088894881308e-02
2.252909240723e+02 -2.595453150570e-02
2.252897949219e+02 -4.989556968212e-02
2.252886657715e+02 -1.598016917706e-01
2.252875366211e+02 -7.124086469412e-02
2.252864074707e+02 -9.861047565937e-02
2.252852783203e+02 -2.023798376322e-01
2.252841644287e+02 -1.415369659662e-01
2.252830352783e+02 -1.899605393410e-01
2.252819061279e+02 -1.876318007708e-01
2.252807769775e+02 -2.000928670168e-01
2.252796478271e+02 -1.484777331352e-01
2.252785186768e+02 -2.903817966580e-02
2.252773895264e+02 -4.379737004638e-02
2.252762603760e+02 -1.267466396093e-01
2.252751312256e+02 -9.760920703411e-02
2.252740020752e+02 -2.647673711181e-02
2.252728729248e+02 -1.399866025895e-02
2.252717437744e+02 -4.847471043468e-02
2.252706146240e+02 6.498068571091e-02
2.252694854736e+02 1.038429811597e-01
2.252683563232e+02 1.559644490480e-01
2.252672271729e+02 1.874379515648e-01
2.252660980225e+02 1.191814690828e-01
2.252649688721e+02 -3.793159965426e-03
2.252638397217e+02 6.150220520794e-03
2.252627105713e+02 -5.483888834715e-02
2.252615814209e+02 -1.466939784586e-02
2.252604522705e+02 3.107177279890e-02
2.252593231201e+02 -5.533998832107e-02
2.252581939697e+02 -4.646623134613e-02
2.252570648193e+02 -3.385202586651e-02
2.252559356689e+02 -1.455511003733e-01
2.252548065186e+02 -1.226981170475e-02
2.252536773682e+02 3.203223459423e-03
2.252525482178e+02 2.652973309159e-02
2.252514190674e+02 -2.246098220348e-02
2.252502899170e+02 1.194328218699e-01
2.252491607666e+02 -5.648610368371e-02
2.252480316162e+02 -1.841494590044e-01
2.252469024658e+02 5.522048473358e-02
2.252457733154e+02 -2.591383270919e-02
2.252446441650e+02 -1.016734838486e-01
2.252435150146e+02 -1.556195914745e-01
2.252423858643e+02 -3.901397576556e-03
2.252412567139e+02 7.903560250998e-02
2.252401275635e+02 -6.102206185460e-02
2.252389984131e+02 8.414620161057e-02
2.252378692627e+02 3.800694644451e-01
2.252367401123e+02 6.907582283020e-01
2.252356109619e+02 4.425490796566e-01
2.252344818115e+02 3.838507235050e-01
2.252333526611e+02 7.142077684402e-01
2.252322235107e+02 7.451336979866e-01
2.252310943604e+02 3.630431592464e-01
2.252299652100e+02 2.153173983097e-01
2.252288360596e+02 2.550862915814e-02
2.252277069092e+02 -6.365127116442e-02
2.252265777588e+02 -1.088628247380e-01
2.252254486084e+02 -1.704659312963e-01
2.252243194580e+02 -2.817565388978e-02
2.252231903076e+02 7.025245577097e-02
2.252220611572e+02 1.263194158673e-02
2.252209320068e+02 -4.997768998146e-02
2.252198028564e+02 -1.574430800974e-02
2.252186737061e+02 1.345977634192e-01
2.252175445557e+02 1.263319849968e-01
2.252164154053e+02 5.670821666718e-02
2.252152862549e+02 7.104858011007e-02
2.252141723633e+02 3.206620737910e-02
2.252130432129e+02 -1.053007319570e-01
2.252119140625e+02 1.733270473778e-02
2.252107849121e+02 5.839817598462e-02
2.252096557617e+02 -4.261624440551e-02
2.252085266113e+02 -9.481804072857e-02
2.252073974609e+02 -6.773316115141e-02
2.252062683105e+02 -3.598456829786e-02
2.252051391602e+02 3.939699232578e-01
2.252040100098e+02 6.105948090553e-01
2.252028808594e+02 9.531005024910e-01
2.252017517090e+02 7.958611249924e-01
2.252006225586e+02 4.402024149895e-01
2.251994934082e+02 3.225204944611e-01
2.251983642578e+02 3.463498055935e-01
2.251972351074e+02 1.557366997004e-01
2.251961059570e+02 4.771572723985e-02
2.251949768066e+02 6.419099867344e-02
2.251938476562e+02 5.004378557205e-01
2.251927185059e+02 7.717504501343e-01
2.251915893555e+02 1.231728553772e+00
2.251904602051e+02 1.753505349159e+00
2.251893310547e+02 1.889038801193e+00
2.251882019043e+02 9.238937497139e-01
2.251870727539e+02 6.702431440353e-01
2.251859436035e+02 3.029699027538e-01
2.251848144531e+02 3.921127319336e-01
2.251836853027e+02 6.572331190109e-01
2.251825561523e+02 7.452873587608e-01
2.251814270020e+02 5.512331724167e-01
2.251802978516e+02 4.578108191490e-01
2.251791687012e+02 2.845682501793e-01
2.251780395508e+02 1.677233725786e-01
2.251769104004e+02 6.330338120461e-02
2.251757812500e+02 -6.437975913286e-02
2.251746520996e+02 -1.153272315860e-01
2.251735229492e+02 -5.305386707187e-02
2.251723937988e+02 9.723035618663e-03
2.251712646484e+02 1.329404711723e-01
2.251701354980e+02 2.507692575455e-01
2.251690063477e+02 8.267357945442e-02
2.251678771973e+02 1.989350765944e-01
2.251667480469e+02 2.378346323967e-01
2.251656188965e+02 4.604637026787e-01
2.251644897461e+02 7.826445698738e-01
2.251633605957e+02 6.643236875534e-01
2.251622314453e+02 3.580256104469e-01
2.251611022949e+02 4.415014982224e-01
2.251599731445e+02 7.350140810013e-01
2.251588439941e+02 1.135063767433e+00
2.251577148438e+02 1.154599428177e+00
2.251565856934e+02 1.057232856750e+00
2.251554565430e+02 5.123788714409e-01
2.251543273926e+02 3.931216597557e-01
2.251531982422e+02 2.501004934311e-01
2.251520690918e+02 -1.674000173807e-02
2.251509399414e+02 -2.839843370020e-02
2.251498107910e+02 -8.410409092903e-03
2.251486816406e+02 -3.642924502492e-02
2.251475524902e+02 -6.076478585601e-02
2.251464233398e+02 -1.712836623192e-01
2.251452941895e+02 -1.527423113585e-01
2.251441650391e+02 -1.611726880074e-01
2.251430511475e+02 -1.216540858150e-01
2.251419219971e+02 -1.920732706785e-01
2.251407928467e+02 -1.992815919220e-02
2.251396636963e+02 -6.163159012794e-02
2.251385345459e+02 -6.842825561762e-02
2.251374053955e+02 -2.655790373683e-02
2.251362762451e+02 -2.325738221407e-02
2.251351470947e+02 -1.439855694771e-01
2.251340179443e+02 -1.213649436831e-01
2.251328887939e+02 -1.494112238288e-02
2.251317596436e+02 -5.880550667644e-02
2.251306304932e+02 1.925167255104e-02
2.251295013428e+02 9.908356517553e-02
2.251283721924e+02 1.616929024458e-01
2.251272430420e+02 9.465438872576e-02
2.251261138916e+02 4.631140828133e-01
2.251249847412e+02 7.809988856316e-01
2.251238555908e+02 7.291760444641e-01
2.251227264404e+02 3.767204880714e-01
2.251215972900e+02 2.000109106302e-01
2.251204681396e+02 1.049602553248e-01
2.251193389893e+02 7.972160726786e-02
2.251182098389e+02 7.469401694834e-03
2.251170806885e+02 -3.739437833428e-02
2.251159515381e+02 1.435589045286e-01
2.251148223877e+02 4.468732774258e-01
2.251136932373e+02 6.489953398705e-01
2.251125640869e+02 6.091625094414e-01
2.251114349365e+02 9.743720293045e-01
2.251103057861e+02 1.468618869781e+00
2.251091766357e+02 2.151495218277e+00
2.251080474854e+02 2.916243791580e+00
2.251069183350e+02 2.333597183228e+00
2.251057891846e+02 1.869885206223e+00
2.251046600342e+02 1.259624242783e+00
2.251035308838e+02 7.710089087486e-01
2.251024017334e+02 4.095331132412e-01
2.251012725830e+02 3.917379975319e-01
2.251001434326e+02 2.747717797756e-01
2.250990142822e+02 8.057925105095e-02
2.250978851318e+02 9.952723979950e-02
2.250967559814e+02 4.202520474792e-02
2.250956268311e+02 1.615807786584e-02
2.250944976807e+02 8.972928673029e-02
2.250933685303e+02 5.371739342809e-02
2.250922393799e+02 4.199453070760e-02
2.250911102295e+02 1.469678878784e-01
2.250899810791e+02 5.025998875499e-02
2.250888519287e+02 -3.584184218198e-03
2.250877227783e+02 8.887397497892e-02
2.250865936279e+02 2.234871983528e-01
2.250854644775e+02 5.669445395470e-01
2.250843353271e+02 7.329810857773e-01
2.250832061768e+02 4.029886126518e-01
2.250820770264e+02 2.823540866375e-01
2.250809478760e+02 9.033983200788e-02
2.250798187256e+02 -3.415349125862e-02
2.250786895752e+02 -6.283427029848e-02
2.250775604248e+02 -4.501917585731e-02
2.250764312744e+02 -7.337349932641e-03
2.250753021240e+02 -8.092869818211e-02
2.250741729736e+02 2.415875904262e-02
2.250730590820e+02 9.931212663651e-02
2.250719299316e+02 1.442014575005e-01
2.250708007812e+02 1.018083393574e-01
2.250696716309e+02 1.997314542532e-01
2.250685424805e+02 3.291739523411e-01
2.250674133301e+02 3.676048815250e-01
2.250662841797e+02 6.595082879066e-01
2.250651550293e+02 9.527671337128e-01
2.250640258789e+02 1.070468664169e+00
2.250628967285e+02 9.039684534073e-01
2.250617675781e+02 6.762407422066e-01
2.250606384277e+02 6.863967180252e-01
2.250595092773e+02 5.395912528038e-01
2.250583801270e+02 3.072236180305e-01
2.250572509766e+02 1.801605671644e-01
2.250561218262e+02 -1.797758229077e-02
2.250549926758e+02 6.978343427181e-02
2.250538635254e+02 -2.090157754719e-02
2.250527343750e+02 1.023473963141e-01
2.250516052246e+02 -1.324360724539e-02
2.250504760742e+02 7.018939591944e-03
2.250493469238e+02 1.179829314351e-01
2.250482177734e+02 7.432338595390e-02
2.250470886230e+02 2.683118879795e-01
2.250459594727e+02 5.663715004921e-01
2.250448303223e+02 5.540959239006e-01
2.250437011719e+02 4.770885407925e-01
2.250425720215e+02 5.079811811447e-01
2.250414428711e+02 6.051815152168e-01
2.250403137207e+02 7.438834905624e-01
2.250391845703e+02 6.299690008163e-01
2.250380554199e+02 4.660427868366e-01
2.250369262695e+02 3.960973620415e-01
2.250357971191e+02 2.796891629696e-01
2.250346679688e+02 1.017096638680e-01
2.250335388184e+02 -2.182034961879e-02
2.250324096680e+02 1.433262825012e-01
2.250312805176e+02 -1.093510016799e-01
2.250301513672e+02 -7.678639888763e-02
2.250290222168e+02 -8.843623846769e-02
2.250278930664e+02 -9.288380295038e-02
2.250267639160e+02 -1.308487057686e-01
2.250256347656e+02 -1.477131620049e-02
2.250245056152e+02 -2.252816781402e-02
2.250233764648e+02 -1.143530458212e-01
2.250222473145e+02 -1.006419584155e-01
2.250211181641e+02 -1.495550274849e-01
2.250199890137e+02 -8.035288006067e-02
2.250188598633e+02 -1.208894476295e-01
2.250177307129e+02 -6.971909105778e-02
2.250166015625e+02 -8.435476571321e-02
2.250154724121e+02 -4.786774516106e-02
2.250143432617e+02 -5.002265423536e-02
2.250132141113e+02 -5.339081957936e-02
2.250120849609e+02 -3.028847649693e-02
2.250109558105e+02 1.325906906277e-02
2.250098266602e+02 -2.583222649992e-02
2.250086975098e+02 4.925515130162e-02
2.250075683594e+02 1.049434468150e-01
2.250064392090e+02 3.304486349225e-02
2.250053100586e+02 1.048815622926e-02
2.250041809082e+02 4.244827106595e-02
2.250030670166e+02 -1.562112942338e-02
2.250019378662e+02 -1.683362275362e-01
2.250008087158e+02 -1.436424851418e-01
2.249996795654e+02 -7.829383015633e-02
2.249985504150e+02 9.245663136244e-02
2.249974212646e+02 1.702643036842e-01
2.249962921143e+02 2.006635069847e-01
2.249951629639e+02 8.029378205538e-02
2.249940338135e+02 -1.148132383823e-01
2.249929046631e+02 -1.922738403082e-01
2.249917755127e+02 -2.698630392551e-01
2.249906463623e+02 -2.156513929367e-01
2.249895172119e+02 1.595664210618e-02
2.249883880615e+02 -1.689981669188e-01
2.249872589111e+02 -1.808807253838e-01
2.249861297607e+02 -6.095336377621e-02
2.249850006104e+02 -1.995834708214e-01
2.249838714600e+02 -4.174938797951e-02
2.249827423096e+02 8.039574325085e-02
2.249816131592e+02 -2.398202121258e-01
2.249804840088e+02 -1.676156744361e-02
2.249793548584e+02 3.102611750364e-02
2.249782257080e+02 8.138958364725e-03
2.249770965576e+02 -3.433913365006e-02
2.249759674072e+02 -4.694035649300e-02
2.249748382568e+02 -1.247127875686e-01
2.249737091064e+02 -1.798131167889e-01
2.249725799561e+02 -9.172765165567e-02
2.249714508057e+02 -4.613062366843e-03
2.249703216553e+02 -3.494424372911e-02
2.249691925049e+02 1.212286017835e-02
2.249680633545e+02 -4.399351030588e-02
2.249669342041e+02 2.274474129081e-02
2.249658050537e+02 3.121419111267e-03
2.249646759033e+02 2.675364911556e-01
2.249635467529e+02 7.450694441795e-01
2.249624176025e+02 8.167573213577e-01
2.249612884521e+02 3.614639043808e-01
2.249601593018e+02 1.005023717880e-01
2.249590301514e+02 2.006712369621e-02
2.249579010010e+02 -2.918147109449e-02
2.249567718506e+02 5.019169766456e-03
2.249556427002e+02 1.256747990847e-01
2.249545135498e+02 1.658290177584e-01
2.249533843994e+02 5.063445866108e-02
2.249522552490e+02 6.980034988374e-03
2.249511260986e+02 -1.745312102139e-02
2.249499969482e+02 -5.807930603623e-02
2.249488677979e+02 -1.451583802700e-01
2.249477386475e+02 -2.072895914316e-01
2.249466094971e+02 -1.518018245697e-01
2.249454803467e+02 -7.393674552441e-02
2.249443511963e+02 -1.770707070827e-01
2.249432220459e+02 -1.740615367889e-01
2.249420928955e+02 -1.573929339647e-01
2.249409637451e+02 -1.637824922800e-01
2.249398345947e+02 5.021263286471e-02
2.249387054443e+02 9.326256811619e-02
2.249375762939e+02 -1.483354270458e-01
2.249364471436e+02 1.698515564203e-02
2.249353179932e+02 3.747186064720e-02
2.249341888428e+02 6.340672820807e-02
2.249330596924e+02 3.161401748657e-01
2.249319458008e+02 3.749749362469e-01
2.249308166504e+02 4.292463660240e-01
2.249296875000e+02 4.909040927887e-01
2.249285583496e+02 4.882509410381e-01
2.249274291992e+02 3.973011076450e-01
2.249263000488e+02 3.030210733414e-01
2.249251708984e+02 1.492247134447e-01
2.249240417480e+02 1.287514343858e-02
2.249229125977e+02 -7.227335125208e-02
2.249217834473e+02 -4.199555143714e-03
2.249206542969e+02 6.310129910707e-02
2.249195251465e+02 1.199917644262e-01
2.249183959961e+02 5.293734371662e-02
2.249172668457e+02 -4.324049502611e-02
2.249161376953e+02 -4.551699385047e-02
2.249150085449e+02 -8.047224581242e-02
2.249138793945e+02 -1.128205955029e-01
2.249127502441e+02 -7.314192503691e-02
2.249116210938e+02 2.107107080519e-02
2.249104919434e+02 3.378091752529e-02
2.249093627930e+02 -1.198711898178e-02
2.249082336426e+02 -7.278977427632e-03
2.249071044922e+02 -5.294036492705e-02
2.249059753418e+02 -9.231940656900e-02
2.249048461914e+02 -1.118732914329e-01
2.249037170410e+02 -1.062493249774e-01
2.249025878906e+02 9.028160572052e-02
2.249014587402e+02 3.342718482018e-01
2.249003295898e+02 6.053915619850e-01
2.248992004395e+02 6.136868000031e-01
2.248980712891e+02 3.128378987312e-01
2.248969421387e+02 6.924735754728e-02
2.248958129883e+02 -1.592247374356e-02
2.248946838379e+02 -5.941563472152e-02
2.248935546875e+02 9.186707437038e-02
2.248924255371e+02 3.231959789991e-02
2.248912963867e+02 -1.215602010489e-01
2.248901672363e+02 -1.216213405132e-01
2.248890380859e+02 -6.940082646906e-03
2.248879089355e+02 1.487144082785e-01
2.248867797852e+02 1.476104557514e-01
2.248856506348e+02 1.806169599295e-01
2.248845214844e+02 9.213917255402e-01
2.248833923340e+02 1.575244545937e+00
2.248822631836e+02 1.548499464989e+00
2.248811340332e+02 9.448323249817e-01
2.248800048828e+02 6.739535927773e-01
2.248788757324e+02 2.661075592041e-01
2.248777465820e+02 3.702339828014e-01
2.248766174316e+02 1.560561507940e-01
2.248754882812e+02 1.986179500818e-02
2.248743591309e+02 -1.020219624043e-01
2.248732299805e+02 -7.306173443794e-02
2.248721008301e+02 -7.919890433550e-02
2.248709716797e+02 -7.789892703295e-02
2.248698425293e+02 7.674512267113e-02
2.248687133789e+02 1.491147130728e-01
2.248675842285e+02 3.346763849258e-01
2.248664550781e+02 5.047024488449e-01
2.248653259277e+02 4.547495543957e-01
2.248641967773e+02 1.678526401520e-01
2.248630676270e+02 1.608381271362e-01
2.248619537354e+02 3.357549011707e-01
2.248608245850e+02 6.717885136604e-01
2.248596954346e+02 4.643004238605e-01
2.248585662842e+02 1.111050322652e-01
2.248574371338e+02 6.631129421294e-03
2.248563079834e+02 -1.062235087156e-01
2.248551788330e+02 -1.206190958619e-01
2.248540496826e+02 -1.085263267159e-01
2.248529205322e+02 -1.257350202650e-02
2.248517913818e+02 -6.944734603167e-02
2.248506622314e+02 -1.202246248722e-01
2.248495330811e+02 4.682608414441e-03
2.248484039307e+02 5.653577670455e-02
2.248472747803e+02 1.310999989510e-01
2.248461456299e+02 2.379047870636e-02
2.248450164795e+02 1.216138824821e-01
2.248438873291e+02 2.729745954275e-02
2.248427581787e+02 8.095026761293e-02
2.248416290283e+02 8.704341202974e-02
2.248404998779e+02 1.066089421511e-01
2.248393707275e+02 1.169656366110e-01
2.248382415771e+02 4.108226299286e-01
2.248371124268e+02 3.394401073456e-01
2.248359832764e+02 1.241028681397e-01
2.248348541260e+02 1.859200298786e-01
2.248337249756e+02 1.959753483534e-01
2.248325958252e+02 1.720767617226e-01
2.248314666748e+02 1.843138933182e-01
2.248303375244e+02 2.652854025364e-01
2.248292083740e+02 1.841514110565e-01
2.248280792236e+02 1.843875646591e-01
2.248269500732e+02 2.159173190594e-01
2.248258209229e+02 1.558121591806e-01
2.248246917725e+02 5.948125198483e-02
2.248235626221e+02 -2.369457110763e-02
2.248224334717e+02 -2.526292204857e-02
2.248213043213e+02 -1.178054660559e-01
2.248201751709e+02 -2.327168434858e-01
2.248190460205e+02 -1.437854021788e-01
2.248179168701e+02 -3.986713290215e-02
2.248167877197e+02 2.065802179277e-02
2.248156585693e+02 -4.461103677750e-02
2.248145294189e+02 7.341911550611e-03
2.248134002686e+02 -5.318895354867e-02
2.248122711182e+02 -1.912208497524e-01
2.248111419678e+02 -2.120323181152e-01
2.248100128174e+02 -1.216266229749e-01
2.248088836670e+02 -1.410048753023e-01
2.248077545166e+02 -9.655693918467e-02
2.248066253662e+02 -1.358885318041e-01
2.248054962158e+02 -1.183025091887e-01
2.248043670654e+02 -8.872640132904e-02
2.248032379150e+02 -1.230853497982e-01
2.248021087646e+02 -1.407531797886e-01
2.248009796143e+02 -9.895619750023e-02
2.247998504639e+02 7.359978556633e-02
2.247987213135e+02 2.128624469042e-01
2.247975921631e+02 2.259468436241e-01
2.247964630127e+02 1.728573739529e-01
2.247953338623e+02 9.478446841240e-02
2.247942047119e+02 4.846746101975e-02
2.247930755615e+02 1.002018228173e-01
2.247919464111e+02 1.266832649708e-01
2.247908325195e+02 4.973239451647e-02
2.247897033691e+02 3.557980526239e-03
2.247885742188e+02 -1.744687259197e-01
2.247874450684e+02 -1.692984402180e-01
2.247863159180e+02 -2.368080914021e-01
2.247851867676e+02 -1.638560593128e-01
2.247840576172e+02 -1.138042286038e-01
2.247829284668e+02 -6.512005347759e-03
2.247817993164e+02 -1.106866542250e-02
2.247806701660e+02 -4.545146599412e-02
2.247795410156e+02 1.107961684465e-01
2.247784118652e+02 5.367878675461e-01
2.247772827148e+02 8.604368567467e-01
2.247761535645e+02 6.367987990379e-01
2.247750244141e+02 2.909717857838e-01
2.247738952637e+02 2.422923445702e-01
2.247727661133e+02 5.253003910184e-02
2.247716369629e+02 -4.797412455082e-02
2.247705078125e+02 -4.882109537721e-02
2.247693786621e+02 5.143379792571e-02
2.247682495117e+02 -2.531309612095e-02
2.247671203613e+02 -4.012962430716e-02
2.247659912109e+02 -1.473230421543e-01
2.247648620605e+02 -1.008066162467e-02
2.247637329102e+02 -1.248063370585e-01
2.247626037598e+02 -7.056116312742e-02
2.247614746094e+02 1.569193974137e-02
2.247603454590e+02 6.555566191673e-02
2.247592163086e+02 -7.742005866021e-03
2.247580871582e+02 -4.245231673121e-02
2.247569580078e+02 -1.203651800752e-01
2.247558288574e+02 -4.757845774293e-02
2.247546997070e+02 -5.749440193176e-02
2.247535705566e+02 -6.488797813654e-02
2.247524414062e+02 9.587422013283e-03
2.247513122559e+02 -3.011411242187e-02
2.247501831055e+02 -2.058912962675e-01
2.247490539551e+02 -6.728002429008e-02
2.247479248047e+02 5.812387168407e-02
2.247467956543e+02 -3.907513618469e-02
2.247456665039e+02 2.399591356516e-02
2.247445373535e+02 9.767768532038e-02
2.247434082031e+02 1.268946081400e-01
2.247422790527e+02 1.279968470335e-01
2.247411499023e+02 6.413047015667e-02
2.247400207520e+02 -5.763131380081e-02
2.247388916016e+02 -6.917555630207e-02
2.247377624512e+02 -1.173026114702e-01
2.247366333008e+02 -1.902502030134e-01
2.247355041504e+02 -2.029581218958e-01
2.247343750000e+02 -1.943524330854e-01
2.247332458496e+02 -1.393093168736e-01
2.247321166992e+02 -8.261755108833e-02
2.247309875488e+02 -1.453502029181e-01
2.247298583984e+02 -1.393602937460e-01
2.247287292480e+02 -1.261062473059e-01
2.247276000977e+02 2.534469589591e-02
2.247264709473e+02 1.392235308886e-01
2.247253417969e+02 1.514187604189e-01
2.247242126465e+02 2.245591282845e-01
2.247230834961e+02 1.097982153296e-01
2.247219543457e+02 5.111512169242e-02
2.247208404541e+02 2.394385188818e-01
2.247197113037e+02 9.185024537146e-03
2.247185821533e+02 -3.436434641480e-02
2.247174530029e+02 -1.675001233816e-01
2.247163238525e+02 -2.549751400948e-01
2.247151947021e+02 -1.414634436369e-01
2.247140655518e+02 -9.892537444830e-02
2.247129364014e+02 -1.611860096455e-01
2.247118072510e+02 -1.190212816000e-01
2.247106781006e+02 2.871254226193e-03
2.247095489502e+02 1.684180796146e-01
2.247084197998e+02 6.197241693735e-02
2.247072906494e+02 -7.069504261017e-02
2.247061614990e+02 3.681943565607e-02
2.247050323486e+02 5.217161029577e-02
2.247039031982e+02 -5.574204958975e-03
2.247027740479e+02 -3.503629565239e-02
2.247016448975e+02 -2.201368473470e-02
2.247005157471e+02 -1.234594210982e-01
2.246993865967e+02 -1.722390204668e-01
2.246982574463e+02 -3.186848759651e-02
2.246971282959e+02 7.055277377367e-02
2.246959991455e+02 5.084826052189e-02
2.246948699951e+02 3.250742331147e-02
2.246937408447e+02 2.537979781628e-01
2.246926116943e+02 2.688148021698e-01
2.246914825439e+02 6.849977187812e-03
2.246903533936e+02 2.853993885219e-02
2.246892242432e+02 1.623153453693e-03
2.246880950928e+02 -9.378445148468e-02
2.246869659424e+02 -8.693251013756e-02
2.246858367920e+02 -2.115365266800e-01
2.246847076416e+02 -1.487848609686e-01
2.246835784912e+02 -5.802126228809e-02
2.246824493408e+02 -9.042518585920e-02
2.246813201904e+02 -9.230162948370e-03
2.246801910400e+02 1.256137620658e-02
2.246790618896e+02 1.463682949543e-01
2.246779327393e+02 1.185375228524e-01
2.246768035889e+02 1.846427656710e-02
2.246756744385e+02 3.908071666956e-03
2.246745452881e+02 4.432696476579e-02
2.246734161377e+02 -7.252858579159e-02
2.246722869873e+02 -1.749600321054e-01
2.246711578369e+02 5.149661898613e-01
2.246700286865e+02 3.890701532364e+00
2.246688995361e+02 5.572422027588e+00
2.246677703857e+02 1.886078238487e+00
2.246666412354e+02 5.488128066063e-01
2.246655120850e+02 3.047294616699e-01
2.246643829346e+02 8.582259528339e-03
2.246632537842e+02 -5.085380375385e-02
2.246621246338e+02 -2.466936595738e-02
2.246609954834e+02 2.702813968062e-02
2.246598663330e+02 4.040113091469e-02
2.246587371826e+02 1.258334368467e-01
2.246576080322e+02 5.917460918427e-01
2.246564788818e+02 1.255540966988e+00
2.246553497314e+02 2.772511005402e+00
2.246542205811e+02 4.338758468628e+00
2.246530914307e+02 4.180239677429e+00
2.246519622803e+02 1.998215198517e+00
2.246508331299e+02 1.342810988426e+00
2.246497192383e+02 5.712064504623e-01
2.246485900879e+02 1.067259833217e-01
2.246474609375e+02 1.128575950861e-01
2.246463317871e+02 2.602129429579e-02
2.246452026367e+02 2.664633560926e-03
2.246440734863e+02 -3.702638298273e-02
2.246429443359e+02 -9.564877301455e-02
2.246418151855e+02 -1.807277947664e-01
2.246406860352e+02 6.393990665674e-02
2.246395568848e+02 3.267059102654e-02
2.246384277344e+02 -1.271219104528e-01
2.246372985840e+02 -5.894463136792e-02
2.246361694336e+02 6.581693887711e-03
2.246350402832e+02 -2.088236063719e-02
2.246339111328e+02 -2.011328339577e-01
2.246327819824e+02 -1.125963553786e-01
2.246316528320e+02 -1.101863831282e-01
2.246305236816e+02 -8.481883257627e-02
2.246293945312e+02 -1.144972294569e-01
2.246282653809e+02 -1.404469758272e-01
2.246271362305e+02 -1.767637208104e-02
2.246260070801e+02 -1.251824647188e-01
2.246248779297e+02 1.098039001226e-02
2.246237487793e+02 9.040464460850e-02
2.246226196289e+02 -2.361151762307e-02
2.246214904785e+02 -6.457387469709e-03
2.246203613281e+02 -4.607750102878e-02
2.246192321777e+02 -4.347895458341e-02
2.246181030273e+02 -1.166083142161e-01
2.246169738770e+02 -1.984361708164e-01
2.246158447266e+02 -1.150435283780e-01
2.246147155762e+02 -2.333740890026e-01
2.246135864258e+02 -6.598169356585e-02
2.246124572754e+02 -1.164020299911e-01
2.246113281250e+02 -8.680586703122e-03
2.246101989746e+02 8.309298008680e-02
2.246090698242e+02 1.292932592332e-02
2.246079406738e+02 -1.551873683929e-01
2.246068115234e+02 -2.101006209850e-01
2.246056823730e+02 1.134311184287e-01
2.246045532227e+02 5.793944001198e-02
2.246034240723e+02 3.336284076795e-03
2.246022949219e+02 3.133809939027e-02
2.246011657715e+02 2.937138825655e-02
2.246000366211e+02 2.570311538875e-02
2.245989074707e+02 1.301213651896e-01
2.245977783203e+02 1.030712425709e-01
2.245966491699e+02 1.415855139494e-01
2.245955200195e+02 1.694706231356e-01
2.245943908691e+02 5.365900993347e-01
2.245932617188e+02 9.285665154457e-01
2.245921325684e+02 8.994988203049e-01
2.245910034180e+02 7.320027351379e-01
2.245898742676e+02 5.250751376152e-01
2.245887451172e+02 3.013926744461e-01
2.245876159668e+02 3.559756577015e-01
2.245864868164e+02 3.794441819191e-01
2.245853576660e+02 2.811299860477e-01
2.245842285156e+02 1.203834712505e-01
2.245830993652e+02 2.000077217817e-01
2.245819702148e+02 2.754400968552e-01
2.245808410645e+02 2.533816397190e-01
2.245797271729e+02 1.038758605719e-01
2.245785980225e+02 4.299079254270e-02
2.245774688721e+02 7.775345444679e-02
2.245763397217e+02 -9.921772778034e-02
2.245752105713e+02 2.134497836232e-02
2.245740814209e+02 1.151601970196e-01
2.245729522705e+02 1.485938876867e-01
2.245718231201e+02 1.316030919552e-01
2.245706939697e+02 1.389379799366e-01
2.245695648193e+02 6.182958185673e-02
2.245684356689e+02 4.577241465449e-02
2.245673065186e+02 1.055799946189e-01
2.245661773682e+02 2.479793578386e-01
2.245650482178e+02 1.092562437057e+00
2.245639190674e+02 2.799963474274e+00
2.245627899170e+02 1.806556701660e+00
2.245616607666e+02 9.129068851471e-01
2.245605316162e+02 3.364544510841e-01
2.245594024658e+02 2.346390634775e-01
2.245582733154e+02 2.581102773547e-02
2.245571441650e+02 -1.060024946928e-01
2.245560150146e+02 -3.883120790124e-02
2.245548858643e+02 1.273581385612e-01
2.245537567139e+02 3.291923105717e-01
2.245526275635e+02 4.131088852882e-01
2.245514984131e+02 3.296406269073e-01
2.245503692627e+02 1.952312588692e-01
2.245492401123e+02 -8.504319936037e-02
2.245481109619e+02 -6.769710779190e-02
2.245469818115e+02 -6.235914677382e-02
2.245458526611e+02 -1.901058852673e-01
2.245447235107e+02 -1.038347855210e-01
2.245435943604e+02 -2.491520717740e-02
2.245424652100e+02 1.814457923174e-01
2.245413360596e+02 3.583491444588e-01
2.245402069092e+02 5.998721718788e-01
2.245390777588e+02 1.133305549622e+00
2.245379486084e+02 1.684218645096e+00
2.245368194580e+02 3.060226440430e+00
2.245356903076e+02 1.856356859207e+00
2.245345611572e+02 8.629873991013e-01
2.245334320068e+02 3.428394496441e-01
2.245323028564e+02 1.761620044708e-01
2.245311737061e+02 -6.158731877804e-02
2.245300445557e+02 -3.937095403671e-03
2.245289154053e+02 3.951121587306e-03
2.245277862549e+02 4.552641510963e-02
2.245266571045e+02 -1.256954520941e-01
2.245255279541e+02 -3.014476411045e-02
2.245243988037e+02 -3.305174410343e-02
2.245232696533e+02 1.259440649301e-02
2.245221405029e+02 2.626304514706e-02
2.245210113525e+02 7.758209016174e-03
2.245198822021e+02 -5.491485819221e-02
2.245187530518e+02 7.176911830902e-02
2.245176239014e+02 -1.232664659619e-02
2.245164947510e+02 -2.799658291042e-02
2.245153656006e+02 2.107745409012e-02
2.245142364502e+02 1.560062468052e-01
2.245131072998e+02 2.406987845898e-01
2.245119781494e+02 2.486681342125e-01
2.245108489990e+02 9.956466406584e-02
2.245097198486e+02 1.386730372906e-01
2.245086059570e+02 2.124992311001e-01
2.245074768066e+02 5.050045251846e-01
2.245063476562e+02 5.937370061874e-01
2.245052185059e+02 4.552779495716e-01
2.245040893555e+02 1.811059266329e-01
2.245029602051e+02 2.447280436754e-01
2.245018310547e+02 1.769097298384e-01
2.245007019043e+02 4.877301864326e-03
2.244995727539e+02 3.077812679112e-02
2.244984436035e+02 6.342124193907e-02
2.244973144531e+02 -4.903348162770e-02
2.244961853027e+02 7.329948246479e-02
2.244950561523e+02 8.445896953344e-02
2.244939270020e+02 1.712393201888e-02
2.244927978516e+02 -4.881526902318e-02
2.244916687012e+02 7.453069835901e-02
2.244905395508e+02 -1.136933341622e-01
2.244894104004e+02 -8.924294263124e-02
2.244882812500e+02 -4.848265647888e-02
2.244871520996e+02 -9.041606634855e-02
2.244860229492e+02 -5.013129115105e-02
2.244848937988e+02 -6.214549019933e-02
2.244837646484e+02 -8.942928910255e-02
2.244826354980e+02 -2.704148367047e-02
2.244815063477e+02 -1.453951653093e-02
2.244803771973e+02 1.551824808121e-02
2.244792480469e+02 3.609983250499e-02
2.244781188965e+02 -4.349157214165e-02
2.244769897461e+02 2.010720223188e-02
2.244758605957e+02 4.523218050599e-02
2.244747314453e+02 1.548641244881e-03
2.244736022949e+02 -9.027284570038e-03
2.244724731445e+02 2.746829390526e-02
2.244713439941e+02 1.526584327221e-01
2.244702148438e+02 1.772441715002e-01
2.244690856934e+02 1.714092642069e-01
2.244679565430e+02 -2.438095584512e-02
2.244668273926e+02 2.159599028528e-02
2.244656982422e+02 1.083361878991e-01
2.244645690918e+02 8.206873387098e-02
2.244634399414e+02 7.968921959400e-02
2.244623107910e+02 -1.952163875103e-02
2.244611816406e+02 -9.294912964106e-02
2.244600524902e+02 2.289331555367e-01
2.244589233398e+02 3.211115300655e-01
2.244577941895e+02 4.271339476109e-01
2.244566650391e+02 4.393950104713e-01
2.244555358887e+02 4.433337450027e-01
2.244544067383e+02 3.621329665184e-01
2.244532775879e+02 3.416787683964e-01
2.244521484375e+02 2.743200063705e-01
2.244510192871e+02 2.991748452187e-01
2.244498901367e+02 4.497925341129e-01
2.244487609863e+02 5.598350167274e-01
2.244476318359e+02 6.366798281670e-01
2.244465026855e+02 8.818714022636e-01
2.244453735352e+02 1.124887347221e+00
2.244442443848e+02 6.635234355927e-01
2.244431152344e+02 3.133611977100e-01
2.244419860840e+02 2.000226676464e-01
2.244408569336e+02 -2.539355494082e-02
2.244397277832e+02 4.462963715196e-02
2.244386138916e+02 8.804040402174e-02
2.244374847412e+02 2.119238488376e-02
2.244363555908e+02 7.169847935438e-02
2.244352264404e+02 7.576761394739e-02
2.244340972900e+02 2.170162461698e-02
2.244329681396e+02 1.148169953376e-02
2.244318389893e+02 -9.946033358574e-02
2.244307098389e+02 1.810271479189e-02
2.244295806885e+02 2.175112813711e-01
2.244284515381e+02 1.552715897560e-01
2.244273223877e+02 3.086330741644e-02
2.244261932373e+02 -1.896869763732e-02
2.244250640869e+02 -8.640524744987e-02
2.244239349365e+02 9.909453988075e-02
2.244228057861e+02 1.488934308290e-01
2.244216766357e+02 3.298031911254e-02
2.244205474854e+02 1.004277616739e-01
2.244194183350e+02 6.773153692484e-02
2.244182891846e+02 7.679779082537e-02
2.244171600342e+02 9.514891356230e-02
2.244160308838e+02 3.255126178265e-01
2.244149017334e+02 4.483464360237e-01
2.244137725830e+02 6.094099879265e-01
2.244126434326e+02 7.920913696289e-01
2.244115142822e+02 5.975635051727e-01
2.244103851318e+02 3.592778146267e-01
2.244092559814e+02 1.715591549873e-01
2.244081268311e+02 9.655955433846e-02
2.244069976807e+02 -3.679627180099e-02
2.244058685303e+02 -7.509448379278e-02
2.244047393799e+02 -8.753469586372e-02
2.244036102295e+02 3.412875533104e-02
2.244024810791e+02 1.193003281951e-01
2.244013519287e+02 4.227171093225e-02
2.244002227783e+02 -2.728106454015e-02
2.243990936279e+02 -5.240441113710e-02
2.243979644775e+02 1.980063468218e-01
2.243968353271e+02 4.105049073696e-01
2.243957061768e+02 2.420507371426e-01
2.243945770264e+02 1.198505908251e-01
2.243934478760e+02 -9.564520418644e-02
2.243923187256e+02 -9.371126443148e-02
2.243911895752e+02 -9.105874598026e-02
2.243900604248e+02 -1.567024290562e-01
2.243889312744e+02 -1.784192919731e-01
2.243878021240e+02 -1.750996410847e-01
2.243866729736e+02 -3.052462041378e-01
2.243855438232e+02 -2.549678087234e-01
2.243844146729e+02 -4.447744786739e-02
2.243832855225e+02 -2.547914534807e-02
2.243821563721e+02 -1.033702120185e-02
2.243810272217e+02 -1.498097777367e-01
2.243798980713e+02 5.911254882812e-02
2.243787689209e+02 7.462637871504e-02
2.243776397705e+02 6.669586151838e-02
2.243765106201e+02 1.388864964247e-01
2.243753814697e+02 4.419292211533e-01
2.243742523193e+02 8.385556340218e-01
2.243731231689e+02 7.821866273880e-01
2.243719940186e+02 4.673180282116e-01
2.243708648682e+02 2.686923742294e-01
2.243697357178e+02 7.850165665150e-02
2.243686218262e+02 -3.084782883525e-02
2.243674926758e+02 4.239439591765e-02
2.243663635254e+02 -1.210781559348e-01
2.243652343750e+02 2.238638931885e-03
2.243641052246e+02 1.707035154104e-01
2.243629760742e+02 1.966842263937e-01
2.243618469238e+02 2.048656195402e-01
2.243607177734e+02 1.316623538733e-01
2.243595886230e+02 1.227814704180e-01
2.243584594727e+02 1.807561814785e-01
2.243573303223e+02 1.948492527008e-01
2.243562011719e+02 1.403187774122e-02
2.243550720215e+02 -3.850825875998e-02
2.243539428711e+02 -3.792419284582e-02
2.243528137207e+02 4.548487812281e-02
2.243516845703e+02 -1.881759241223e-02
2.243505554199e+02 1.835562405176e-03
2.243494262695e+02 1.467573940754e-01
2.243482971191e+02 1.157169044018e-01
2.243471679688e+02 -6.287979334593e-02
2.243460388184e+02 -1.158377528191e-02
2.243449096680e+02 -7.848449051380e-02
2.243437805176e+02 7.871267385781e-03
2.243426513672e+02 -9.648269042373e-04
2.243415222168e+02 -4.716229438782e-02
2.243403930664e+02 2.885315567255e-02
2.243392639160e+02 -9.017238765955e-02
2.243381347656e+02 -8.063511550426e-02
2.243370056152e+02 4.450270906091e-02
2.243358764648e+02 1.079896092415e-01
2.243347473145e+02 2.168287634850e-01
2.243336181641e+02 2.970446944237e-01
2.243324890137e+02 3.294677436352e-01
2.243313598633e+02 6.103062257171e-02
2.243302307129e+02 9.425910562277e-02
2.243291015625e+02 1.748013645411e-01
2.243279724121e+02 3.181751072407e-01
2.243268432617e+02 2.072741687298e-01
2.243257141113e+02 -1.161360926926e-02
2.243245849609e+02 -6.801567226648e-02
2.243234558105e+02 -6.800888478756e-02
2.243223266602e+02 2.272734418511e-02
2.243211975098e+02 -6.945423781872e-02
2.243200683594e+02 -3.840835392475e-02
2.243189392090e+02 -3.736137179658e-03
2.243178100586e+02 1.227605566382e-01
2.243166809082e+02 2.610412538052e-01
2.243155517578e+02 2.434178888798e-01
2.243144226074e+02 2.010792344809e-01
2.243132934570e+02 8.830659091473e-03
2.243121643066e+02 -1.038629487157e-01
2.243110351562e+02 -1.172348707914e-01
2.243099060059e+02 -8.583268523216e-02
2.243087768555e+02 -8.812066912651e-02
2.243076477051e+02 3.710591048002e-02
2.243065185547e+02 -1.250096596777e-03
2.243053894043e+02 -8.486558496952e-02
2.243042602539e+02 -9.938871860504e-02
2.243031311035e+02 3.539740294218e-02
2.243020019531e+02 1.221718490124e-01
2.243008728027e+02 -9.121365845203e-02
2.242997436523e+02 -5.879845842719e-02
2.242986145020e+02 1.025216951966e-01
2.242975006104e+02 1.392741352320e-01
2.242963714600e+02 3.191099688411e-02
2.242952423096e+02 -1.696146838367e-02
2.242941131592e+02 1.758551970124e-02
2.242929840088e+02 1.554615646601e-01
2.242918548584e+02 1.526103466749e-01
2.242907257080e+02 -2.273337170482e-02
2.242895965576e+02 -8.221884816885e-02
2.242884674072e+02 -2.504268428311e-03
2.242873382568e+02 -2.324116183445e-03
2.242862091064e+02 7.916327565908e-02
2.242850799561e+02 3.821691274643e-01
2.242839508057e+02 1.779503822327e+00
2.242828216553e+02 4.963793277740e+00
2.242816925049e+02 4.560699462891e+00
2.242805633545e+02 2.287440299988e+00
2.242794342041e+02 1.090553164482e+00
2.242783050537e+02 3.456241190434e-01
2.242771759033e+02 2.816028594971e-01
2.242760467529e+02 6.362944841385e-02
2.242749176025e+02 5.005972459912e-02
2.242737884521e+02 2.857121266425e-02
2.242726593018e+02 4.171240329742e-02
2.242715301514e+02 1.371644139290e-01
2.242704010010e+02 2.446965724230e-01
2.242692718506e+02 1.010189056396e+00
2.242681427002e+02 2.555693864822e+00
2.242670135498e+02 2.539070129395e+00
2.242658843994e+02 1.075513958931e+00
2.242647552490e+02 6.560527086258e-01
2.242636260986e+02 1.184191256762e-01
2.242624969482e+02 4.164157062769e-02
2.242613677979e+02 7.041135430336e-02
2.242602386475e+02 1.616687923670e-01
2.242591094971e+02 8.991102129221e-02
2.242579803467e+02 1.290368735790e-01
2.242568511963e+02 5.525374412537e-02
2.242557220459e+02 -6.476967036724e-02
2.242545928955e+02 9.914214722812e-03
2.242534637451e+02 2.089125365019e-01
2.242523345947e+02 1.542688906193e-01
2.242512054443e+02 6.526343524456e-02
2.242500762939e+02 -3.242469206452e-02
2.242489471436e+02 1.154007315636e-01
2.242478179932e+02 9.442795813084e-02
2.242466888428e+02 -9.937189519405e-02
2.242455596924e+02 -5.534319952130e-02
2.242444305420e+02 -6.743937730789e-02
2.242433013916e+02 2.271475493908e-01
2.242421722412e+02 2.231181412935e-01
2.242410430908e+02 1.692946553230e-01
2.242399139404e+02 5.313530191779e-02
2.242387847900e+02 6.406081467867e-02
2.242376556396e+02 6.196826323867e-02
