#title: Spectral profile - SDC45.787-0.335_1_SPW_1.image.pbcor.fits-raster
#region (world): Ellipse[[19:16:31.115, +11d16m11.49], [19:16:31.048, +11d16m12.489]]
#region (pixel): Ellipse[[190, 175], [198, 184]]
#coordinate: world
#xLabel: frequency [GHz]
#yLabel: [Kelvin] Mean

# SDC45.787-0.335_1_SPW_1.image.pbcor.fits-raster
2.408735809326e+02 -2.710635066032e-01
2.408747100830e+02 -1.793133914471e-01
2.408758392334e+02 -7.135585695505e-02
2.408769683838e+02 -7.969041913748e-02
2.408780975342e+02 1.341482549906e-01
2.408792266846e+02 2.825453877449e-01
2.408803558350e+02 4.626664817333e-01
2.408814849854e+02 7.900892496109e-01
2.408826141357e+02 1.718480467796e+00
2.408837432861e+02 1.708887577057e+00
2.408848724365e+02 1.366928935051e+00
2.408860015869e+02 1.470373749733e+00
2.408871307373e+02 2.594038486481e+00
2.408882598877e+02 2.880554437637e+00
2.408893890381e+02 3.696695566177e+00
2.408905181885e+02 4.258520603180e+00
2.408916473389e+02 2.967418909073e+00
2.408927764893e+02 2.568391323090e+00
2.408939056396e+02 2.541458129883e+00
2.408950347900e+02 2.028788566589e+00
2.408961639404e+02 1.541590094566e+00
2.408972930908e+02 1.303468227386e+00
2.408984222412e+02 1.901729106903e+00
2.408995513916e+02 2.378263950348e+00
2.409006805420e+02 1.627483606339e+00
2.409018096924e+02 1.765990495682e+00
2.409029388428e+02 2.234814405441e+00
2.409040527344e+02 1.541883826256e+00
2.409051818848e+02 1.042826652527e+00
2.409063110352e+02 1.156502127647e+00
2.409074401855e+02 1.988809585571e+00
2.409085693359e+02 3.154960393906e+00
2.409096984863e+02 4.834638595581e+00
2.409108276367e+02 6.167244434357e+00
2.409119567871e+02 6.613567829132e+00
2.409130859375e+02 4.291657924652e+00
2.409142150879e+02 1.907589435577e+00
2.409153442383e+02 7.596929073334e-01
2.409164733887e+02 1.703812032938e-01
2.409176025391e+02 1.603365391493e-01
2.409187316895e+02 2.424462325871e-02
2.409198608398e+02 -1.014908552170e-01
2.409209899902e+02 -1.021394282579e-01
2.409221191406e+02 -9.183485805988e-02
2.409232482910e+02 -1.110394019634e-02
2.409243774414e+02 4.568508360535e-03
2.409255065918e+02 -8.674259483814e-02
2.409266357422e+02 6.057761237025e-02
2.409277648926e+02 1.421815007925e-01
2.409288940430e+02 3.743844032288e-01
2.409300231934e+02 4.172857999802e-01
2.409311523438e+02 2.247596383095e-01
2.409322814941e+02 4.169110953808e-01
2.409334106445e+02 7.669000625610e-01
2.409345397949e+02 1.242536425591e+00
2.409356689453e+02 2.384299516678e+00
2.409367980957e+02 2.330013990402e+00
2.409379272461e+02 1.122885227203e+00
2.409390563965e+02 4.040940105915e-01
2.409401855469e+02 8.229122757912e-01
2.409413146973e+02 1.130945324898e+00
2.409424438477e+02 5.291757583618e-01
2.409435729980e+02 1.467067450285e-01
2.409447021484e+02 1.130206659436e-01
2.409458312988e+02 2.243043929338e-01
2.409469604492e+02 2.194018959999e-01
2.409480895996e+02 2.795090079308e-01
2.409492187500e+02 4.162136912346e-01
2.409503479004e+02 4.358215630054e-01
2.409514770508e+02 3.081873953342e-01
2.409526062012e+02 1.339203417301e-01
2.409537353516e+02 1.112547889352e-01
2.409548645020e+02 1.419996768236e-01
2.409559936523e+02 3.155771791935e-01
2.409571228027e+02 3.784593045712e-01
2.409582519531e+02 4.024072885513e-01
2.409593811035e+02 5.277620553970e-01
2.409605102539e+02 6.850178837776e-01
2.409616394043e+02 1.218361377716e+00
2.409627685547e+02 2.291813373566e+00
2.409638977051e+02 3.915698289871e+00
2.409650268555e+02 5.176283359528e+00
2.409661560059e+02 1.043519115448e+01
2.409672851562e+02 1.469913578033e+01
2.409684143066e+02 1.051961231232e+01
2.409695434570e+02 4.067127227783e+00
2.409706726074e+02 1.406706571579e+00
2.409718017578e+02 9.043948054314e-01
2.409729309082e+02 5.121237039566e-01
2.409740447998e+02 3.559399843216e-01
2.409751739502e+02 4.671839252114e-02
2.409763031006e+02 3.386364877224e-02
2.409774322510e+02 1.196066960692e-01
2.409785614014e+02 1.292541325092e-01
2.409796905518e+02 8.282312750816e-02
2.409808197021e+02 1.942880451679e-01
2.409819488525e+02 6.460779905319e-02
2.409830780029e+02 1.618734598160e-01
2.409842071533e+02 1.787419021130e-01
2.409853363037e+02 1.564304530621e-01
2.409864654541e+02 2.736404836178e-01
2.409875946045e+02 2.216601222754e-01
2.409887237549e+02 8.621817082167e-02
2.409898529053e+02 3.491216301918e-01
2.409909820557e+02 4.236897230148e-01
2.409921112061e+02 6.478620171547e-01
2.409932403564e+02 9.997804760933e-01
2.409943695068e+02 7.844325900078e-01
2.409954986572e+02 3.759158849716e-01
2.409966278076e+02 -3.486630693078e-02
2.409977569580e+02 -6.656610965729e-02
2.409988861084e+02 -8.443454653025e-02
2.410000152588e+02 -1.083724126220e-01
2.410011444092e+02 -4.416699055582e-03
2.410022735596e+02 -3.123263828456e-02
2.410034027100e+02 -2.023337036371e-02
2.410045318604e+02 6.101730093360e-02
2.410056610107e+02 1.637737601995e-01
2.410067901611e+02 3.962697684765e-01
2.410079193115e+02 4.246431887150e-01
2.410090484619e+02 2.836074829102e-01
2.410101776123e+02 2.467869371176e-01
2.410113067627e+02 2.367769777775e-01
2.410124359131e+02 3.759295344353e-01
2.410135650635e+02 4.568167030811e-01
2.410146942139e+02 1.993098109961e-01
2.410158233643e+02 4.698425903916e-02
2.410169525146e+02 2.780538983643e-02
2.410180816650e+02 -9.211989492178e-02
2.410192108154e+02 -5.345760285854e-02
2.410203399658e+02 -2.336241155863e-01
2.410214691162e+02 -1.295124888420e-01
2.410225982666e+02 -1.878236681223e-01
2.410237274170e+02 -1.890727430582e-01
2.410248565674e+02 -3.896718844771e-02
2.410259857178e+02 -2.258467115462e-02
2.410271148682e+02 -1.740718781948e-01
2.410282440186e+02 -9.781307727098e-02
2.410293731689e+02 -1.140060722828e-01
2.410305023193e+02 -1.747559309006e-01
2.410316314697e+02 -1.606219857931e-01
2.410327606201e+02 -8.342526108027e-02
2.410338897705e+02 -2.041869908571e-01
2.410350189209e+02 -2.146431952715e-01
2.410361480713e+02 -2.461985796690e-01
2.410372772217e+02 -2.384839206934e-01
2.410384063721e+02 -2.004910409451e-01
2.410395355225e+02 -7.858262211084e-02
2.410406646729e+02 -2.015170007944e-01
2.410417938232e+02 -2.240475416183e-01
2.410429229736e+02 -3.319579660892e-01
2.410440368652e+02 -1.425561159849e-01
2.410451660156e+02 -3.837669640779e-02
2.410462951660e+02 -2.044019550085e-01
2.410474243164e+02 -2.092441469431e-01
2.410485534668e+02 -2.945358306170e-02
2.410496826172e+02 -8.269561082125e-02
2.410508117676e+02 -8.539915829897e-02
2.410519409180e+02 -5.554546415806e-02
2.410530700684e+02 -5.595281347632e-02
2.410541992188e+02 -1.419980823994e-01
2.410553283691e+02 -9.669072926044e-02
2.410564575195e+02 -6.083527579904e-02
2.410575866699e+02 -1.094471514225e-01
2.410587158203e+02 -1.468083262444e-01
2.410598449707e+02 -1.345833986998e-01
2.410609741211e+02 -1.486854851246e-01
2.410621032715e+02 -1.240615323186e-01
2.410632324219e+02 -2.604281902313e-01
2.410643615723e+02 -1.397899091244e-01
2.410654907227e+02 -1.563191860914e-01
2.410666198730e+02 -1.605684608221e-01
2.410677490234e+02 -1.436551511288e-01
2.410688781738e+02 -1.067701131105e-01
2.410700073242e+02 -1.175370812416e-02
2.410711364746e+02 -2.710480242968e-02
2.410722656250e+02 -1.352362036705e-01
2.410733947754e+02 -7.427141070366e-02
2.410745239258e+02 -7.720629870892e-02
2.410756530762e+02 -1.109620928764e-02
2.410767822266e+02 1.600689254701e-02
2.410779113770e+02 -1.025795005262e-03
2.410790405273e+02 -1.142191812396e-01
2.410801696777e+02 -6.878799200058e-02
2.410812988281e+02 3.118075616658e-02
2.410824279785e+02 1.322591602802e-01
2.410835571289e+02 7.898867875338e-02
2.410846862793e+02 3.901724889874e-02
2.410858154297e+02 1.022486463189e-01
2.410869445801e+02 9.836354106665e-02
2.410880737305e+02 1.379793044180e-02
2.410892028809e+02 1.038611456752e-01
2.410903320312e+02 7.178761065006e-02
2.410914611816e+02 2.654834091663e-01
2.410925903320e+02 4.871777892113e-01
2.410937194824e+02 3.763028681278e-01
2.410948486328e+02 4.807981252670e-01
2.410959777832e+02 6.222774982452e-01
2.410971069336e+02 6.175360679626e-01
2.410982360840e+02 4.821276068687e-01
2.410993652344e+02 3.449451029301e-01
2.411004943848e+02 7.864586263895e-02
2.411016235352e+02 -1.074225269258e-02
2.411027526855e+02 -2.545745857060e-02
2.411038818359e+02 -6.463724374771e-02
2.411050109863e+02 4.527293145657e-02
2.411061401367e+02 3.688121140003e-01
2.411072692871e+02 9.848618507385e-01
2.411083984375e+02 1.543594956398e+00
2.411095275879e+02 3.526894807816e+00
2.411106567383e+02 3.463221311569e+00
2.411117858887e+02 2.174645185471e+00
2.411129150391e+02 1.432952761650e+00
2.411140441895e+02 1.398158311844e+00
2.411151580811e+02 1.604980945587e+00
2.411162872314e+02 2.729831695557e+00
2.411174163818e+02 4.017717838287e+00
2.411185455322e+02 2.663921833038e+00
2.411196746826e+02 1.442667722702e+00
2.411208038330e+02 4.468462169170e-01
2.411219329834e+02 2.197800874710e-01
2.411230621338e+02 3.797172009945e-01
2.411241912842e+02 4.341674745083e-01
2.411253204346e+02 8.357914686203e-01
2.411264495850e+02 1.461224675179e+00
2.411275787354e+02 2.262575387955e+00
2.411287078857e+02 3.784146070480e+00
2.411298370361e+02 5.697275638580e+00
2.411309661865e+02 6.504573822021e+00
2.411320953369e+02 4.737996578217e+00
2.411332244873e+02 3.294688940048e+00
2.411343536377e+02 3.565922260284e+00
2.411354827881e+02 4.652443408966e+00
2.411366119385e+02 4.101684570312e+00
2.411377410889e+02 5.110135078430e+00
2.411388702393e+02 5.795924186707e+00
2.411399993896e+02 4.376631736755e+00
2.411411285400e+02 3.632271051407e+00
2.411422576904e+02 4.238146781921e+00
2.411433868408e+02 6.631666183472e+00
2.411445159912e+02 7.684108734131e+00
2.411456451416e+02 6.385096549988e+00
2.411467742920e+02 6.681434154510e+00
2.411479034424e+02 7.831195831299e+00
2.411490325928e+02 7.509665012360e+00
2.411501617432e+02 6.483328342438e+00
2.411512908936e+02 4.640447139740e+00
2.411524200439e+02 4.442080497742e+00
2.411535491943e+02 6.063825130463e+00
2.411546783447e+02 8.084843635559e+00
2.411558074951e+02 8.082750320435e+00
2.411569366455e+02 7.926418304443e+00
2.411580657959e+02 6.923641681671e+00
2.411591949463e+02 4.202549457550e+00
2.411603240967e+02 3.669452428818e+00
2.411614532471e+02 4.765744209290e+00
2.411625823975e+02 4.181382179260e+00
2.411637115479e+02 2.057131290436e+00
2.411648406982e+02 6.511455178261e-01
2.411659698486e+02 1.278489679098e-01
2.411670989990e+02 -1.817022450268e-02
2.411682281494e+02 -1.497794836760e-01
2.411693572998e+02 -9.543927013874e-02
2.411704864502e+02 -7.723204046488e-02
2.411716156006e+02 -2.142860740423e-01
2.411727447510e+02 -1.816490739584e-01
2.411738739014e+02 -1.643545925617e-01
2.411750030518e+02 -1.039408445358e-01
2.411761322021e+02 -2.633719742298e-01
2.411772613525e+02 -1.685736775398e-01
2.411783905029e+02 -1.235324144363e-01
2.411795196533e+02 -2.461349219084e-02
2.411806488037e+02 -2.217829786241e-02
2.411817779541e+02 -3.288085013628e-02
2.411829071045e+02 1.276821047068e-01
2.411840362549e+02 3.662175834179e-01
2.411851501465e+02 9.151734113693e-01
2.411862792969e+02 1.585019111633e+00
2.411874084473e+02 2.394493103027e+00
2.411885375977e+02 4.290995121002e+00
2.411896667480e+02 4.476219654083e+00
2.411907958984e+02 2.903632640839e+00
2.411919250488e+02 1.195464491844e+00
2.411930541992e+02 3.557742238045e-01
2.411941833496e+02 1.676225364208e-01
2.411953125000e+02 9.509882330894e-02
2.411964416504e+02 -9.621094912291e-03
2.411975708008e+02 -2.619197033346e-02
2.411986999512e+02 8.288957178593e-02
2.411998291016e+02 -4.723953828216e-02
2.412009582520e+02 7.024519145489e-02
2.412020874023e+02 1.090053468943e-01
2.412032165527e+02 -6.583486497402e-02
2.412043457031e+02 -9.693384170532e-02
2.412054748535e+02 -3.584105893970e-02
2.412066040039e+02 -7.807829231024e-02
2.412077331543e+02 1.511493418366e-02
2.412088623047e+02 -8.141531050205e-02
2.412099914551e+02 -3.627426922321e-02
2.412111206055e+02 3.326386585832e-02
2.412122497559e+02 1.170753762126e-01
2.412133789062e+02 3.155176043510e-01
2.412145080566e+02 8.287813067436e-01
2.412156372070e+02 1.403376340866e+00
2.412167663574e+02 1.846801996231e+00
2.412178955078e+02 3.748274087906e+00
2.412190246582e+02 4.481489181519e+00
2.412201538086e+02 3.164664030075e+00
2.412212829590e+02 1.588877201080e+00
2.412224121094e+02 5.600682497025e-01
2.412235412598e+02 2.066957056522e-01
2.412246704102e+02 9.950704127550e-02
2.412257995605e+02 5.064139887691e-02
2.412269287109e+02 8.776957541704e-02
2.412280578613e+02 1.496159937233e-02
2.412291870117e+02 9.508211910725e-02
2.412303161621e+02 1.405149102211e-01
2.412314453125e+02 2.098112404346e-01
2.412325744629e+02 2.892146110535e-01
2.412337036133e+02 2.870925068855e-01
2.412348327637e+02 1.265504956245e-01
2.412359619141e+02 1.812715679407e-01
2.412370910645e+02 3.433541655540e-01
2.412382202148e+02 3.617976009846e-01
2.412393493652e+02 1.756139248610e-01
2.412404785156e+02 1.012644246221e-01
2.412416076660e+02 1.072073355317e-01
2.412427368164e+02 2.704374194145e-01
2.412438659668e+02 3.830428421497e-02
2.412449951172e+02 -2.530738338828e-02
2.412461242676e+02 1.051681768149e-02
2.412472534180e+02 1.927857636474e-03
2.412483825684e+02 -1.471285670996e-01
2.412495117188e+02 -2.494897842407e-01
2.412506408691e+02 -2.979071736336e-01
2.412517700195e+02 -2.312650233507e-01
2.412528991699e+02 -1.899838149548e-01
2.412540283203e+02 -2.459838427603e-02
2.412551574707e+02 -1.266389489174e-01
2.412562713623e+02 -1.138567179441e-02
2.412574005127e+02 -9.404968470335e-02
2.412585296631e+02 -1.669905148447e-02
2.412596588135e+02 -9.712025523186e-02
2.412607879639e+02 -6.994406878948e-02
2.412619171143e+02 -8.352155983448e-02
2.412630462646e+02 5.356614943594e-03
2.412641754150e+02 -2.491725534201e-01
2.412653045654e+02 -6.159888952971e-02
2.412664337158e+02 -1.485981047153e-01
2.412675628662e+02 -2.225856035948e-01
2.412686920166e+02 1.288135445066e-05
2.412698211670e+02 -6.990254856646e-03
2.412709503174e+02 4.033022746444e-02
2.412720794678e+02 7.150419056416e-02
2.412732086182e+02 1.732597011141e-03
2.412743377686e+02 3.351645916700e-02
2.412754669189e+02 3.703310713172e-02
2.412765960693e+02 1.205209642649e-01
2.412777252197e+02 1.538872867823e-01
2.412788543701e+02 2.198521941900e-01
2.412799835205e+02 1.145184040070e-01
2.412811126709e+02 5.327429249883e-02
2.412822418213e+02 1.680159717798e-01
2.412833709717e+02 7.197688519955e-02
2.412845001221e+02 8.492499589920e-02
2.412856292725e+02 1.977120637894e-01
2.412867584229e+02 -1.681783422828e-02
2.412878875732e+02 3.440136834979e-02
2.412890167236e+02 -2.840633504093e-02
2.412901458740e+02 -9.539011120796e-02
2.412912750244e+02 -1.810822635889e-01
2.412924041748e+02 -1.828988343477e-01
2.412935333252e+02 -2.043749690056e-01
2.412946624756e+02 -9.320298209786e-03
2.412957916260e+02 -5.068142432719e-03
2.412969207764e+02 -3.958297520876e-02
2.412980499268e+02 -6.676633656025e-02
2.412991790771e+02 -1.819742769003e-01
2.413003082275e+02 -1.693749576807e-01
2.413014373779e+02 -2.477922588587e-01
2.413025665283e+02 -1.498550027609e-01
2.413036956787e+02 -1.934099569917e-02
2.413048248291e+02 -6.517032627016e-03
2.413059539795e+02 -3.657923266292e-02
2.413070831299e+02 -1.010326594114e-01
2.413082122803e+02 -3.343036398292e-02
2.413093414307e+02 5.318907648325e-02
2.413104705811e+02 1.014826744795e-01
2.413115997314e+02 2.432724982500e-01
2.413127288818e+02 3.589177727699e-01
2.413138580322e+02 9.142774343491e-01
2.413149871826e+02 1.278208494186e+00
2.413161163330e+02 8.631561994553e-01
2.413172454834e+02 1.799187064171e-01
2.413183746338e+02 -1.495169848204e-01
2.413195037842e+02 -1.707532256842e-01
2.413206329346e+02 -4.836894571781e-02
2.413217620850e+02 -1.477199345827e-01
2.413228912354e+02 -1.761405616999e-01
2.413240203857e+02 -8.743260800838e-02
2.413251495361e+02 1.095200981945e-02
2.413262634277e+02 3.717426583171e-02
2.413273925781e+02 1.373444497585e-01
2.413285217285e+02 2.592341788113e-02
2.413296508789e+02 1.243812963367e-02
2.413307800293e+02 1.008348725736e-02
2.413319091797e+02 4.229494184256e-02
2.413330383301e+02 -3.294827789068e-02
2.413341674805e+02 -1.438119076192e-02
2.413352966309e+02 9.753010421991e-02
2.413364257812e+02 -1.729485243559e-01
2.413375549316e+02 -1.335526704788e-01
2.413386840820e+02 -2.463207021356e-02
2.413398132324e+02 1.726488932036e-03
2.413409423828e+02 3.514283522964e-02
2.413420715332e+02 -7.190570235252e-02
2.413432006836e+02 -1.401770263910e-01
2.413443298340e+02 -1.331393420696e-01
2.413454589844e+02 -1.259558498859e-01
2.413465881348e+02 -7.919729501009e-02
2.413477172852e+02 -1.717766821384e-01
2.413488464355e+02 -1.428950279951e-01
2.413499755859e+02 -1.638043075800e-01
2.413511047363e+02 -1.154891848564e-01
2.413522338867e+02 -1.495126485825e-01
2.413533630371e+02 -1.013151481748e-01
2.413544921875e+02 -6.306814402342e-02
2.413556213379e+02 -6.448723375797e-03
2.413567504883e+02 -8.112660795450e-02
2.413578796387e+02 -3.352612257004e-02
2.413590087891e+02 -1.343480199575e-01
2.413601379395e+02 -9.683492034674e-02
2.413612670898e+02 -1.068528965116e-01
2.413623962402e+02 -1.642449945211e-01
2.413635253906e+02 -1.110106185079e-01
2.413646545410e+02 -2.086109369993e-01
2.413657836914e+02 -2.092220634222e-01
2.413669128418e+02 -1.607581079006e-01
2.413680419922e+02 -1.830598413944e-01
2.413691711426e+02 -1.117410436273e-01
2.413703002930e+02 -2.200937084854e-02
2.413714294434e+02 7.023530453444e-02
2.413725585938e+02 -5.383983254433e-02
2.413736877441e+02 -1.810739040375e-01
2.413748168945e+02 -1.175413653255e-01
2.413759460449e+02 -2.666569687426e-02
2.413770751953e+02 -5.469675175846e-03
2.413782043457e+02 -8.229917287827e-02
2.413793334961e+02 -1.413383036852e-01
2.413804626465e+02 -1.296107769012e-01
2.413815917969e+02 -4.712786898017e-02
2.413827209473e+02 -3.611488640308e-02
2.413838500977e+02 -4.862812906504e-02
2.413849792480e+02 1.243146806955e-01
2.413861083984e+02 3.876585066319e-01
2.413872375488e+02 9.525209665298e-01
2.413883666992e+02 1.693657994270e+00
2.413894958496e+02 2.171803474426e+00
2.413906250000e+02 3.790971040726e+00
2.413917541504e+02 5.884673118591e+00
2.413928833008e+02 5.612949848175e+00
2.413940124512e+02 3.400671482086e+00
2.413951416016e+02 1.394304513931e+00
2.413962707520e+02 3.337095081806e-01
2.413973846436e+02 3.207539021969e-02
2.413985137939e+02 -5.649082735181e-02
2.413996429443e+02 -1.100227087736e-01
2.414007720947e+02 -1.506034731865e-01
2.414019012451e+02 9.114178828895e-03
2.414030303955e+02 -1.013099551201e-01
2.414041595459e+02 -2.356673181057e-01
2.414052886963e+02 -2.334408760071e-01
2.414064178467e+02 -1.735593080521e-01
2.414075469971e+02 -1.291351318359e-01
2.414086761475e+02 -1.637745350599e-01
2.414098052979e+02 -4.826708137989e-02
2.414109344482e+02 8.941520750523e-02
2.414120635986e+02 1.467471569777e-01
2.414131927490e+02 1.902795135975e-01
2.414143218994e+02 2.509472668171e-01
2.414154510498e+02 2.157769948244e-01
2.414165802002e+02 6.649155169725e-02
2.414177093506e+02 -5.125311762094e-02
2.414188385010e+02 4.874036088586e-02
2.414199676514e+02 -1.896936073899e-02
2.414210968018e+02 -8.344688266516e-02
2.414222259521e+02 -4.838260635734e-02
2.414233551025e+02 1.088744252920e-01
2.414244842529e+02 1.826957911253e-01
2.414256134033e+02 1.902471929789e-01
2.414267425537e+02 2.172747105360e-01
2.414278717041e+02 2.069212794304e-01
2.414290008545e+02 2.193928956985e-01
2.414301300049e+02 4.281049966812e-01
2.414312591553e+02 2.580444216728e-01
2.414323883057e+02 -7.177262101322e-03
2.414335174561e+02 -1.681448966265e-01
2.414346466064e+02 -1.887472569942e-01
2.414357757568e+02 -1.137670362368e-03
2.414369049072e+02 2.295646965504e-01
2.414380340576e+02 -5.909940600395e-02
2.414391632080e+02 -6.724496372044e-03
2.414402923584e+02 1.138405576348e-01
2.414414215088e+02 2.820624113083e-01
2.414425506592e+02 2.474057525396e-01
2.414436798096e+02 7.441843301058e-02
2.414448089600e+02 8.188239485025e-02
2.414459381104e+02 2.115584760904e-01
2.414470672607e+02 3.656901121140e-01
2.414481964111e+02 3.914962410927e-01
2.414493255615e+02 4.862682223320e-01
2.414504547119e+02 4.642733931541e-01
2.414515838623e+02 4.153733253479e-01
2.414527130127e+02 1.400282382965e-01
2.414538421631e+02 -2.932379581034e-02
2.414549713135e+02 1.356167159975e-02
2.414561004639e+02 -3.898830711842e-02
2.414572296143e+02 1.209050267935e-01
2.414583587646e+02 3.634535670280e-01
2.414594879150e+02 1.944570094347e-01
2.414606170654e+02 1.536042839289e-01
2.414617462158e+02 1.557779759169e-01
2.414628753662e+02 1.763511598110e-01
2.414640045166e+02 1.152738332748e-01
2.414651336670e+02 1.287414580584e-01
2.414662628174e+02 7.232445478439e-02
2.414673767090e+02 1.174441799521e-01
2.414685058594e+02 1.399344354868e-01
2.414696350098e+02 1.111140027642e-01
2.414707641602e+02 1.908891946077e-01
2.414718933105e+02 3.389739990234e-01
2.414730224609e+02 5.199565291405e-01
2.414741516113e+02 1.102434992790e+00
2.414752807617e+02 1.272790908813e+00
2.414764099121e+02 8.677127361298e-01
2.414775390625e+02 8.202869892120e-01
2.414786682129e+02 2.120687961578e+00
2.414797973633e+02 3.551519870758e+00
2.414809265137e+02 2.978194236755e+00
2.414820556641e+02 2.432211399078e+00
2.414831848145e+02 1.110416412354e+00
2.414843139648e+02 1.989489644766e-01
2.414854431152e+02 -1.283374875784e-01
2.414865722656e+02 -1.002079844475e-01
2.414877014160e+02 -1.719753742218e-01
2.414888305664e+02 -7.408794760704e-02
2.414899597168e+02 -9.893713891506e-02
2.414910888672e+02 -3.462711349130e-02
2.414922180176e+02 -3.189896699041e-03
2.414933471680e+02 5.424330383539e-02
2.414944763184e+02 1.732970327139e-01
2.414956054688e+02 5.705943703651e-02
2.414967346191e+02 1.224840879440e-01
2.414978637695e+02 3.209208324552e-02
2.414989929199e+02 -1.249930933118e-01
2.415001220703e+02 -1.510179191828e-01
2.415012512207e+02 -1.047432050109e-01
2.415023803711e+02 -5.497182160616e-02
2.415035095215e+02 -1.370083987713e-01
2.415046386719e+02 -1.216505840421e-01
2.415057678223e+02 5.770573392510e-02
2.415068969727e+02 3.199286460876e-01
2.415080261230e+02 7.777357101440e-01
2.415091552734e+02 1.509250998497e+00
2.415102844238e+02 2.022535324097e+00
2.415114135742e+02 3.252911806107e+00
2.415125427246e+02 4.070978164673e+00
2.415136718750e+02 3.217771291733e+00
2.415148010254e+02 1.787117362022e+00
2.415159301758e+02 8.919625282288e-01
2.415170593262e+02 2.491057068110e-01
2.415181884766e+02 1.317780017853e-01
2.415193176270e+02 5.314504262060e-03
2.415204467773e+02 -9.072765707970e-02
2.415215759277e+02 -1.426938474178e-01
2.415227050781e+02 -2.796573042870e-01
2.415238342285e+02 -3.135252296925e-01
2.415249633789e+02 -2.916457653046e-01
2.415260925293e+02 -2.204925566912e-01
2.415272216797e+02 -1.816566586494e-01
2.415283508301e+02 -1.122526973486e-01
2.415294799805e+02 -1.913740038872e-01
2.415306091309e+02 -2.280400097370e-01
2.415317382812e+02 -1.760620474815e-01
2.415328674316e+02 -6.520451605320e-02
2.415339965820e+02 9.531661123037e-02
2.415351257324e+02 2.393066734076e-01
2.415362548828e+02 6.079670190811e-01
2.415373687744e+02 8.846478462219e-01
2.415384979248e+02 1.910666704178e+00
2.415396270752e+02 2.936583518982e+00
2.415407562256e+02 1.954398632050e+00
2.415418853760e+02 8.909757137299e-01
2.415430145264e+02 2.411313354969e-01
2.415441436768e+02 1.702052801847e-01
2.415452728271e+02 6.490026414394e-02
2.415464019775e+02 3.407033905387e-02
2.415475311279e+02 1.358768492937e-01
2.415486602783e+02 2.353296726942e-01
2.415497894287e+02 2.932910323143e-01
2.415509185791e+02 1.354579329491e-01
2.415520477295e+02 -1.673767566681e-01
2.415531768799e+02 -1.169942095876e-01
2.415543060303e+02 -7.775110006332e-02
2.415554351807e+02 -8.046820759773e-02
2.415565643311e+02 -1.135141849518e-01
2.415576934814e+02 5.963704362512e-02
2.415588226318e+02 1.037269830704e-01
2.415599517822e+02 2.978283464909e-01
2.415610809326e+02 4.599634706974e-01
2.415622100830e+02 9.176414012909e-01
2.415633392334e+02 1.450157165527e+00
2.415644683838e+02 1.903059124947e+00
2.415655975342e+02 2.846997261047e+00
2.415667266846e+02 3.218057632446e+00
2.415678558350e+02 2.703070878983e+00
2.415689849854e+02 2.057304143906e+00
2.415701141357e+02 1.928741097450e+00
2.415712432861e+02 1.866697549820e+00
2.415723724365e+02 1.478857278824e+00
2.415735015869e+02 1.175792098045e+00
2.415746307373e+02 1.062880277634e+00
2.415757598877e+02 1.225397944450e+00
2.415768890381e+02 1.038707613945e+00
2.415780181885e+02 5.082242488861e-01
2.415791473389e+02 2.308449596167e-01
2.415802764893e+02 1.730808243155e-02
2.415814056396e+02 -2.609918825328e-02
2.415825347900e+02 2.106741219759e-01
2.415836639404e+02 6.815616786480e-02
2.415847930908e+02 1.787770837545e-01
2.415859222412e+02 5.298908352852e-01
2.415870513916e+02 7.165519595146e-01
2.415881805420e+02 9.073382019997e-01
2.415893096924e+02 7.694957256317e-01
2.415904388428e+02 4.590267539024e-01
2.415915679932e+02 2.674116194248e-01
2.415926971436e+02 -4.299576953053e-02
2.415938262939e+02 -7.245851308107e-02
2.415949554443e+02 -6.692405045033e-02
2.415960845947e+02 -7.366818934679e-02
2.415972137451e+02 -9.513407945633e-02
2.415983428955e+02 -1.780288517475e-01
2.415994720459e+02 -1.697039604187e-01
2.416006011963e+02 -9.588872641325e-02
2.416017303467e+02 -9.426584094763e-02
2.416028594971e+02 -7.993999868631e-02
2.416039886475e+02 -5.409358069301e-02
2.416051177979e+02 -6.328358501196e-02
2.416062469482e+02 -1.071735695004e-01
2.416073760986e+02 -1.002304106951e-01
2.416084899902e+02 -1.873593926430e-01
2.416096191406e+02 -1.890233308077e-01
2.416107482910e+02 -2.028259634972e-01
2.416118774414e+02 -7.939913868904e-02
2.416130065918e+02 -2.662811242044e-02
2.416141357422e+02 -1.418347209692e-01
2.416152648926e+02 -1.354580223560e-01
2.416163940430e+02 -3.194984793663e-02
2.416175231934e+02 -1.787541061640e-01
2.416186523438e+02 -2.194924503565e-01
2.416197814941e+02 -2.936119735241e-01
2.416209106445e+02 -1.578371524811e-01
2.416220397949e+02 -5.846467241645e-02
2.416231689453e+02 -1.815664349124e-03
2.416242980957e+02 9.547273814678e-02
2.416254272461e+02 4.772078245878e-02
2.416265563965e+02 1.984773576260e-02
2.416276855469e+02 -7.445338368416e-02
2.416288146973e+02 7.951514422894e-02
2.416299438477e+02 2.464801631868e-02
2.416310729980e+02 -4.219355061650e-02
2.416322021484e+02 -2.334733307362e-01
2.416333312988e+02 -9.830292314291e-02
2.416344604492e+02 -1.523231565952e-01
2.416355895996e+02 -2.242912650108e-01
2.416367187500e+02 -1.581275612116e-01
2.416378479004e+02 -1.242876052856e-01
2.416389770508e+02 -6.490354239941e-02
2.416401062012e+02 -5.621913075447e-02
2.416412353516e+02 -4.670752212405e-02
2.416423645020e+02 -7.815245538950e-02
2.416434936523e+02 1.598882079124e-01
2.416446228027e+02 7.967047095299e-01
2.416457519531e+02 1.847251534462e+00
2.416468811035e+02 3.748430967331e+00
2.416480102539e+02 5.803851127625e+00
2.416491394043e+02 8.924385070801e+00
2.416502685547e+02 1.286055946350e+01
2.416513977051e+02 1.636594581604e+01
2.416525268555e+02 1.162195205688e+01
2.416536560059e+02 6.682547092438e+00
2.416547851562e+02 3.881067514420e+00
2.416559143066e+02 3.340600728989e+00
2.416570434570e+02 2.829934120178e+00
2.416581726074e+02 2.314315319061e+00
2.416593017578e+02 2.548104286194e+00
2.416604309082e+02 2.237380743027e+00
2.416615600586e+02 1.460357546806e+00
2.416626892090e+02 7.238796949387e-01
2.416638183594e+02 3.711718618870e-01
2.416649475098e+02 3.136384785175e-01
2.416660766602e+02 2.804149389267e-01
2.416672058105e+02 7.982164621353e-02
2.416683349609e+02 2.445454150438e-02
2.416694641113e+02 -7.399074733257e-02
2.416705932617e+02 1.243280526251e-02
2.416717224121e+02 4.587846249342e-02
2.416728515625e+02 -7.076603174210e-02
2.416739807129e+02 -1.186213195324e-01
2.416751098633e+02 2.327196858823e-02
2.416762390137e+02 -1.163103207946e-01
2.416773681641e+02 -1.516705155373e-01
2.416784820557e+02 -6.729289144278e-02
2.416796112061e+02 -7.773714512587e-02
2.416807403564e+02 -8.954791724682e-02
2.416818695068e+02 -7.047779113054e-02
2.416829986572e+02 -1.332185417414e-01
2.416841278076e+02 -1.040595211089e-02
2.416852569580e+02 1.108881756663e-01
2.416863861084e+02 2.679442763329e-01
2.416875152588e+02 3.899810612202e-01
2.416886444092e+02 2.690250277519e-01
2.416897735596e+02 9.190042316914e-02
2.416909027100e+02 5.343091487885e-02
2.416920318604e+02 -8.870097249746e-02
2.416931610107e+02 -2.984767965972e-02
2.416942901611e+02 -3.941863030195e-02
2.416954193115e+02 -7.759089767933e-02
2.416965484619e+02 -7.945068925619e-02
2.416976776123e+02 -8.457393199205e-02
2.416988067627e+02 -4.486310482025e-02
2.416999359131e+02 -2.778825908899e-02
2.417010650635e+02 -8.960120379925e-02
2.417021942139e+02 -1.493301689625e-01
2.417033233643e+02 -1.144845336676e-01
2.417044525146e+02 -5.872874334455e-02
2.417055816650e+02 -1.968702524900e-01
2.417067108154e+02 -1.537392437458e-01
2.417078399658e+02 5.159379169345e-02
2.417089691162e+02 1.512572616339e-01
2.417100982666e+02 2.224053144455e-01
2.417112274170e+02 4.748541116714e-01
2.417123565674e+02 1.464615583420e+00
2.417134857178e+02 2.971570968628e+00
2.417146148682e+02 5.209755420685e+00
2.417157440186e+02 7.870867729187e+00
2.417168731689e+02 1.102346324921e+01
2.417180023193e+02 1.662366104126e+01
2.417191314697e+02 1.402620315552e+01
2.417202606201e+02 8.515082359314e+00
2.417213897705e+02 5.645029067993e+00
2.417225189209e+02 4.680859565735e+00
2.417236480713e+02 5.058158397675e+00
2.417247772217e+02 5.192749500275e+00
2.417259063721e+02 4.683023452759e+00
2.417270355225e+02 3.363832950592e+00
2.417281646729e+02 2.051224946976e+00
2.417292938232e+02 1.368768692017e+00
2.417304229736e+02 1.133357763290e+00
2.417315521240e+02 1.051972627640e+00
2.417326812744e+02 8.176094889641e-01
2.417338104248e+02 6.476583480835e-01
2.417349395752e+02 7.432540059090e-01
2.417360687256e+02 1.160010695457e+00
2.417371978760e+02 2.265429973602e+00
2.417383270264e+02 4.339877128601e+00
2.417394561768e+02 6.727442741394e+00
2.417405853271e+02 1.007160854340e+01
2.417417144775e+02 1.431043720245e+01
2.417428436279e+02 1.648489761353e+01
2.417439727783e+02 9.336882591248e+00
2.417451019287e+02 5.444785118103e+00
2.417462310791e+02 2.032952070236e+00
2.417473602295e+02 1.202776551247e+00
2.417484893799e+02 7.345887422562e-01
2.417496032715e+02 6.419609785080e-01
2.417507324219e+02 6.819768548012e-01
2.417518615723e+02 1.204239845276e+00
2.417529907227e+02 2.758713006973e+00
2.417541198730e+02 4.103254318237e+00
2.417552490234e+02 6.266374588013e+00
2.417563781738e+02 8.524806976318e+00
2.417575073242e+02 1.105712127686e+01
2.417586364746e+02 9.519584655762e+00
2.417597656250e+02 5.637598991394e+00
2.417608947754e+02 3.981859922409e+00
2.417620239258e+02 5.262912750244e+00
2.417631530762e+02 7.445408344269e+00
2.417642822266e+02 9.336557388306e+00
2.417654113770e+02 7.444363594055e+00
2.417665405273e+02 3.332159996033e+00
2.417676696777e+02 1.100925803185e+00
2.417687988281e+02 6.844238638878e-01
2.417699279785e+02 2.628019750118e-01
2.417710571289e+02 1.313093602657e-01
2.417721862793e+02 7.329354435205e-02
2.417733154297e+02 1.660336703062e-01
2.417744445801e+02 4.075802564621e-01
2.417755737305e+02 1.454663276672e+00
2.417767028809e+02 2.808329582214e+00
2.417778320312e+02 4.501500129700e+00
2.417789611816e+02 6.897377967834e+00
2.417800903320e+02 9.821702003479e+00
2.417812194824e+02 1.221420669556e+01
2.417823486328e+02 1.140573501587e+01
2.417834777832e+02 1.339951896667e+01
2.417846069336e+02 1.447955608368e+01
2.417857360840e+02 9.062789916992e+00
2.417868652344e+02 4.132127761841e+00
2.417879943848e+02 2.874028921127e+00
2.417891235352e+02 4.000338077545e+00
2.417902526855e+02 6.146319389343e+00
2.417913818359e+02 9.003510475159e+00
2.417925109863e+02 1.175207138062e+01
2.417936401367e+02 1.517588996887e+01
2.417947692871e+02 1.421911525726e+01
2.417958984375e+02 9.884260177612e+00
2.417970275879e+02 5.133258819580e+00
2.417981567383e+02 3.435391187668e+00
2.417992858887e+02 3.840653657913e+00
2.418004150391e+02 4.643932342529e+00
2.418015441895e+02 6.791644573212e+00
2.418026733398e+02 9.801155090332e+00
2.418038024902e+02 1.086883926392e+01
2.418049316406e+02 6.980254650116e+00
2.418060607910e+02 3.122243165970e+00
2.418071899414e+02 1.119433879852e+00
2.418083190918e+02 5.658249258995e-01
2.418094482422e+02 3.087416887283e-01
2.418105773926e+02 1.615158319473e-01
2.418117065430e+02 2.070798575878e-01
2.418128356934e+02 1.510339528322e-01
2.418139648438e+02 4.500022530556e-02
2.418150939941e+02 -1.111022084951e-01
2.418162231445e+02 -1.271029412746e-01
2.418173522949e+02 -1.054914370179e-01
2.418184814453e+02 6.547198165208e-03
2.418195953369e+02 1.208836212754e-02
2.418207244873e+02 1.359596699476e-01
2.418218536377e+02 2.080993652344e-01
2.418229827881e+02 8.062566518784e-01
2.418241119385e+02 1.454164028168e+00
2.418252410889e+02 3.028433084488e+00
2.418263702393e+02 4.560556888580e+00
2.418274993896e+02 6.880601882935e+00
2.418286285400e+02 1.025305557251e+01
2.418297576904e+02 1.436208152771e+01
2.418308868408e+02 1.410580539703e+01
2.418320159912e+02 7.814221858978e+00
2.418331451416e+02 4.014414787292e+00
2.418342742920e+02 3.853657960892e+00
2.418354034424e+02 5.079192638397e+00
2.418365325928e+02 7.328720569611e+00
2.418376617432e+02 1.024484443665e+01
2.418387908936e+02 1.346105861664e+01
2.418399200439e+02 1.018433475494e+01
2.418410491943e+02 5.248422145844e+00
2.418421783447e+02 2.038106918335e+00
2.418433074951e+02 8.119393587112e-01
2.418444366455e+02 4.859521389008e-01
2.418455657959e+02 3.181039988995e-01
2.418466949463e+02 2.546374499798e-01
2.418478240967e+02 6.604982018471e-01
2.418489532471e+02 1.359061002731e+00
2.418500823975e+02 2.688042163849e+00
2.418512115479e+02 4.621478080750e+00
2.418523406982e+02 7.077607631683e+00
2.418534698486e+02 1.027539062500e+01
2.418545989990e+02 1.483552455902e+01
2.418557281494e+02 1.796828460693e+01
2.418568572998e+02 1.277281379700e+01
2.418579864502e+02 6.473009109497e+00
2.418591156006e+02 2.573106765747e+00
2.418602447510e+02 1.169924497604e+00
2.418613739014e+02 6.483461856842e-01
2.418625030518e+02 2.918518483639e-01
2.418636322021e+02 4.746785014868e-02
2.418647613525e+02 1.613467782736e-01
2.418658905029e+02 3.399007022381e-02
2.418670196533e+02 5.276577919722e-02
2.418681488037e+02 9.542278200388e-02
2.418692779541e+02 3.362323343754e-01
2.418704071045e+02 6.195445656776e-01
2.418715362549e+02 9.971456527710e-01
2.418726654053e+02 1.524308443069e+00
2.418737945557e+02 1.203675746918e+00
2.418749237061e+02 7.166701555252e-01
2.418760528564e+02 4.270294308662e-01
2.418771820068e+02 2.334795296192e-01
2.418783111572e+02 2.939582169056e-01
2.418794403076e+02 4.522036015987e-01
2.418805694580e+02 8.821799755096e-01
2.418816986084e+02 1.227026343346e+00
2.418828277588e+02 1.493995428085e+00
2.418839569092e+02 1.178066372871e+00
2.418850860596e+02 6.069512963295e-01
2.418862152100e+02 3.780297636986e-01
2.418873443604e+02 1.344903707504e-01
2.418884735107e+02 7.491490989923e-02
2.418896026611e+02 6.507672369480e-02
2.418907165527e+02 3.562132269144e-02
2.418918457031e+02 8.807673305273e-02
2.418929748535e+02 5.621635317802e-01
2.418941040039e+02 1.202591896057e+00
2.418952331543e+02 2.044084548950e+00
2.418963623047e+02 4.349959373474e+00
2.418974914551e+02 6.782279014587e+00
2.418986206055e+02 4.122530460358e+00
2.418997497559e+02 1.566050291061e+00
2.419008789062e+02 3.279486000538e-01
2.419020080566e+02 1.478961259127e-01
2.419031372070e+02 1.020275875926e-01
2.419042663574e+02 7.840953022242e-02
2.419053955078e+02 -4.178647324443e-02
2.419065246582e+02 1.713636219501e-01
2.419076538086e+02 4.199190139771e-01
2.419087829590e+02 5.983297824860e-01
2.419099121094e+02 4.583614766598e-01
2.419110412598e+02 3.037270307541e-01
2.419121704102e+02 2.368105500937e-01
2.419132995605e+02 1.743066012859e-01
2.419144287109e+02 1.543641239405e-01
2.419155578613e+02 1.172924563289e-01
2.419166870117e+02 2.393952310085e-01
2.419178161621e+02 3.121964931488e-01
2.419189453125e+02 6.082909703255e-01
2.419200744629e+02 1.052326798439e+00
2.419212036133e+02 1.129542827606e+00
2.419223327637e+02 7.652027606964e-01
2.419234619141e+02 4.514394700527e-01
2.419245910645e+02 3.142106831074e-01
2.419257202148e+02 2.489934712648e-01
2.419268493652e+02 1.196283623576e-01
2.419279785156e+02 1.866896748543e-01
2.419291076660e+02 1.223401129246e-01
2.419302368164e+02 2.105683684349e-01
2.419313659668e+02 9.459559619427e-02
2.419324951172e+02 1.017148494720e-01
2.419336242676e+02 4.717525094748e-03
2.419347534180e+02 -3.261088952422e-02
2.419358825684e+02 1.662868708372e-01
2.419370117188e+02 5.450184643269e-02
2.419381408691e+02 1.564824432135e-01
2.419392700195e+02 1.617939025164e-01
2.419403991699e+02 5.408269912004e-02
2.419415283203e+02 -6.746215373278e-02
2.419426574707e+02 -2.718789130449e-02
2.419437866211e+02 -7.161205261946e-02
2.419449157715e+02 2.249535731971e-02
2.419460449219e+02 2.655883431435e-01
2.419471740723e+02 3.869300186634e-01
2.419483032227e+02 3.705258369446e-01
2.419494323730e+02 1.494339704514e-01
2.419505615234e+02 2.643814682961e-01
2.419516906738e+02 1.391049474478e-01
2.419528198242e+02 2.110865712166e-02
2.419539489746e+02 -2.960525639355e-02
2.419550781250e+02 -1.718406938016e-02
2.419562072754e+02 -1.322363596410e-02
2.419573364258e+02 -2.045506089926e-01
2.419584655762e+02 -2.061393409967e-01
2.419595947266e+02 -2.637474536896e-01
2.419607086182e+02 -8.804000169039e-02
2.419618377686e+02 2.226962707937e-02
2.419629669189e+02 -9.108982235193e-02
2.419640960693e+02 -2.218730449677e-01
2.419652252197e+02 1.197147881612e-03
2.419663543701e+02 4.994729906321e-02
2.419674835205e+02 7.910955697298e-02
2.419686126709e+02 1.071317791939e-01
2.419697418213e+02 8.572298288345e-02
2.419708709717e+02 1.089023947716e-01
2.419720001221e+02 2.396583557129e-01
2.419731292725e+02 7.411856204271e-02
2.419742584229e+02 -2.280277758837e-01
2.419753875732e+02 -2.348213344812e-01
2.419765167236e+02 -2.099070698023e-01
2.419776458740e+02 -1.387598812580e-01
2.419787750244e+02 -2.199690788984e-02
2.419799041748e+02 -9.530599415302e-02
2.419810333252e+02 -1.228909417987e-01
2.419821624756e+02 -1.028440799564e-02
2.419832916260e+02 2.268224060535e-01
2.419844207764e+02 3.376477360725e-01
2.419855499268e+02 3.870511651039e-01
2.419866790771e+02 2.988335788250e-01
2.419878082275e+02 9.885785728693e-02
2.419889373779e+02 4.509507864714e-02
2.419900665283e+02 5.046473070979e-02
2.419911956787e+02 5.448287352920e-02
2.419923248291e+02 8.377311751246e-03
2.419934539795e+02 -4.303536936641e-02
2.419945831299e+02 2.104955017567e-01
2.419957122803e+02 3.216044902802e-01
2.419968414307e+02 2.323890328407e-01
2.419979705811e+02 2.108114510775e-01
2.419990997314e+02 3.257512450218e-01
2.420002288818e+02 4.745816886425e-01
2.420013580322e+02 8.705819249153e-01
2.420024871826e+02 1.136330485344e+00
2.420036163330e+02 1.038680791855e+00
2.420047454834e+02 6.133128404617e-01
2.420058746338e+02 2.834776937962e-01
2.420070037842e+02 1.075126752257e-01
2.420081329346e+02 -7.384327799082e-02
2.420092620850e+02 1.611699350178e-02
2.420103912354e+02 -8.517669141293e-02
2.420115203857e+02 -1.042268425226e-01
2.420126495361e+02 7.030199468136e-02
2.420137786865e+02 1.165014207363e-01
2.420149078369e+02 7.692932337523e-02
2.420160369873e+02 2.804539352655e-02
2.420171661377e+02 -5.374997854233e-02
2.420182952881e+02 9.306573122740e-02
2.420194244385e+02 1.699815988541e-01
2.420205535889e+02 1.874989420176e-01
2.420216827393e+02 1.066578999162e-01
2.420228118896e+02 1.840923875570e-01
2.420239410400e+02 1.478428244591e-01
2.420250701904e+02 1.272082775831e-01
2.420261993408e+02 5.798155441880e-03
2.420273284912e+02 -1.352121978998e-01
2.420284576416e+02 -2.520358189940e-02
2.420295867920e+02 -6.393953412771e-02
2.420307006836e+02 9.660997986794e-02
2.420318298340e+02 1.914047002792e-01
2.420329589844e+02 1.038406640291e-01
2.420340881348e+02 8.389265276492e-03
2.420352172852e+02 8.597097359598e-03
2.420363464355e+02 -2.573706582189e-02
2.420374755859e+02 -2.076246589422e-01
2.420386047363e+02 -1.480200141668e-01
2.420397338867e+02 -1.464177370071e-01
2.420408630371e+02 -2.211091518402e-01
2.420419921875e+02 -2.012559175491e-01
2.420431213379e+02 -8.965934067965e-02
2.420442504883e+02 -1.251117289066e-01
2.420453796387e+02 -2.075486481190e-01
2.420465087891e+02 -1.878166347742e-01
2.420476379395e+02 -9.325609356165e-02
2.420487670898e+02 -3.548108041286e-02
2.420498962402e+02 1.013556644320e-01
2.420510253906e+02 1.348595470190e-01
2.420521545410e+02 2.948733866215e-01
2.420532836914e+02 4.094240367413e-01
2.420544128418e+02 4.431163370609e-01
2.420555419922e+02 8.796392083168e-01
2.420566711426e+02 1.167709708214e+00
2.420578002930e+02 9.318661093712e-01
2.420589294434e+02 4.663798511028e-01
2.420600585938e+02 1.390949487686e-01
2.420611877441e+02 5.083674937487e-02
2.420623168945e+02 -3.155266866088e-02
2.420634460449e+02 -3.087283112109e-02
2.420645751953e+02 1.127183735371e-01
2.420657043457e+02 3.405843079090e-01
2.420668334961e+02 5.256788730621e-01
2.420679626465e+02 9.441985487938e-01
2.420690917969e+02 1.215068221092e+00
2.420702209473e+02 9.288036227226e-01
2.420713500977e+02 4.007721245289e-01
2.420724792480e+02 2.263304963708e-02
2.420736083984e+02 -1.531078666449e-02
2.420747375488e+02 3.614889457822e-02
2.420758666992e+02 2.247271500528e-02
2.420769958496e+02 -2.408116683364e-02
2.420781250000e+02 1.290007214993e-02
2.420792541504e+02 -1.253525912762e-01
2.420803833008e+02 -1.269907876849e-02
2.420815124512e+02 -5.367555096745e-02
2.420826416016e+02 -1.141724884510e-01
2.420837707520e+02 -1.563829332590e-01
2.420848999023e+02 -1.232757121325e-01
2.420860290527e+02 -9.689783304930e-02
2.420871582031e+02 -8.882222324610e-02
2.420882873535e+02 -1.574404239655e-01
2.420894165039e+02 -5.225096642971e-02
2.420905456543e+02 1.028398331255e-02
2.420916748047e+02 1.184736285359e-02
2.420928039551e+02 1.416934281588e-01
2.420939331055e+02 2.322724312544e-01
2.420950622559e+02 -7.349748164415e-03
2.420961914062e+02 -1.820251792669e-01
2.420973205566e+02 -1.390240639448e-01
2.420984497070e+02 -1.507063210011e-01
2.420995788574e+02 -1.341698169708e-01
2.421007080078e+02 -5.360267311335e-02
2.421018218994e+02 -6.489660590887e-02
2.421029510498e+02 -1.348807215691e-01
2.421040802002e+02 -1.498958766460e-01
2.421052093506e+02 -1.120707467198e-01
2.421063385010e+02 -1.932182349265e-02
2.421074676514e+02 9.957517683506e-02
2.421085968018e+02 9.089946746826e-02
2.421097259521e+02 1.950696557760e-01
2.421108551025e+02 2.461969703436e-01
2.421119842529e+02 3.214634656906e-01
2.421131134033e+02 4.186882376671e-01
2.421142425537e+02 3.516483306885e-01
2.421153717041e+02 2.410651147366e-01
2.421165008545e+02 1.790274977684e-01
2.421176300049e+02 1.818210780621e-01
2.421187591553e+02 1.172000169754e-01
2.421198883057e+02 9.267822653055e-02
2.421210174561e+02 1.108325049281e-01
2.421221466064e+02 3.323701918125e-01
2.421232757568e+02 4.095832109451e-01
2.421244049072e+02 2.732225358486e-01
2.421255340576e+02 4.157553315163e-01
2.421266632080e+02 4.284991323948e-01
2.421277923584e+02 3.610467910767e-01
2.421289215088e+02 3.644141256809e-01
2.421300506592e+02 1.960907876492e-01
2.421311798096e+02 9.620856493711e-03
2.421323089600e+02 7.826439291239e-02
2.421334381104e+02 2.816896326840e-02
2.421345672607e+02 1.749597606249e-03
2.421356964111e+02 3.426772356033e-02
2.421368255615e+02 6.282977759838e-02
2.421379547119e+02 -7.506294548512e-02
2.421390838623e+02 4.288881272078e-02
2.421402130127e+02 1.462606787682e-01
2.421413421631e+02 5.743960738182e-01
2.421424713135e+02 6.271849870682e-01
2.421436004639e+02 3.524146676064e-01
2.421447296143e+02 2.340485304594e-01
2.421458587646e+02 4.609635174274e-01
2.421469879150e+02 5.625575184822e-01
2.421481170654e+02 6.670212745667e-01
2.421492462158e+02 5.568345785141e-01
2.421503753662e+02 2.882714271545e-01
2.421515045166e+02 2.419405430555e-01
2.421526336670e+02 3.979074656963e-01
2.421537628174e+02 5.019524693489e-01
2.421548919678e+02 5.894103050232e-01
2.421560211182e+02 8.571747541428e-01
2.421571502686e+02 1.192544102669e+00
2.421582794189e+02 1.136515974998e+00
2.421594085693e+02 1.212784647942e+00
2.421605377197e+02 1.178087353706e+00
2.421616668701e+02 9.785403013229e-01
2.421627960205e+02 6.742739081383e-01
2.421639251709e+02 4.370693862438e-01
2.421650543213e+02 3.810038566589e-01
2.421661834717e+02 4.138038456440e-01
2.421673126221e+02 3.145257532597e-01
2.421684417725e+02 3.556936681271e-01
2.421695709229e+02 3.644890785217e-01
2.421707000732e+02 5.519360303879e-01
2.421718139648e+02 7.033056020737e-01
2.421729431152e+02 4.298124611378e-01
2.421740722656e+02 1.267461478710e-01
2.421752014160e+02 6.550533324480e-02
2.421763305664e+02 1.192880980670e-02
2.421774597168e+02 -8.334896713495e-02
2.421785888672e+02 -2.799652703106e-02
2.421797180176e+02 -9.979570657015e-02
2.421808471680e+02 -2.557980716228e-01
2.421819763184e+02 -1.554652303457e-01
2.421831054688e+02 -5.611463636160e-02
2.421842346191e+02 -1.443798281252e-02
2.421853637695e+02 1.065431535244e-01
2.421864929199e+02 2.254291325808e-01
2.421876220703e+02 1.782508790493e-01
2.421887512207e+02 1.469345092773e-01
2.421898803711e+02 2.857992649078e-01
2.421910095215e+02 3.542708158493e-01
2.421921386719e+02 3.084656596184e-01
2.421932678223e+02 4.698756039143e-01
2.421943969727e+02 5.381480455399e-01
2.421955261230e+02 4.323948919773e-01
2.421966552734e+02 4.521710276604e-01
2.421977844238e+02 4.399946033955e-01
2.421989135742e+02 3.971587717533e-01
2.422000427246e+02 1.536201536655e-01
2.422011718750e+02 6.489614397287e-02
2.422023010254e+02 -9.939342737198e-02
2.422034301758e+02 -1.681679934263e-01
2.422045593262e+02 5.391380563378e-02
2.422056884766e+02 1.053718104959e-01
2.422068176270e+02 1.473479997367e-02
2.422079467773e+02 -8.189377188683e-02
2.422090759277e+02 -1.026182528585e-02
2.422102050781e+02 -2.019144743681e-01
2.422113342285e+02 4.889243096113e-02
2.422124633789e+02 1.450005620718e-01
2.422135925293e+02 1.462196111679e-01
2.422147216797e+02 1.115402355790e-01
2.422158508301e+02 1.469462811947e-01
2.422169799805e+02 8.569288253784e-02
2.422181091309e+02 3.131392300129e-01
2.422192382812e+02 2.472268939018e-01
2.422203674316e+02 4.476282000542e-01
2.422214965820e+02 8.053265213966e-01
2.422226257324e+02 4.689966142178e-01
2.422237548828e+02 2.383678257465e-01
2.422248840332e+02 4.189940541983e-02
2.422260131836e+02 3.547062352300e-02
2.422271423340e+02 2.124381810427e-01
2.422282714844e+02 2.380898892879e-01
2.422294006348e+02 1.750086843967e-01
2.422305297852e+02 1.314653158188e-01
2.422316589355e+02 1.206385716796e-01
2.422327880859e+02 1.866971105337e-01
2.422339172363e+02 1.346966065466e-02
2.422350463867e+02 9.931714832783e-02
2.422361755371e+02 1.475551277399e-01
2.422373046875e+02 1.748450845480e-01
2.422384338379e+02 8.946985006332e-02
2.422395629883e+02 9.097633510828e-02
2.422406921387e+02 -1.184731423855e-01
2.422418212891e+02 -1.206241026521e-01
2.422429351807e+02 -1.956626474857e-01
2.422440643311e+02 -9.752892889082e-03
2.422451934814e+02 7.299175858498e-02
2.422463226318e+02 -4.251891002059e-02
2.422474517822e+02 6.746099097654e-04
2.422485809326e+02 2.255517430604e-02
2.422497100830e+02 -4.614894092083e-02
2.422508392334e+02 -9.161651134491e-02
2.422519683838e+02 -1.782539039850e-01
2.422530975342e+02 -4.183770343661e-02
2.422542266846e+02 -2.810499370098e-01
2.422553558350e+02 -2.261902689934e-01
2.422564849854e+02 -7.902592420578e-02
2.422576141357e+02 -8.682698011398e-03
2.422587432861e+02 2.415033429861e-01
2.422598724365e+02 3.842107951641e-01
2.422610015869e+02 1.939122527838e-01
2.422621307373e+02 9.805137664080e-02
2.422632598877e+02 -1.156531274319e-01
2.422643890381e+02 -5.849448218942e-02
2.422655181885e+02 -5.285270139575e-02
2.422666473389e+02 8.657891303301e-02
2.422677764893e+02 3.795342445374e-01
2.422689056396e+02 2.365754693747e-01
2.422700347900e+02 3.985565602779e-01
2.422711639404e+02 3.626707196236e-01
2.422722930908e+02 2.213363498449e-01
2.422734222412e+02 -3.440996631980e-02
2.422745513916e+02 8.207266032696e-02
2.422756805420e+02 2.479687780142e-01
2.422768096924e+02 -6.313720345497e-02
2.422779388428e+02 -6.047759205103e-02
2.422790679932e+02 -4.063742607832e-02
2.422801971436e+02 -5.372541397810e-02
2.422813262939e+02 -1.062307357788e-01
2.422824554443e+02 -1.125156134367e-01
2.422835845947e+02 6.260089576244e-02
2.422847137451e+02 1.003311648965e-01
2.422858428955e+02 8.868227899075e-02
2.422869720459e+02 3.409758210182e-02
2.422881011963e+02 6.552769988775e-02
2.422892303467e+02 2.599392831326e-01
2.422903594971e+02 -1.796536892653e-02
2.422914886475e+02 6.181682273746e-02
2.422926177979e+02 7.290644943714e-02
2.422937469482e+02 3.313232362270e-01
2.422948760986e+02 3.634866476059e-01
2.422960052490e+02 3.974561393261e-01
2.422971343994e+02 5.158175826073e-01
2.422982635498e+02 5.725088715553e-01
2.422993927002e+02 9.205243587494e-01
2.423005218506e+02 9.893704056740e-01
2.423016510010e+02 4.456924498081e-01
2.423027801514e+02 1.339993923903e-01
2.423039093018e+02 1.306518539786e-02
2.423050384521e+02 1.133929863572e-01
2.423061676025e+02 2.465984970331e-02
2.423072967529e+02 7.937371730804e-02
2.423084259033e+02 -9.966872632504e-03
2.423095550537e+02 1.820509321988e-02
2.423106842041e+02 1.187885552645e-01
2.423118133545e+02 1.309562623501e-01
2.423129272461e+02 2.543091028929e-02
2.423140563965e+02 5.255967751145e-02
2.423151855469e+02 4.193311557174e-02
2.423163146973e+02 1.536892503500e-01
2.423174438477e+02 1.294886022806e-01
2.423185729980e+02 -6.589286774397e-02
2.423197021484e+02 1.861909031868e-01
2.423208312988e+02 3.873120248318e-01
2.423219604492e+02 6.221600174904e-01
2.423230895996e+02 1.431631684303e+00
2.423242187500e+02 1.688864111900e+00
2.423253479004e+02 1.465952038765e+00
2.423264770508e+02 1.731102108955e+00
2.423276062012e+02 1.107519388199e+00
2.423287353516e+02 4.455850720406e-01
2.423298645020e+02 1.447967141867e-01
2.423309936523e+02 2.694986760616e-01
2.423321228027e+02 4.267744421959e-01
2.423332519531e+02 3.522855639458e-01
2.423343811035e+02 2.934730947018e-01
2.423355102539e+02 5.190475657582e-02
2.423366394043e+02 1.254205256701e-01
2.423377685547e+02 3.998787701130e-01
2.423388977051e+02 3.837075531483e-01
2.423400268555e+02 2.235285788774e-01
2.423411560059e+02 2.261491119862e-01
2.423422851562e+02 1.656084209681e-01
2.423434143066e+02 1.691245585680e-01
2.423445434570e+02 2.893797159195e-01
2.423456726074e+02 4.205169379711e-01
2.423468017578e+02 4.195101261139e-01
2.423479309082e+02 9.736022353172e-01
2.423490600586e+02 2.251090049744e+00
2.423501892090e+02 2.075722455978e+00
2.423513183594e+02 1.038475513458e+00
2.423524475098e+02 3.095608949661e-01
2.423535766602e+02 7.652226090431e-02
2.423547058105e+02 6.418430805206e-02
2.423558349609e+02 -2.087372355163e-02
2.423569641113e+02 4.692589119077e-02
2.423580932617e+02 5.183631926775e-02
2.423592224121e+02 2.813004702330e-02
2.423603515625e+02 -1.198971457779e-02
2.423614807129e+02 -4.611182957888e-02
2.423626098633e+02 -7.449971139431e-02
2.423637390137e+02 -6.408379971981e-02
2.423648681641e+02 -9.525550156832e-02
2.423659973145e+02 -6.086290348321e-03
2.423671264648e+02 5.195285379887e-02
2.423682556152e+02 2.572627924383e-02
2.423693847656e+02 -1.276342570782e-01
2.423705139160e+02 6.289031356573e-02
2.423716430664e+02 1.172495335340e-01
2.423727722168e+02 1.181061267853e-01
2.423739013672e+02 3.959487080574e-01
2.423750305176e+02 8.796157836914e-01
2.423761596680e+02 8.635165691376e-01
2.423772888184e+02 5.478059053421e-01
2.423784179688e+02 4.064535796642e-01
2.423795471191e+02 5.586802959442e-01
2.423806762695e+02 5.455944538116e-01
2.423818054199e+02 4.032828211784e-01
2.423829345703e+02 4.711829423904e-01
2.423840484619e+02 5.279543399811e-01
2.423851776123e+02 7.216870784760e-01
2.423863067627e+02 8.989363312721e-01
2.423874359131e+02 6.599102020264e-01
2.423885650635e+02 3.777831792831e-01
2.423896942139e+02 5.945634841919e-01
2.423908233643e+02 9.046707153320e-01
2.423919525146e+02 1.588422536850e+00
2.423930816650e+02 2.870285034180e+00
2.423942108154e+02 4.108626365662e+00
2.423953399658e+02 5.979960441589e+00
2.423964691162e+02 8.626972198486e+00
2.423975982666e+02 8.570980072021e+00
2.423987274170e+02 5.307732582092e+00
2.423998565674e+02 2.043552398682e+00
2.424009857178e+02 6.823514699936e-01
2.424021148682e+02 3.643283545971e-01
2.424032440186e+02 4.259188175201e-01
2.424043731689e+02 2.513949573040e-01
2.424055023193e+02 3.793264552951e-02
2.424066314697e+02 -2.487884648144e-02
2.424077606201e+02 -1.664772927761e-01
2.424088897705e+02 -1.305255293846e-01
2.424100189209e+02 -4.041185975075e-02
2.424111480713e+02 -1.173662170768e-01
2.424122772217e+02 4.108722135425e-02
2.424134063721e+02 1.428642570972e-01
2.424145355225e+02 3.233885467052e-01
2.424156646729e+02 4.372746944427e-01
2.424167938232e+02 6.556643843651e-01
2.424179229736e+02 8.555742502213e-01
2.424190521240e+02 1.191798925400e+00
2.424201812744e+02 1.668834567070e+00
2.424213104248e+02 1.616533756256e+00
2.424224395752e+02 1.177858114243e+00
2.424235687256e+02 9.506978988647e-01
2.424246978760e+02 1.039648294449e+00
2.424258270264e+02 1.344388842583e+00
2.424269561768e+02 8.757354617119e-01
2.424280853271e+02 3.415382802486e-01
2.424292144775e+02 1.145529076457e-01
2.424303436279e+02 2.667899429798e-02
2.424314727783e+02 -1.093437373638e-01
2.424326019287e+02 -6.976183503866e-02
2.424337310791e+02 -8.670054376125e-02
2.424348602295e+02 -1.662975922227e-02
2.424359893799e+02 2.741591930389e-01
2.424371185303e+02 5.285615921021e-01
2.424382476807e+02 1.144155859947e+00
2.424393768311e+02 1.684700608253e+00
2.424405059814e+02 3.444494724274e+00
2.424416351318e+02 2.987776041031e+00
2.424427642822e+02 1.754884123802e+00
2.424438934326e+02 8.220340609550e-01
2.424450225830e+02 2.835536003113e-01
2.424461517334e+02 1.933464705944e-01
2.424472808838e+02 1.543190330267e-01
2.424484100342e+02 1.801413483918e-02
2.424495391846e+02 -2.343879193068e-01
2.424506683350e+02 -4.722850397229e-02
2.424517974854e+02 -3.946659155190e-03
2.424529266357e+02 -1.223445311189e-01
2.424540405273e+02 -1.304938048124e-01
2.424551696777e+02 -1.342307180166e-01
2.424562988281e+02 -1.013349518180e-01
2.424574279785e+02 8.085398934782e-03
2.424585571289e+02 6.454856693745e-02
2.424596862793e+02 -9.690849483013e-02
2.424608154297e+02 -6.862684339285e-02
2.424619445801e+02 1.761927455664e-01
2.424630737305e+02 2.518483698368e-01
2.424642028809e+02 1.386883258820e-01
2.424653320312e+02 -7.055587321520e-02
2.424664611816e+02 -1.506753414869e-01
2.424675903320e+02 -2.373310327530e-01
2.424687194824e+02 -2.366201430559e-01
2.424698486328e+02 4.774145036936e-02
2.424709777832e+02 -1.375456899405e-02
2.424721069336e+02 1.608569025993e-01
2.424732360840e+02 4.746357798576e-01
2.424743652344e+02 8.755132555962e-01
2.424754943848e+02 7.416251301765e-01
2.424766235352e+02 4.229601323605e-01
2.424777526855e+02 1.790605783463e-01
2.424788818359e+02 2.236634343863e-01
2.424800109863e+02 2.964216172695e-01
2.424811401367e+02 2.295865118504e-01
2.424822692871e+02 2.939764857292e-01
2.424833984375e+02 4.149895012379e-01
2.424845275879e+02 2.687626481056e-01
2.424856567383e+02 4.629386961460e-01
2.424867858887e+02 9.062160253525e-01
2.424879150391e+02 7.256910800934e-01
2.424890441895e+02 3.874756693840e-01
2.424901733398e+02 1.070110872388e-01
2.424913024902e+02 -2.837741747499e-03
2.424924316406e+02 7.033924758434e-02
2.424935607910e+02 6.814311444759e-02
2.424946899414e+02 3.630202412605e-01
2.424958190918e+02 5.764451622963e-01
2.424969482422e+02 7.604673504829e-01
2.424980773926e+02 7.606851458549e-01
2.424992065430e+02 4.855065643787e-01
2.425003356934e+02 2.470107972622e-01
2.425014648438e+02 1.251655668020e-01
2.425025939941e+02 9.164809435606e-02
2.425037231445e+02 4.602097347379e-02
2.425048522949e+02 -1.002763863653e-02
2.425059814453e+02 -1.208702847362e-01
2.425071105957e+02 -5.848715081811e-02
2.425082397461e+02 -1.377097368240e-01
2.425093688965e+02 -8.015689998865e-02
2.425104980469e+02 -4.693496599793e-02
2.425116271973e+02 -5.461055412889e-02
2.425127563477e+02 -3.907392174006e-02
2.425138854980e+02 -1.648420989513e-01
2.425150146484e+02 5.807880684733e-02
2.425161437988e+02 -1.263279747218e-02
2.425172729492e+02 -3.663628175855e-02
2.425184020996e+02 -3.031944669783e-02
2.425195312500e+02 -1.076029092073e-01
2.425206604004e+02 -1.016963571310e-01
2.425217895508e+02 -7.930950075388e-02
2.425229187012e+02 -1.967899687588e-02
2.425240478516e+02 -1.958398818970e-01
2.425251617432e+02 -1.221133470535e-01
2.425262908936e+02 -1.263194382191e-01
2.425274200439e+02 -3.141226992011e-02
2.425285491943e+02 -1.190751139075e-02
2.425296783447e+02 -1.047267466784e-01
2.425308074951e+02 -1.981823295355e-01
2.425319366455e+02 -1.398638635874e-01
2.425330657959e+02 -1.245737448335e-01
2.425341949463e+02 -1.005916669965e-02
2.425353240967e+02 4.074453935027e-02
2.425364532471e+02 8.850193582475e-03
2.425375823975e+02 5.965844541788e-02
2.425387115479e+02 8.965741842985e-02
2.425398406982e+02 1.480753440410e-02
2.425409698486e+02 -1.397478580475e-01
2.425420989990e+02 -2.075224667788e-01
2.425432281494e+02 -2.274305187166e-02
2.425443572998e+02 3.020513057709e-02
2.425454864502e+02 -9.822154045105e-02
2.425466156006e+02 -6.068458780646e-02
2.425477447510e+02 4.600605368614e-02
2.425488739014e+02 6.624940037727e-02
2.425500030518e+02 -5.673540011048e-02
2.425511322021e+02 -1.204161494970e-01
2.425522613525e+02 1.098046638072e-02
2.425533905029e+02 2.829990722239e-02
2.425545196533e+02 5.877238884568e-02
2.425556488037e+02 9.127161651850e-02
2.425567779541e+02 4.798046499491e-02
2.425579071045e+02 5.615074560046e-02
2.425590362549e+02 2.539447546005e-01
2.425601654053e+02 6.513965725899e-01
2.425612945557e+02 5.754658579826e-01
2.425624237061e+02 9.381414204836e-02
2.425635528564e+02 4.160826280713e-02
2.425646820068e+02 -1.150402054191e-01
2.425658111572e+02 -1.355589181185e-01
2.425669403076e+02 1.709382981062e-02
2.425680694580e+02 9.120520204306e-03
2.425691986084e+02 5.929648503661e-02
2.425703277588e+02 1.053723618388e-01
2.425714569092e+02 2.072938829660e-01
2.425725860596e+02 3.923189342022e-01
2.425737152100e+02 2.876561284065e-01
2.425748443604e+02 7.462761998177e-01
2.425759735107e+02 1.165698528290e+00
2.425771026611e+02 7.420592308044e-01
2.425782318115e+02 3.104652166367e-01
2.425793609619e+02 2.056658416986e-01
2.425804901123e+02 2.214981243014e-02
2.425816192627e+02 9.475605934858e-02
2.425827484131e+02 2.487636059523e-01
2.425838775635e+02 4.366400539875e-01
2.425850067139e+02 1.073344707489e+00
2.425861358643e+02 1.979480743408e+00
2.425872650146e+02 2.679147720337e+00
2.425883941650e+02 2.909360885620e+00
2.425895233154e+02 3.007231235504e+00
2.425906524658e+02 3.165515661240e+00
2.425917816162e+02 2.998524427414e+00
2.425929107666e+02 2.122589826584e+00
2.425940399170e+02 9.625480175018e-01
2.425951538086e+02 8.406791090965e-01
2.425962829590e+02 6.455937623978e-01
2.425974121094e+02 4.540141820908e-01
2.425985412598e+02 3.700366616249e-01
2.425996704102e+02 2.781186401844e-01
2.426007995605e+02 2.350941598415e-01
2.426019287109e+02 1.956092864275e-01
2.426030578613e+02 1.859119683504e-01
2.426041870117e+02 1.951444596052e-01
2.426053161621e+02 3.175050318241e-01
2.426064453125e+02 3.409580588341e-01
2.426075744629e+02 1.778161525726e-01
2.426087036133e+02 1.304245144129e-01
2.426098327637e+02 2.563764750957e-01
2.426109619141e+02 3.036033809185e-01
2.426120910645e+02 4.399972558022e-01
2.426132202148e+02 7.384392619133e-01
2.426143493652e+02 1.139747977257e+00
2.426154785156e+02 1.184140920639e+00
2.426166076660e+02 7.338483929634e-01
2.426177368164e+02 2.984337508678e-01
2.426188659668e+02 1.430089324713e-01
2.426199951172e+02 -2.576968818903e-02
2.426211242676e+02 -1.292652934790e-01
2.426222534180e+02 -3.367229923606e-02
2.426233825684e+02 -5.192987993360e-02
2.426245117188e+02 -1.435875445604e-01
2.426256408691e+02 -9.698872268200e-02
2.426267700195e+02 -1.312782019377e-01
2.426278991699e+02 -4.303793236613e-02
2.426290283203e+02 -4.234309121966e-02
2.426301574707e+02 -1.799917668104e-01
2.426312866211e+02 1.393189430237e-01
2.426324157715e+02 1.766310632229e-01
2.426335449219e+02 3.745322823524e-01
2.426346740723e+02 6.626779437065e-01
2.426358032227e+02 7.502351403236e-01
2.426369323730e+02 3.013015985489e-01
2.426380615234e+02 1.431252360344e-01
2.426391906738e+02 4.060179367661e-02
2.426403198242e+02 1.883078068495e-01
2.426414489746e+02 5.206391811371e-01
2.426425781250e+02 8.334709405899e-01
2.426437072754e+02 8.575891256332e-01
2.426448364258e+02 4.194481670856e-01
2.426459655762e+02 4.408076405525e-02
2.426470947266e+02 -6.593629717827e-02
2.426482238770e+02 -7.086928188801e-02
2.426493530273e+02 -1.995458155870e-01
2.426504821777e+02 -2.356437891722e-01
2.426516113281e+02 -7.188058644533e-02
2.426527404785e+02 -4.497428238392e-02
2.426538696289e+02 -1.542847752571e-01
2.426549987793e+02 -2.663907110691e-01
2.426561279297e+02 -1.701478213072e-01
2.426572570801e+02 -8.487626165152e-02
2.426583862305e+02 -1.405897438526e-01
2.426595153809e+02 5.388380214572e-02
2.426606445312e+02 -1.382947247475e-02
2.426617736816e+02 -7.408685982227e-02
2.426629028320e+02 -1.162362322211e-01
2.426640319824e+02 -1.875332593918e-01
2.426651458740e+02 -1.884148567915e-01
2.426662750244e+02 -1.727493703365e-01
2.426674041748e+02 -1.435808539391e-01
2.426685333252e+02 7.327258121222e-03
2.426696624756e+02 -9.492516517639e-02
2.426707916260e+02 -5.671957507730e-02
2.426719207764e+02 -9.384514391422e-02
2.426730499268e+02 -4.431819915771e-02
2.426741790771e+02 -3.326220065355e-02
2.426753082275e+02 4.054357856512e-02
2.426764373779e+02 4.852321743965e-02
2.426775665283e+02 -7.646737247705e-02
2.426786956787e+02 -1.570451073349e-02
2.426798248291e+02 -1.315190494061e-01
2.426809539795e+02 3.537648590282e-04
2.426820831299e+02 7.745778560638e-02
2.426832122803e+02 3.482865914702e-02
2.426843414307e+02 6.703449040651e-02
2.426854705811e+02 1.553747057915e-01
2.426865997314e+02 1.351945549250e-01
2.426877288818e+02 2.188672274351e-01
2.426888580322e+02 1.450216472149e-01
2.426899871826e+02 -9.149264544249e-02
2.426911163330e+02 -9.573668241501e-02
2.426922454834e+02 -1.805223971605e-01
2.426933746338e+02 -2.393494099379e-01
2.426945037842e+02 -6.655353307724e-02
2.426956329346e+02 -6.448440998793e-02
2.426967620850e+02 -6.177581381053e-03
2.426978912354e+02 9.157960116863e-02
2.426990203857e+02 2.081851512194e-01
2.427001495361e+02 1.094145402312e-01
2.427012786865e+02 9.521710872650e-02
2.427024078369e+02 1.368087828159e-01
2.427035369873e+02 4.892937466502e-02
2.427046661377e+02 -1.349874436855e-01
2.427057952881e+02 -3.021471202374e-02
2.427069244385e+02 -4.717332497239e-02
2.427080535889e+02 -2.284981310368e-01
2.427091827393e+02 -1.499303132296e-01
2.427103118896e+02 -2.437911033630e-01
2.427114410400e+02 -1.044748947024e-01
2.427125701904e+02 -1.027385145426e-01
2.427136993408e+02 -1.380721479654e-01
2.427148284912e+02 -1.357435882092e-01
2.427159576416e+02 -2.346758544445e-02
2.427170867920e+02 1.017841398716e-01
2.427182159424e+02 2.707788944244e-01
2.427193450928e+02 5.297021865845e-01
2.427204742432e+02 8.504626154900e-01
2.427216033936e+02 5.844139456749e-01
2.427227325439e+02 3.195692300797e-01
2.427238616943e+02 1.009004712105e-01
2.427249908447e+02 4.004996269941e-02
2.427261199951e+02 3.785695135593e-02
2.427272491455e+02 5.732094869018e-02
2.427283782959e+02 -8.393645286560e-02
2.427295074463e+02 -1.435387581587e-01
2.427306365967e+02 -1.024088338017e-01
2.427317657471e+02 -1.341726630926e-01
2.427328948975e+02 -1.267926841974e-01
2.427340240479e+02 -1.237632930279e-01
2.427351531982e+02 -5.436128377914e-02
2.427362670898e+02 2.761714532971e-02
2.427373962402e+02 -7.527597714216e-03
2.427385253906e+02 -7.807512767613e-03
2.427396545410e+02 -1.093169376254e-01
2.427407836914e+02 6.775712221861e-02
2.427419128418e+02 6.795389950275e-02
2.427430419922e+02 4.898772388697e-02
2.427441711426e+02 -5.539508536458e-03
2.427453002930e+02 -1.296648979187e-01
2.427464294434e+02 -1.088747829199e-01
